,Unnamed: 0,index,ID,text,course,level,AYA_32B_vanilla,AYA_32B_avg,AYA_32B_entropy,AYA_8B_vanilla,AYA_8B_avg,AYA_8B_entropy,cefr_AYA_32B_vanilla,cefr_AYA_32B_avg,cefr_AYA_32B_entropy,noscale_AYA_32B_vanilla,noscale_AYA_32B_avg,noscale_AYA_32B_entropy,noscale_AYA_8B_vanilla,noscale_AYA_8B_avg,noscale_AYA_8B_entropy,cefr_AYA_8B_vanilla,cefr_AYA_8B_avg,cefr_AYA_8B_entropy,conf_aya_32B_vanilla,conf_aya_32B_avg,conf_aya_32B_entropy,conf_aya_32B_verbal_conf,conf_noscale_aya_32B_vanilla,conf_noscale_aya_32B_avg,conf_noscale_aya_32B_entropy,conf_noscale_aya_32B_verbal_conf,FKGL,ARI,LIX,RSRS_mBERT
0,0,47,48,"Κυριαρχία
 ενυπάρχει εις το Έθνος· πάσα εξουσία πηΚατόπιν (Ιούλιος 1824-Ιανουάριος 1825), ο Μαυροκορδάτος
 γάζει εξ αυτού, και υπάρχει υπέρ αυτού.
 και οι Υδραίοι συμμάχησαν με τον Ιωάννη Κωλέττη, που επη21. Εις την Ελληνικήν Επικράτειαν, ούτε πωλείται, ούτε αγορέαζε πολλούς οπλαρχηγούς της Στερεάς Ελλάδας, και
 ράζεται άνθρωπος. Αργυρώνητος δε ή δούλος παντός γένους
 απέκλεισαν τους Πελοποννήσιους από την εξουσία. Όταν οι
 και πάσης θρησκείας, καθώς πατήση το Ελληνικόν έδαφος,
 τελευταίοι συνασπίστηκαν, στρατεύματα από τη Στερεά λεείναι ελεύθερος και από τον δεσπότη αυτού ακαταζήτητος.
 ηλάτησαν τη βόρεια Πελοπόννησο αναγκάζοντας τους ΠεΛ. Αξελός (επιμ.), Τα ελληνικά συντάγματα, 1822-1952, Στολοποννήσιους να συνθηκολογήσουν. Οι νικητές φυλάκισαν
 χαστής, Αθήνα 1971, σ. 94, 95.
 τον Κολοκοτρώνη και τον Οδυσσέα Ανδρούτσο, που λίγο
 αργότερα δολοφονήθηκε.
 Η Γ´ Εθνοσυνέλευση Η Γ´ Εθνοσυνέλευση συγκλήθηκε το
 1826 στην Επίδαυρο, αλλά διαλύθηκε σχεδόν αμέσως, όταν έγινε γνωστή η πτώση του Μεσολογγίου. Συγκλήθηκε ξανά,
 την άνοιξη του 1827, στην Τροιζήνα, όπου και εξέλεξε Κυβερνήτη της Ελλάδος τον Ιωάννη Καποδίστρια με θητεία επτά
 ετών. Τέλος, ψήφισε το Πολιτικό Σύνταγμα της Ελλάδος, που βασιζόταν στην αρχή της διάκρισης των εξουσιών, διαπνεόταν από φιλελεύθερες ιδέες και ήταν το πιο δημοκρατικό σύνταγμα της εποχής του.
 ΑΣΚΗΣΕΙΣ – ΔΡΑΣΤΗΡΙΟΤΗΤΕΣ
 1. Αφού μελετήσετε τα συντάγματα του Αγώνα (πηγές 2 και 4), να αναζητήσετε επιδράσεις σε αυτά της ιδεολογίας
 του Διαφωτισμού (ενότητα 1, πηγές 3, 4) και της γαλλικής επανάστασης (ενότητα 3, πηγή 1).
 2. Αξιοποιώντας τις πηγές 1 και 3, καθώς και όποια άλλα στοιχεία θεωρείτε σχετικά, να γράψετε σύντομο κείμενο με
 θέμα τα αίτια του εμφύλιου πολέμου την εποχή του Αγώνα.
",history,12,8,8.396372502182231,0.0521332586170797,8,8.00523987537847,0.0097064529009991,5,4.893281288832895,0.0272859321514436,7,7.007582399239169,0.0035953219356584,5,5.169235164299607,0.1049143365605629,4,4.10836726263733,0.0334705279875409,10,9.163709072040948,0.0768921373019715,7.997198834435153,8,7.622701846516414,0.0533676074905462,7.268945751706269,2.8,14.3,47.45147995503934,0.000974512
1,1,13,14,"Ένας νεολιθικός
 είναι κατασκευασμένα από κλαριά
 οικισμός στην
 και λάσπη και στηρίζονται σε έναν
 Ελλάδα: Διμήνι.
 ξύλινο σκελετό. Στη Θεσσαλία, στη
 Αναπαράσταση της
 νεολιθικής ακρόπολης
 νότια Ελλάδα αλλά και στα νησιά
 στο Διμήνι, στην
 του Αιγαίου, στην κατασκευή των
 περιοχή του Βόλου.
 σπιτιών χρησιμοποιούνται ευρύτατα ντόπιες πέτρες.
 Η ενασχόληση με τη γεωκτηνοτροφία* είναι το κύριο χαρακτηριστικό της οικονομίας κατά τη Νεολιθική εποχή στην Ελλάδα. Τα δημητριακά και τα όσπρια αποτελούν
 τη βάση των καλλιεργειών, ενώ τα
 Η νεολιθική Ελλάδα.
 αιγοπρόβατα, τα βοοειδή και οι
 Στον χάρτη αναφέρονται
 όλοι οι νεολιθικοί
 χοίροι τη βάση της κτηνοτροφίας.
 οικισμοί που έχουν
 Κατά την περίοδο αυτή κατασκευανασκαφεί. Σε ποια
 άζονται και χρηστικά αντικείμενα
 ελληνική περιοχή
 παρατηρείς τη
 οικιακής χρήσης, κεραμικά, λίθινα
",history,10,7,7.070649232319937,0.0287801989891747,8,7.9803584676001265,0.0084714339323269,3,2.997528679815332,0.001391772634964,7,6.985154197890644,0.0059972366183136,5,4.999951707490254,0.0944147775214993,3,3.0232639746682253,0.0089699680129096,8,7.925984450404655,0.0216691319150187,7.006688947318253,7,6.999239618536116,0.0005985253730544,7.995780169701902,1.9,14.0,45.48590381426202,0.000924
2,2,173,174,"Μανολιό μου,
 Σε λίγες μέρες θα ξημερώσει 14
 του Αυγούστου. Μεγάλη μέρα γιατί την επομένη θα γιορτάζει η Χάρη
 Της. Θα φορέσω την καλή μου φορεσιά και τα καινούρια μου στιβάνια για
 να πάω να παίξω λύρα στο πανηγύρι. Σου αγόρασα και σένα μια φορεσιά και σε περιμένω για να πάμε μαζί.
 Θα μαζωχτεί πολύς κόσμος, ντόπιοι και ξένοι, στην πλατεία του χωριού μας στα Μεσκλά. Θα φάμε, θα
 πιούμε και θα χορέψουμε. Πάνω
 στους πάγκους θα μας περιμένουν
 πολλές κρητικές νοστιμιές: παξιμάδια, καλιτσούνια, πιλάφι, γραβιέρες, μυτζήθρες, ρίφια, και πολλή τσικουδιά. Θα φάμε να πάρουμε
 δύναμη, γιατί μετά έχει και χορό.
 Θα δεις τις κοπελιές, τις λυγερόκορμες και τους λεβεντονιούς να
 χορεύουν πεντοζάλη, συρτό, καστρινό και σούστα. Και θ’ ακούσεις
 μαντινάδες, πολλές μαντινάδες να
 μιλούν για τη θάλασσα, το νησί, τη
 λεβεντιά, τον έρωτα.
",history,4,5,5.037540365021442,0.0131289827108544,4,4.070715871581342,0.0142797192584443,2,2.0600828390354606,0.018249606165902,4,4.07569149410665,0.0229921056658196,4,4.401507645030506,0.0952353378191165,2,2.004043110882151,0.0021506458825119,6,5.777364747662432,0.0431011027775944,7.798184883053636,4,4.481976865052275,0.0674307424057536,7.042041530978054,1.4,9.3,38.96097561,0.000932173
3,3,87,88,"Ματιά στο παρελθόν
 Η πρώτη αναγνώριση της «ανεξαρτησίας του ελληνικού έθνους» ήρθε από το Τάγμα των Ιωαννιτών ιπποτών.
 Ωστόσο, για διάφορους λόγους, η σχετική συνθήκη δεν υπογράφηκε τελικά από την επαναστατική ελληνική
 Κυβέρνηση κι έτσι η αναγνώριση παρέμεινε χωρίς ουσιαστικό αντίκρισμα.
 Στις 4 Δεκεμβρίου του 1822, με διάγγελμά του, ο Πρόεδρος των Ηνωμένων Πολιτειών της Αμερικής Τζέιμς
 Μονρόε εξέφρασε τη συγκίνησή του για τον αγώνα των επαναστατημένων Ελλήνων καθώς και την ελπίδα
 του πως αυτοί θα κέρδιζαν σύντομα την ελευθερία τους. Παρά την έκφραση
 συμπάθειας όμως, οι ΗΠΑ ενημέρωσαν την ελληνική επαναστατική Κυβέρ­
 νηση, τον Αύγουστο του 1823, πως είχαν επιλέξει την ουδετερότητα στην
 ελληνοτουρκική σύγκρουση και κατά συνέπεια, δεν ήταν διατεθειμένες να
 παράσχουν οποιαδήποτε ένοπλη βοήθεια.
",history,6,7,7.006538577176659,0.0060828999141588,7,6.725748707838463,0.0503901351723707,4,3.993308799823467,0.0032286213088858,5,5.2612392316821115,0.0602962674701478,4,3.8873729783827002,0.0544691147758979,3,3.004607847327051,0.0023629093082714,6,6.474253844383355,0.0572087272280589,7.946595979775594,7,6.838120710450141,0.035430853220355,7.992273688971181,7.6,20.7,67.10114503816794,0.001405752
4,4,133,134,"πολέμου. Σε αυτό συνέβαλε και η ίδρυση στη Μόσχα
 3. Διάταγμα για την κατάργηση των τάξεων
 το 1919 της Γ´ Διεθνούς ή Κομμουνιστικής Διεθνούς ή
 και των πολιτικών διακρίσεων (1917)
 Κομιντέρν, μιας διεθνούς οργάνωσης στην οποία
 1. Όλες οι τάξεις κι οι ταξικές διαιρέσεις των πολιτών, τα ταξικά
 εντάχθηκαν όλα τα κομμουνιστικά κόμματα με σκοπρονόμια κι οι περιορισμοί [...] καθώς επίσης κι όλες οι πολιτικές
 πό την αποτελεσματικότερη οργάνωση της δράσης
 διακρίσεις καταργούνται.
 τους. Στη Γερμανία, μετά από εξεγέρσεις (1918-1919)
 2. Όλες οι ονομασίες (ευγενής, έμπορος, μικροαστός, αγρότης
 που οδήγησαν στην κατάργηση της μοναρχίας, οι
 κ.λπ. οι τίτλοι, πρίγκιπας, κόμης κ.λπ.) και οι ονομασίες των πολισπαρτακιστές, ριζοσπάστες σοσιαλιστές, οργάνωτικών διακρίσεων καταργούνται και καθιερώνεται μια γενική για
 σαν επανάσταση (Οκτώβριος 1918), αλλά τελικά ηττήόλο τον πληθυσμό της Ρωσίας ονομασία: πολίτης της Ρωσικής Δηθηκαν. Στην Ουγγαρία εκδηλώθηκε επανάσταση
 μοκρατίας.
 (1919) και επικράτησε για λίγο σοβιετικό καθεστώς,
 3. Η περιουσία των ταξικών ιδρυμάτων των ευγενών μπαίνει αμέπου, όμως, ανατράπηκε.
 σως στη διάθεση των αντίστοιχων αγροτικών σοβιέτ. [...]
 Στις νικήτριες χώρες της Αντάντ (Βρετανία, ΓαλΟ Πρόεδρος του Συμβουλίου των Επιτρόπων του Λαού,
 λία, Ιταλία) εκδηλώθηκαν μεγάλες απεργίες. Τότε
 Β. Ουλιάνοφ (Λένιν).
 Τζ. Ριντ, Δέκα μέρες που συγκλόνισαν τον κόσμο, Σύγχρονη Εποχή,
 άρχισαν να δημιουργούνται στην Ευρώπη τα πρώΑθήνα 1985, σ. 437.
 τα κομμουνιστικά κόμματα. Τα κόμματα αυτά εμπνέονταν από την οκτωβριανή επανάσταση και μάχονταν για την αναμόρφωση της κοινωνίας όχι μέσα από μεταρρυθμίσεις αλλά με επανάσταση. Ένα από αυτά ήταν
 και το Σοσιαλιστικό Εργατικό Κόμμα Ελλάδας (ΣΕΚΕ), που ιδρύθηκε το 1918 και μετονομάστηκε αργότερα σε Κομμουνιστικό Κόμμα Ελλάδας.
 ΓΙΑ ΜΙΑ ΑΛΛΗ ΜΑΤΙΑ ΣΤΟ ΠΑΡΕΛΘΟΝ…
",history,12,8,8.032981749417104,0.0113746303850573,8,7.967345776563651,0.011961058221241,4,4.001664303923462,0.0010395226561725,7,7.000001977590152,3.0551185717970346e-05,6,5.779609242349011,0.0483101452950203,4,3.9635786561491386,0.0133537505917897,8,8.017250767707537,0.0067640062199002,7.008569844754675,7,7.000898494953404,0.0005969960078862,7.99896587904081,1.8,14.0,45.95758496822327,0.000840505
5,5,91,92,"2. Σχολείο στην αρχαία
 Αθήνα. Ο κιθαριστής και
 ο γραμματιστής κάνουν
 μάθημα. Στην άκρη
 δεξιά κάθεται ο
 παιδαγωγός. Απεικόνιση
 από ερυθρόμορφο
 αγγείο του 5ου αιώνα
 π.Χ. (Αρχαιολογικό
 Μουσείο του Βερολίνου)
",history,4,5,4.980470128590241,0.0452396829078854,4,3.9894207790538303,0.0044188318487788,2,1.9988547735938482,0.000750545070996,4,3.9935617307173743,0.0034646593535603,3,2.940099549239676,0.0276625926665087,3,2.9046528187782314,0.0252773504910381,3,3.5137640541943256,0.0689211250844894,7.994780257648472,4,3.9658713423996232,0.0221414293751052,7.047372863678902,-1.5,9.0,32.64912280701754,0.000569205
6,6,31,32,"ΕΝΟΤΗΤΑ 6
 Τα επαναστατικά κινήματα των ετών 1820-1821 στην Ευρώπη
 Οι ευρωπαϊκοί λαοί αμφισβήτησαν από νωρίς τις αποφάσεις του συνεδρίου της Βιέννης (1815) διατυπώνοντας πολιτικές και εθνικές διεκδικήσεις.
 Πολιτικές διεκδικήσεις Σε πολιτικό επίπεδο προβάλλονταν τα αιτήματα της παραχώρησης συντάγματος, της θέσπισης κοινοβουλευτικών θεσμών, της αναγνώρισης ατομικών ελευθεριών και πολιτικών δικαιωμάτων. Στη βάση αυτή
 μορφοποιήθηκαν τρία κύρια πολιτικά ρεύματα, που αμφισβητούσαν τις αποφάσεις των ηγεμόνων της Ευρώπης, το
 καθένα από τη δική του σκοπιά και με τον δικό του τρόπο.
 Οι μετριοπαθείς φιλελεύθεροι επιδίωκαν την καθιέρωση συνταγματικών μοναρχιών στις οποίες εκλογικό δικαίωμα
 θα είχαν μόνο όσοι διέθεταν κάποια περιουσία, όπως συνέβαινε στην Αγγλία.
 Οι ριζοσπάστες δημοκρατικοί προσδοκούσαν την εγκαθίδρυση αβασίλευτων δημοκρατιών που θα αναγνώριζαν πολιτικά δικαιώματα σε όλους ανεξαιρέτως τους ενήλικους άνδρες και θα προστάτευαν τις αδύναμες κοινωνικές ομάδες.
 Οι σοσιαλιστές, που εμφανίστηκαν μετά το 1850, θεωρούσαν ότι η καταλληλότερη μορφή πολιτικής οργάνωσης θα
 ήταν ένα καθεστώς οικονομικής και κοινωνικής ισότητας.
 Εθνικές διεκδικήσεις και η αρχή των εθνοτήτων Οι εθνικές διεκδικήσεις προέκυψαν ως αποτέλεσμα της σταδιακής
 συνειδητοποίησης των εθνών (βλέπε γλωσσάριο). Στην Ευρώπη του 1815, πληθυσμοί που θεωρούσαν τους εαυτούς τους
 έθνη δεν διέθεταν κράτη, είτε γιατί ζούσαν σε μεγάλες πολυεθνικές
 αυτοκρατορίες (κυρίως στην Αυστριακή και στην Οθωμανική) είτε
 1. Δύο διαφορετικές αντιλήψεις για το έθνος
 γιατί ζούσαν διάσπαρτοι σε διάφορα κράτη (γερμανικό, ιταλικό και
 α. «Στο έθνος ανήκουν όλοι όσοι αισθάπολωνικό έθνος).
 νονται ότι ανήκουν σε αυτό»
 Το έθνος είναι η συνένωση όλων των ανθρώπων,
 Η επιδίωξη συγκέντρωσης όλων των ομοεθνών σε ένα κράτος
 όσων ζουν μαζί, είτε λόγω γλώσσας είτε λόγω οριγέννησε την αρχή των εθνοτήτων : σύμφωνα με αυτή, πληθυσμοί
 σμένων γεωγραφικών παραγόντων, είτε λόγω του
 που ανήκουν στο ίδιο έθνος έχουν το δικαίωμα να ιδρύσουν ενιαίο
 ρόλου που τους όρισε η ιστορία, και αναγνωρίζουν
 κράτος και πληθυσμοί έθνους διαφορετικού από εκείνο που αποτην ίδια αρχή και βαδίζουν για την επίτευξη ενός
",history,12,8,7.807814492578757,0.042693809338845,7,7.043366370825243,0.0173102427747271,4,3.9999899405561337,1.951342152249522e-05,7,6.9621324379857015,0.012996648480538,5,5.1553427378893275,0.0719775585498557,3,3.003587610088289,0.0019148808118888,8,7.158328688733189,0.0866660167381358,7.182420788756417,7,6.997119724606364,0.0015867674978706,7.99477561630556,6.9,21.0,65.60410557,0.001394939
7,7,269,270,"Το σύμπλεγμα του
 Λαοκόοντα (1ος αιώνας
 μ.Χ.). Το διάσημο αυτό
 έργο που επηρέασε
 μεγάλους καλλιτέχνες
 του ευρωπαϊκού
 μπαρόκ είχε στηθεί σε
 συγκρότημα κτιρίων
 που αποτελούσαν την
 κατοικία του αυτοκράτορα
 Τίτου στη Ρώμη. Ο
 ιερέας του Απόλλωνα
 στην Τροία, Λαοκόων,
 τιμωρείται από τους θεούς
 διότι συμβούλεψε τους
 Τρώες να μη δεχθούν
 τον Δούρειο Ίππο: ένα
 τεράστιο φίδι αγκαλιάζει
 θανάσιμα τον Λαοκόοντα
 και τους γιους του.
",history,10,7,7.49973342814998,0.0558083144034628,6,5.844632058904608,0.0862123622839479,3,3.2018151596161033,0.040386556672517,5,5.64177816370011,0.0865196392268679,4,3.9994234353653155,0.0476274140084053,3,3.0140677172739743,0.0059695281815622,7,7.376438938156397,0.0537407739377535,7.997196140150663,7,6.965850238963384,0.0119994630527117,7.99589153154011,4.5,15.4,48.229729729729726,0.00120644
8,8,20,21,"2. Βιαιότητες σε βάρος Χριστιανών
 «… Και ο μπέης τους δέχτηκε με τιμές και χαρά ψεύτικη και αφού του εξήγησαν ότι παρασύρθηκαν
 από τους Φράγκους και πήρανε τα άρματα αλλά δεν έκαναν κανένα κακό, ο μπέης τους συγχώρεσε και
 τους συμβούλευσε να είναι πάντα φρόνιμοι και να κοιτάζουν τη δουλειά τους και το πρωί μόλις χαράξει
 να φύγουν. Μάθετε λοιπόν τον τρομερό δόλο που τους έκαμε ο μπέης και τον μαρτυρικό τους θάνατο.
 Το βράδυ διέταξε και τους έπιασαν έναν-έναν και τους αλυσόδεσαν και τους έβαλαν σε ένα σκοτεινό
 μπουντρούμι και εκεί με τα σπαθιά τους έσφαξαν όλους, και τους ογδόντα, χωρίς να λείπει κανένας και
 ένας μονάχα από το χωριό Βουνοχώρα, που τον έλεγαν Δημήτρη Λυκοθανάση, επειδή ήταν ανδρειωμένος άνθρωπος, έσπασε τα σίδερα και αρπάζοντας το σπαθί ενός δημίου έσφαξε δυο Τούρκους και τον
 φρουρό της πύλης και τρέχοντας σαν ελάφι, γλύτωσε από το μακελειό· και ύστερα από πέντε ημέρες
 αφού έφτασε στο χωριό του πέθανε. Εκτελέστηκαν λοιπόν με χίλια βασανιστήρια οι άλλοι ογδόντα, οι πρώτοι άρχοντες και τα ανδρειότερα παλικάρια, με δόλο μεγάλο· μάθετε· είκοσι δύο
 Γαλαξιδιώτες· τρεις Βουνοχωρίτες· δύο Πεντεορίτες· τρεις Αγιαθυμιώτες· δέκα Βιτρινιτζώτες·
 τρεις Κισσελίτες· δύο Βιδαβίτες· είκοσι Λοιδορικιώτες· και δεκατέσσερις Σαλονίταις· όλοι για
 την πατρίδα και τη θρησκεία, συγχωρεμένοι από όλες τις αμαρτίες!».
 Ευθυμίου Ιερομονάχου, Χρονικό του Γαλαξειδίου, επιμέλεια Ηλίας Αναγνωστάκης, Αθήνα 1985, σσ.
 51-53.
 (Απόδοση στα νέα ελληνικά)
",history,6,8,7.995409552643835,0.002386440419375,8,7.998602263285676,0.0065591533291555,4,3.9770272865049208,0.0087910125069632,7,6.981167749255573,0.0075352385358963,6,5.748243337671738,0.0968432695560967,3,3.001269110910357,0.0008631032661321,8,7.999524718818037,0.0004521926594458,7.001491874552812,7,6.993130088264593,0.0033196681017489,7.996361754383543,10.7,23.1,56.14386792,0.00114745
9,9,128,129,"στηκε Εθνικός Διχασμός, αποτυπώθηκε γεωγραφικά στη διάσπαση σε «κράτος των Αθηνών» υπό τον Κωνσταντίνο και «κράτος της Θεσσαλονίκης» υπό τον Βενιζέλο και υπήρξε, ουσιαστικά, η πρώτη εμφύλια σύγκρουση στην Ελλάδα του 20ού αιώνα.
 Η δυναμική επέμβαση της Αντάντ και η έξωση του Κωνσταντίνου Σε αυτό το πλαίσιο, η Αντάντ επιδίωξε να καταλάβει
 την Αθήνα, αλλά τα συμμαχικά στρατεύματα που κινήθηκαν από τον Πειραιά προς την πρωτεύουσα αποκρούστηκαν από δυνάμεις πιστές στον βασιλιά. Τον Νοέμβριο του 1916, το «κράτος των Αθηνών» εξαπέλυσε διώξεις σε βάρος βενιζελικών με τουλάχιστον 35 νεκρούς (Νοεμβριανά). Παράλληλα, η Αντάντ κατέλαβε τον Πειραιά, επιβάλλοντας αυστηρό αποκλεισμό στη «βασιλική» Ελλάδα, και αξίωσε την απομάκρυνση του Κωνσταντίνου, ο οποίος εξαναγκάστηκε να εγκαταλείψει τη χώρα (2/15 Ιουνίου 1917). Στον θρόνο άφησε τον γιο του Αλέξανδρο, δίχως, ωστόσο, ο ίδιος να παραιτηθεί.
 Η ανάληψη της εξουσίας από τον Βενιζέλο Ο Βενιζέλος ήρθε στην Αθήνα, σχημάτισε νέα κυβέρνηση και κήρυξε τον
 πόλεμο στις Κεντρικές Δυνάμεις. Ελληνικά στρατεύματα πήραν μέρος, στο πλευρό των δυνάμεων της Αντάντ, στις τελευταίες μάχες που έγιναν στη Μακεδονία (1918). Επιπλέον, ο Βενιζέλος επανέφερε τη Βουλή που είχε εκλεγεί τον Μάιο
 του 1915, η οποία λόγω της «νεκρανάστασής» της ονομάστηκε Βουλή των Λαζάρων. Παράλληλα, απολύθηκαν χιλιάδες δημόσιοι υπάλληλοι και στρατιωτικοί που θεωρήθηκαν φιλοβασιλικοί. Κάποιοι άλλοι εκτοπίστηκαν και ανάμεσα σε αυτούς
 αρκετά στελέχη της βασιλικής παράταξης που εξορίστηκαν σ’ ένα γαλλικό νησί, την Κορσική.
 ΑΣΚΗΣΕΙΣ – ΔΡΑΣΤΗΡΙΟΤΗΤΕΣ
 1. Ποια επιχειρήματα χρησιμοποίησε ο Ελευθέριος Βενιζέλος (πηγή 1) προκειμένου να πείσει τον Κωνσταντίνο για
 την ανάγκη συμμαχίας της Ελλάδας με την Αντάντ;
 2. Ποιοι παράγοντες έκαναν τον Κωνσταντίνο να επιλέξει και να υποστηρίξει την πολιτική της ουδετερότητας. Πριν
 απαντήσετε, να μελετήσετε την πηγή 2.
 3. Να μελετήσετε τις εικόνες της ενότητας. Κατά μία άποψη ο Διχασμός ήταν απλώς σύγκρουση δύο ηγετών που
 δεν ήθελαν να υποχωρήσουν για λόγους κύρους. Αποδέχεστε αυτή την ερμηνεία; Να τεκμηριώσετε τη θέση σας.
 ΝΕΟΤΕΡΗ ΚΑΙ ΣΥΓΧΡΟΝΗ ΙΣΤΟΡΙΑ
",history,12,8,7.999241422909591,0.0007126274047228,7,7.015110128826741,0.010515703547124,4,4.001492724931268,0.0009123898903147,7,6.999792891798641,0.0001607225968179,4,4.281990129272799,0.0721198819851298,3,3.222715220493569,0.0425941901137446,8,7.999237680533213,0.0007145458513984,7.268938881410264,7,7.000022368825142,7.098546240537107e-05,7.999446496230803,2.9,14.5,50.014224751066855,0.001004082
10,10,151,152,"σης της αγροτικής παραγωγής, η επαναστατιΓ. Μαυρογορδάτος, «Μεταξύ δύο πολέμων, πολιτική ιστορία 1922-1940», Ιστορία
 κή κυβέρνηση άρχισε αμέσως την απαλλοτρίωτου νέου ελληνισμού, Ελληνικά Γράμματα, Αθήνα 2003, τόμ. 7ος, σ. 10.
 ση και διανομή γαιών σε πρόσφυγες και γηγενείς ακτήμονες (Φεβρουάριος 1923). Αυτή την
 εποχή μοιράστηκαν αγροτικοί κλήροι σε πλήθος αγροτών. Παράλληλα, τα εργατικά αιτήματα για αυξήσεις των αποδοχών
 οδήγησαν, το καλοκαίρι του 1923, στο μεγαλύτερο κύμα απεργιών που είχε γνωρίσει η Ελλάδα από την ίδρυση της. Σημαντικό μέτρο της επαναστατικής κυβέρνησης υπήρξε και η υιοθέτηση από την Ελλάδα του γρηγοριανού ημερολογίου,
 που ίσχυε στις περισσότερες ευρωπαϊκές χώρες. Έτσι, από τις 16 Φεβρουαρίου 1923 (παλαιό ημερολόγιο) η Ελλάδα βρέθηκε στην 1η Μαρτίου 1923 (νέο ημερολόγιο). Το ημερολόγιο αυτό ισχύει σήμερα.
 Η επαναστατική κυβέρνηση, αφού αντιμετώπισε με επιτυχία μια προσπάθεια ανατροπής της (Οκτώβριος 1923),
 αποφάσισε να παραδώσει την εξουσία. Στις εκλογές του Δεκεμβρίου του 1923 τα φιλοβασιλικά κόμματα απείχαν.
 Έτσι, στη Βουλή εκπροσωπήθηκαν μόνο το κόμμα των Φιλελευθέρων του Ελ. Βενιζέλου (250 βουλευτές) και η Δημοκρατική Ένωση του Αλ. Παπαναστασίου (120 βουλευτές). Ο Γεώργιος Β´ εξαναγκάστηκε να φύγει στο εξωτερικό.
 Προσωρινός αντιβασιλέας ορίστηκε ο ναύαρχος Παύλος Κουντουριώτης.
 Κοινωνικές και πολιτικές εξελίξεις στην Τουρκία Μετά τον μικρασιατικό πόλεμο, ο Μουσταφά Κεμάλ, ο οποίος
",history,12,8,8.012386321028941,0.0055438382362221,8,7.893231259818663,0.027475569094627,4,4.00026866839471,0.0002423878137436,7,6.999973580002795,0.0001452370125934,4,4.226919274194188,0.0579638479424554,4,3.8670659835817105,0.031501694938813,8,8.001770449957803,0.0012536746884306,7.005217695350439,,,0.0298219122434128,,1.1,13.7,47.03562222,0.000870318
11,11,83,84,"ΕΝΟΤΗΤΑ 19
 Από την 3η Σεπτεμβρίου 1843 έως την έξωση του Όθωνα (1862)
 Η καθιέρωση της συνταγματικής μοναρχίας Η Εθνοσυνέλευση που συγκλήθηκε ύστερα από το κίνημα του 1843 ψήφισε
 λίγο μετά, το 1844, σύνταγμα με το οποίο θεσπίστηκε το πολίτευμα της συνταγματικής μοναρχίας. Τη νομοθετική εξουσία
 ασκούσαν από κοινού ο βασιλιάς, η Γερουσία (τα μέλη της διορίζονταν από τον βασιλιά και ήταν ισόβια) και η Βουλή (τα
 μέλη της εκλέγονταν από τον λαό). Η εκτελεστική εξουσία ασκούνταν από τον βασιλιά μέσω υπουργών που ο ίδιος διόριζε και έπαυε, χωρίς την έγκριση της Βουλής. Οι δικαστές (δικαστική εξουσία) διορίζονταν και παύονταν από τον βασιλιά.
 Πάντως, το σύνταγμα του 1844 διέθετε και ορισμένα φιλελεύθερα στοιχεία (άρθρα για τις ατομικές ελευθερίες).
 Η διαμάχη αυτοχθόνων-ετεροχθόνων Στη διάρκεια της Εθνοσυνέλευσης εκφράστηκε με ένταση η αντίθεση μεταξύ
 αυτοχθόνων (Ελλήνων γεννημένων σε περιοχές που εντάχθηκαν στο ελληνικό κράτος) και ετεροχθόνων (Ελλήνων γεννημένων σε περιοχές που βρίσκονταν έξω από τα σύνορα του ελληνικού κράτους). Οι αυτόχθονες διαμαρτύρονταν επειδή
 οι ετερόχθονες είχαν καταλάβει, χάρη στη μόρφωση που συνήθως διέθεταν, πολλές από τις θέσεις της δημόσιας διοίκησης, πράγμα που κατά τη γνώμη των πρώτων δεν ήταν δίκαιο. Μετά από έντονες πιέσεις των αυτοχθόνων, που αποτελούσαν και την πλειοψηφία της Εθνοσυνέλευσης, αποφασίστηκε οι ετερόχθονες, δίχως να χάσουν το δικαίωμα του Έλληνα πολίτη, να μην επιτρέπεται να διοριστούν σε θέσεις της διοίκησης (δεν αποκλείονταν από την εκπαίδευση και τον
 στρατό). Επίσης, ετερόχθονες μπορούσαν να εκλεγούν βουλευτές μόνο σε οικισμούς ετεροχθόνων, εάν αυτοί διέθεταν
 ορισμένο αριθμό κατοίκων.
 Η λειτουργία του πολιτεύματος Η καθιέρωση των κοινοβουλευτικών θεσμών αποτέλεσε,
 αναμφισβήτητα, μια θετική εξέλιξη. Οι υπερεξουσίες του βασιλιά, ωστόσο, νόθευαν τον δημοκρατικό χαρακτήρα του πολιτεύματος. Παράλληλα, τα κόμματα συνέχιζαν να αναπτύσσουν δράση, δίχως, όμως, να είναι επίσημα
 αναγνωρισμένα. Στις εκλογές που ακολούθησαν (1844), χρησιμοποιήθηκαν αθέμιτα μέσα
 (καλπονοθεία, εκβιασμοί, χρηματισμοί) για να
 1. Οι πρώτες εκλογές στην Αθήνα του 1844.
 επηρεαστούν οι ψηφοφόροι.
 Τέτοιες πρακτικές εφάρμοσε κυρίως το
 γαλλικό κόμμα και ο ηγέτης του, ο Ιωάννης Κωλέττης, που αναδείχτηκε και νικητής των εκλογών. Κατά την πρωθυπουργία του (1844-1847), συνεργάστηκε με τον Όθωνα, παραβίασε κατ’ επανάληψη το σύνταγμα, αγνόησε τη Βουλή και χρησιμοποίησε κρατικούς πόρους για την εξυπηρέτηση ψηφοφόρων του.
 Μεγάλη Ιδέα και αλυτρωτισμός Αυτή την εποχή, στη βάση του ότι η Ελλάδα ήταν φτωχή και οι περισσότεροι Έλληνες
 ζούσαν έξω από τα σύνορα του ελληνικού κράτους, διατυπώθηκε η θέση ότι, για να αναπτυχθεί η χώρα, θα έπρεπε πρώτα
 να διευρυνθούν τα ελληνικά σύνορα ώστε να περιλάβουν περιοχές με ελληνικούς πληθυσμούς που βρίσκονταν υπό ξένη
 ―κυρίως οθωμανική― κυριαρχία. Αν και η ιδέα κυκλοφορούσε σχεδόν από την ίδρυση του ελληνικού κράτους, ο Κωλέττης
 ήταν εκείνος που αναφερόμενος σε αυτή χρησιμοποίησε για πρώτη φορά τον όρο Μεγάλη Ιδέα (ιδέα για την οποία αξίζει
 να αγωνιστεί όλο το έθνος) σε ομιλία του στην Εθνοσυνέλευση το 1844.
",history,12,8,7.573689678349154,0.0670456051863377,7,6.789141640780372,0.0465660310666858,4,3.9579125298979534,0.0140154014011958,5,5.884870140266344,0.079883834784083,4,4.442334249574742,0.0806735659158486,3,3.5000523540020367,0.0556958389232037,6,6.841741698670475,0.0797193120519264,7.867033072298057,7,6.9519040245431825,0.0148785534287201,7.994772853232462,5.5,17.8,59.17080806,0.001299829
12,12,209,210,"2. Χο Τσι Μινχ
 (1890-1969): Χαρακτηριστική περίπτωση
 ηγέτη αντιαποικιακού
 κινήματος, ο Χο Τσι
 Μινχ σπούδασε στη
 Γαλλία, μυήθηκε εκεί
 στον κομμουνισμό και
 έγινε ο ηγέτης του
 αγώνα των Βιετναμέζων τόσο εναντίον
 της Γαλλίας όσο και
 εναντίον των ΗΠΑ.
",history,12,7,7.177373702386831,0.0402027782759882,4,4.018450648531143,0.0059916138015795,3,3.000008311779311,1.7919934328973672e-05,5,5.2365054277506715,0.0890682314678852,3,3.442660430605514,0.0569255737125403,3,2.998831020935241,0.0007286149340069,6,6.2723191820279,0.0514881866810192,7.9046503717750625,7,6.374417296363845,0.0805609133389994,7.999766884062382,11.0,23.5,46.91304347826088,0.000785176
13,13,110,111,"η λοξή
 φάλαγγα: η
 ενισχυμένη
 δύναμη μιας
 παράταξης
 που κάνει
 επίθεση στην
 άλλη με σκοπό
 να τη
 διασπάσει.
 η Μαντίνεια:
 αρχαία πόλη
 της Αρκαδίας.
",history,4,8,7.741122593236952,0.0480997258276747,4,4.000400650951633,0.0005889997004722,2,2.0030494603493296,0.0018187499708029,7,7.000084365729407,0.0001320381095611,3,3.3750497287719554,0.0587496494444795,3,2.997546244332625,0.0014081989419905,8,7.79544275035467,0.0412524872019473,7.268943879480503,7,7.000242069059851,0.0004954339180204,7.997127016591634,0.9,8.1,39.0,0.000756297
14,14,120,121,"Ματιά στο παρελθόν
 Τα δικαιώματα των γυναικών
 Το κίνημα για τα δικαιώματα των γυναικών έχει τις ρίζες του στον 19ο
 αιώνα. Οι σουφραζέτες, όπως ονομάστηκαν οι γυναίκες που διεκδικούσαν δυναμικά το δικαίωμα να ψηφίζουν, δραστηριοποιήθηκαν σε
 πολλές ευρωπαϊκές χώρες, ιδιαίτερα όμως στη Βρετανία. Η δράση
 τους κορυφώθηκε το 1912 αλλά συνεχίστηκε και τα επόμενα χρόνια.
 Μετά την απόφαση των σουφραζετών κατά τον Α΄ Παγκόσμιο Πόλεμο να αναστείλουν προσωρινά τον αγώνα τους για χάρη της εθνικής
 ενότητας, η βρετανική Κυβέρνηση το 1918 παραχώρησε τελικά το δικαίωμα ψήφου σε όλες τις γυναίκες που
 είχαν συμπληρώσει το 30ό έτος της ηλικίας τους. Ήταν η ευτυχής κατάληξη ενός συνεπούς και δίκαιου αγώνα.
 Στην Ελλάδα το ζήτημα της ψήφου όλων των γυναικών λύθηκε με το Σύνταγμα του 1952.
",history,6,6,6.008638358936878,0.0040433206666512,6,5.99374110424003,0.0029399574568998,3,3.000073251767617,6.495180570130259e-05,4,4.149353757605468,0.0344157690709478,3,2.9911891681083986,0.014538464556099,3,2.9998936552328814,9.14094557175146e-05,6,6.000301835922073,0.0002238122847869,7.992421654276711,5,5.006013351548972,0.042067337331134,7.025814974214882,4.2,13.9,51.48997493734336,0.001047157
15,15,174,175,"Σήμερα ξεκινήσαμε πολύ πρωί με τον ξάδελφό μου τον Θωμά να γνωρίσουμε το Ρέθυμνο. Ο Θωμάς ζει στη Γερμανία και έρχεται για πρώτη φορά
 στην Κρήτη. Είμαι πολύ ενθουσιασμένος. Θέλω να του δείξω όλα τα όμορφα μέρη της πόλης μου, μα πιο πολύ το αγαπημένο μου, τη Φορτέτσα.
 Χθες φτιάξαμε κι έναν χάρτη της πόλης για να σημειώσουμε τη διαδρομή που θα ακολουθήσουμε καθώς και τα σημαντικότερα αξιοθέατα.
 Ξεκινήσαμε τη βόλτα μας από την περιφερειακή λεωφόρο και φτάσαμε
 στην πλατεία Ηρώων Πολυτεχνείου, όπου βρίσκεται και το κτίριο της Νομαρχίας. Από κει διασχίζοντας τα στενά δρομάκια της παλιάς πόλης, που
 ήταν γεμάτη από τουρίστες, καταλήξαμε στο κάστρο, απ’ όπου φαίνεται
 από τη μια μεριά το πέλαγος κι από την άλλη η εξοχή με τους κήπους.
 Η Φορτέτσα χτίστηκε την εποχή των Βενετών και ήταν το οχυρό της πόλης. Έχει περίμετρο 1307 μέτρα και γύρω γύρω σκοπιές  που μαρτυρούν
 τις μάχες του παρελθόντος. Μέσα στα τείχη υπήρχαν η κατοικία του Βενετού διοικητή και της φρουράς, αποθηκευτικοί χώροι και ο ναός του Αγίου Νικολάου που στην Τουρκοκρατία μετατράπηκε σε τζαμί. Ανάμεσα στα
 ερείπια ανακαλύψαμε ότι πολύ λίγα κτίρια έχουν σωθεί σήμερα.   
 Περάσαμε τη μέρα μας εξερευνώντας το κάστρο, και παίζοντας τους μικρούς πολεμιστές ταξιδέψαμε στο παρελθόν. Νιώσαμε κι εμείς πως είμα-
",history,4,6,5.998425106846923,0.0011077622800737,5,5.122964134076028,0.088834463969019,3,2.9241418418537535,0.0215648315962678,4,4.075760431837011,0.0219228634646173,4,3.8550492158606176,0.0484924590548854,3,2.97703027125317,0.0087939465666848,6,5.999217627666781,0.0005461738859676,7.99592918198357,4,4.296481188033795,0.0497767300211688,7.245063165290048,2.4,10.6,42.01165501165501,0.000972556
16,16,30,31,"Η Μικρά Ασία, κατά τη 2η χιλιετία π.Χ.,
 γίνεται η έδρα ενός λαού ινδοευρωπαϊκής
 καταγωγής, των Χετταίων. Στην αρχή
 ήταν ανοργάνωτοι και χωρισμένοι σε
 αλληλομαχόμενες φυλές, αργότερα όμως
 ενώθηκαν και ίδρυσαν ένα ισχυρότατο
 κράτος με πρωτεύουσα τη Χαττούσα.
 Οι Χετταίοι είχαν γραφή, ενώ πινακίδες
 που βρέθηκαν στη Χαττούσα μας δίνουν
 ένα πλήθος ιστορικών πληροφοριών. Η
 μεγάλη ακμή του κράτους των Χετταίων
 σημειώνεται στα μέσα της 2ης χιλιετίας,
 οπότε έχουν υπό την εξουσία τους σχεδόν
",history,10,7,6.989314601363788,0.0091108746754633,6,5.848492958933093,0.0358997403744844,3,3.2018140400337813,0.040385498879371,7,6.990964446702094,0.0036305318489167,4,3.646924548103925,0.0596879263241425,3,3.000428653752401,0.0003048677225542,6,6.249847930274086,0.0461061207951142,7.984091770204941,7,6.998105998593019,0.0010895969413714,7.995857637179142,2.0,12.2,46.41176470588235,0.001090026
17,17,213,214,"1. Να περιγράψετε το καθένα
 ξεχωριστά και στη συνέχεια
 να συγκρίνετε το Ερέχθειο με
 τον Παρθενώνα.
 2. Να περιγράψετε σύγχρονες
 θρησκευτικές πομπές (λιτανείες) και να τις συγκρίνετε με
 την παράσταση της πομπής
 των Παναθηναίων στη ζωφόρο του Παρθενώνα.
 3. Ποια είναι τα λεγόμενα «ελγίνεια μάρμαρα» και γιατί
 ονομάστηκαν έτσι;
 4. Τι σημαίνει ο όρος “χρυσός
 αιώνας” του Περικλή;
",history,10,7,7.499318487995538,0.0559554960289775,7,6.9125348892202965,0.0394398054817004,3,3.182424871569822,0.0381487641606433,7,6.840334357501206,0.0370969085368291,,,0.0253001576599999,,,0.0532561706578558,7,7.375893224982065,0.0539133617443489,7.9986736259791655,7,6.995838651900613,0.0021691601044881,7.999888867941536,1.9,11.9,38.06349206349206,0.000587524
18,18,244,245,"της, η Μακεδονία διατηρούσε αρκετές δυνάμεις. Ο Φίλιππος
 είχε αρχίσει μάλιστα μια συστηματική προσπάθεια για να
 αναμετρηθεί και πάλι με τους Ρωμαίους. Το έργο ανέλαβε
 να συνεχίσει ο γιος του Περσέας. Νικήθηκε όμως στην
 Πύδνα (168 π.Χ.) από τον Αιμίλιο Παύλο και πιάστηκε
 αιχμάλωτος. Η Μακεδονία έχασε την ανεξαρτησία της.
 Από κει και πέρα οι Ρωμαίοι μπορούσαν εύκολα να
 υποτάξουν και τις υπόλοιπες ελληνικές δυνάμεις. Τελευταία
 αντίσταση προέβαλαν οι δυνάμεις της Αχαϊκής συμπολιτείας
 στη Λευκόπετρα κοντά στον Ισθμό, όπου νικήθηκαν (146 π.Χ.).
 Βαρύ τίμημα πλήρωσε η Κόρινθος. Ο Ρωμαίος στρατηγός Μόμμιος
 έδωσε εντολή να καταστραφεί η πόλη και οι κάτοικοι να πουληθούν ως δούλοι.
 Τελευταία πράξη του δράματος υπήρξε η κατάληψη της Αλεξάνδρειας από τον Οκταβιανό
 (30 π.Χ.), με συνέπεια τη μετατροπή της Αιγύπτου σε επαρχία του ρωμαϊκού κράτους.
",history,10,7,6.997358601677036,0.0164489550477927,6,6.184899510820856,0.0535932333326645,4,3.592668555399655,0.0542768931797786,5,5.026892571535996,0.0397874819859263,4,4.018995774426912,0.0444624442653099,3,3.009706774876946,0.004392303856528,6,6.155329282793446,0.0356074783505641,7.982011815401506,6,5.9931217221643465,0.0873513135321093,7.033078970281167,0.4,10.0,46.26173826173826,0.000811529
19,19,224,225,"κροχρόνια, τα αισθήματα των Ελλήνων
 Πηγή: Αρ. Μάνεσης, «Ο εύκολος βιασμός της νομιμότητας και η δύσκολη νομιμοαπέναντί τους.
 ποίηση της βίας», στο συλλογικό τόμο Η δικτατορία 1967-1974, Καστανιώτης,
 Οι δικτάτορες ανέστειλαν βασικά άρΑθήνα 1999, σ. 37.
 θρα του συντάγματος, διέκοψαν τη λειτουργία του Κοινοβουλίου, διέλυσαν τα
 κόμματα και οργάνωσαν συστηματικές διώξεις πολιτικών, κάθε πολίτη αριστερού παρελθόντος ή όποιου εκδήλωνε
 φανερά την αντίθεσή του στη δικτατορία. Οι εκτοπίσεις, οι φυλακίσεις, τα βασανιστήρια, οι καταδίκες μελών αντιστασιακών οργανώσεων αποτέλεσαν συνήθη πρακτική.
 Παρ’ όλα αυτά, δημοκρατικοί πολίτες που είχαν διαφύγει τη σύλληψη άρχισαν να δημιουργούν πυρήνες αντίστασης. Οι κηδείες του Γ. Παπανδρέου (1968) και του νομπελίστα ποιητή Γ. Σεφέρη (1971) μετατράπηκαν σε μεγάλες
 αντιδικτατορικές διαδηλώσεις. Κορυφαίες αντιδικτατορικές εκδηλώσεις υπήρξαν η απόπειρα δολοφονίας του δικτάτορα Γ. Παπαδόπουλου από τον Αλέκο Παναγούλη (Αύγουστος 1968), το κίνημα του Ναυτικού (Μάιος 1973), που
 έδειξε ότι στις ένοπλες δυνάμεις υπήρχαν πολλοί αξιωματικοί που δυσφορούσαν για την κατάλυση της δημοκρατίας, και το φοιτητικό κίνημα σε Αθήνα και Θεσσαλονίκη, με σημαντικότερες εκδηλώσεις του τις καταλήψεις, από
 φοιτητές, του κτιρίου της Νομικής Σχολής (Φεβρουάριος-Μάρτιος 1973) και του Πολυτεχνείου (Νοέμβριος 1973).
 Ειδικά η κατάληψη του Πολυτεχνείου υπήρξε σημείο-σταθμός στον αντιδικτατορικό αγώνα. Ο μεγάλος αριθμός φοιτητών και άλλων πολιτών που είχαν συγκεντρωθεί μέσα και γύρω από το Πολυτεχνείο, καθώς και τα αντιδικτατορικά
 συνθήματα που εξέπεμπε ο ραδιοφωνικός σταθμός των εξεγερμένων ανησύχησαν σοβαρά τους δικτάτορες, που απάντησαν με ωμή βία: ένα άρμα μάχης έριξε την κεντρική πύλη του Πολυτεχνείου τα ξημερώματα της 17ης Νοεμβρίου 1973.
 ΝΕΟΤΕΡΗ ΚΑΙ ΣΥΓΧΡΟΝΗ ΙΣΤΟΡΙΑ
",history,12,8,8.000292204103175,0.0005727138068105,7,7.319101612510735,0.0511514686266019,4,4.000321941999573,0.0002552823974506,7,6.999896153745084,9.55422080680937e-05,4,4.29357723903496,0.0565865390432694,4,3.990712702134047,0.0058472950381709,8,8.002317759524203,0.0015188958280331,7.014058328269584,7,7.000287996040786,0.000283494190874,7.991231868873001,3.0,17.1,61.333333333333336,0.001284479
20,20,34,35,"Ανακοίνωσαν στον Φαραώ ότι οι Εβραίοι έφυγαν. Έζευξε το άρμα του και ξεκίνησε
 παίρνοντας μαζί του και άλλα 600. Όσο ο Φαραώ πλησίαζε, οι Εβραίοι φοβόντουσαν
 πολύ. Ο Θεός λέγει στον Μωυσή: «Σήκωσε τη ράβδο σου, τέντωσε το χέρι σου προς
 τη θάλασσα και ρίξε τη στη θάλασσα, για να περάσει ο λαός του Ισραήλ σα να ήταν
 ξηρά. Έτεινε λοιπόν ο Μωυσής το χέρι του προς τη θάλασσα και ο Θεός απομάκρυνε
 τη θάλασσα. Και πάτησαν οι Εβραίοι τη θάλασσα, σα να ήταν ξηρά και τα κύματα
 σχημάτιζαν ένα τείχος προς τα δεξιά και τα αριστερά τους. Οι Αιγύπτιοι τους καταδίωξαν
 και μπήκαν στη θάλασσα πίσω τους. Ο Θεός λέγει στον Μωυσή: « Άπλωσε το χέρι σου
 προς τη θάλασσα για να πνίξουν τα κύματα τους Αιγυπτίους, τα άρματά τους και τους
 ιππείς τους». Τα κύματα σκέπασαν τα άρματα και τους ιππείς του στρατού του Φαραώ.
 Παλαιά Διαθήκη, Έξοδος, ΙΔ΄, 5-28 (Προσαρμογή. Β.Σ.)
 Δείξτε, πώς, σύμφωνα με τη Βίβλο, ο Θεός αναμειγνύεται ενεργά στις τύχες των
 Εβραίων.
",history,10,7,6.715190184298251,0.052187464532818,8,8.007019473433358,0.0042931782283425,3,2.9999874524255574,2.9323129681656053e-05,4,4.148652630490005,0.0341719381780119,6,5.832626175601035,0.0983208677755887,4,3.889670754241479,0.0387213126498811,6,6.048962745602537,0.0159912572869981,7.893305801628259,5,5.260820159050127,0.0806672095841841,7.00444881702424,2.1,8.0,34.161616161616166,0.000876349
21,21,50,51,"παράθεμα 2 Η επίσκεψη του Σόλωνα στην Κύπρο
 Ο Σόλωνας, όταν επισκέφτηκε την Κύπρο, φιλοξενήθηκε από έναν βασιλιά που τον έλεγαν Φι­
 λόκυπρο. Αυτός ζούσε σε μια μικρή πόλη, φτωχή και ορεινή, κοντά σ' ένα ποτάμι, τον Κλάριο. Ο
 Σόλωνας έπεισε τον βασιλιά να μεταφέρει την πόλη του από το βουνό στον κάμπο και να τη χτίσει
 από την αρχή πιο μεγάλη και πιο ωραία. Μάλιστα ο ίδιος ο Αθηναίος σοφός έκανε τα σχέδια της
 καινούριας πόλης και τα έφτιαξε πολύ όμορφα, για να πάνε να μείνουν εκεί πολλοί άνθρωποι. Οι
 βασιλιάδες των άλλων πόλεων της Κύπρου ζήλεψαν την τύχη του Φιλόκυπρου. Εκείνος πάλι, για
 να τιμήσει και να ευχαριστήσει τον Σόλωνα, έδωσε στην πόλη του το όνομα Σόλοι από το όνομα
 του μεγάλου Αθηναίου νομοθέτη.
 Πλούταρχος, Σόλωνας, 26 (διασκευή)
",history,4,6,6.004507995792665,0.0025593460724686,6,6.042801363094412,0.0850820265455726,3,2.999986039976875,1.5512542749172367e-05,4,4.047450770311116,0.0154124338347994,3,3.2752937568059224,0.0489257426148233,3,2.9902946174052834,0.0043923101386706,6,5.99986720542438,0.0001479884881987,7.966912804130004,5,4.710528192579659,0.050480832558448,7.000558998523047,3.5,10.4,40.07766059443912,0.000970159
22,22,98,99,"2. Η πατρίδα
 «Αφού τελείωσε ο ζωγράφος από τα κάδρα, έστρωσα ένα μέρος του περιβολιού μου με άσπρα και μαύρα
 πετραδάκια της θάλασσας. Ζωγράφισα πρώτα έναν κύκλο τριγυρισμένο από λόγχες. Αυτός ο κύκλος
 ήταν η πατρίδα, που ήταν τριγυρισμένη με τις λόγχες της τυραννίας τόσους αιώνες. Πιο κάτω ζωγρά­
 φισα ένα σκυλί. Είναι ο πιστός ο Έλληνας που προστάτευε την ελευθερία της πατρίδας του τόσους
 αιώνες νηστικός και γυμνός στα χάνια, όπως εκείνο το καλό σκυλί που φυλάει τα πρόβατα από
 το λύκο. Πιο κάτω είναι δύο τραγόπουλα και πολεμούν. Έτσι έμαθαν να πολεμούν και οι Έλληνες
 για να ελευθερώσουν την πατρίδα τους. Πιο κάτω είναι μία ελαφίνα και βυζαίνει το ελαφάκι της.
 Όταν έχουμε ομόνοια, έτσι μας βυζαίνει κι εμάς η πατρίδα μας».
 Μακρυγιάννη, Απομνημονεύματα, σσ. 411-412. (Απόδοση στα νέα ελληνικά)
",history,6,6,6.027019020987106,0.0100329382426473,8,7.501490411290433,0.0741949466627191,3,3.01798608863389,0.0072357807664066,5,4.8721904213246034,0.0460573857280902,6,5.506342826411128,0.1134857253638923,3,3.000124513444364,0.0001908986629032,6,6.078010990756965,0.0224359386111614,7.867034570526101,5,5.102706169587577,0.0417917271730728,7.000851336139021,0.9,8.4,33.79487179,0.00072402
23,23,70,71,"ιμπεριαλιστικού προσανατολισμού βρήκαν στήριξη σε ισχυρά ρεύματα της κοιβαθμό, από τους αστούς, που ωφελούνταν
 νής γνώμης, που απέρρεαν από το μεγάλο εθνικιστικό κύμα του τέλους του
 περισσότερο από αυτήν. Υποστηριζόταν,
 19ου αιώνα. Πράγματι, για πολλούς Ευρωπαίους η αποικιοκρατία επιβεβαιώνει
 όμως, και από άλλες κοινωνικές ομάδες,
 τη δύναμη και το πνεύμα του λαού τους και δίνει διέξοδο στην επιθυμία τους
 καθώς πολλοί έβλεπαν την οικονομική και
 για ισχύ.
 κοινωνική τους θέση να ενισχύεται ως
 S. Berstein & P. Milza, Ιστορία της Ευρώπης, μτφρ. Α.Κ. Δημητρακόπουλος, Αλεαποτέλεσμα της αποικιακής επέκτασης.
 ξάνδρεια, Αθήνα 1997, τόμ. 2, σ. 176.
 Παράλληλα, η κατάκτηση αποικιών επιβεβαίωνε την «ανωτερότητα» των κατακτητών ενισχύοντας την εθνική τους αυταρέ3. Οι ιεραπόστολοι προπομποί της αποικιοκρατίας
 σκεια.
",history,12,8,8.397842814703324,0.0636907878987085,8,8.007544529528591,0.0040824374742779,5,4.5621909659057565,0.0550576976861267,7,7.001701088605387,0.0010080014076163,6,5.788677697564708,0.0891742405294104,5,4.8803089545690455,0.0297458420783948,8,8.23179486068446,0.0472021428725687,7.000420950820626,7,7.0953742877623185,0.0252926406277114,7.997411983477548,1.2,13.7,43.17801418439716,0.000730213
24,24,53,54,"Γραμμική Β στη Θήβα, στις Μυκήνες, στην Τίρυνθα και στα Χανιά. Η γραφή των πινακίδων είναι
 συλλαβική, δηλαδή κάθε σύμβολο αποδίδει μια συλλαβή (πα, τα, ρο, μα, τι). Το ίδιο συμβαίνει
 και με τη Γραμμική γραφή Α της Κρήτης, η οποία ακόμη δεν έχει αποκρυπτογραφηθεί. Πολλοί
 επιστήμονες υποστηρίζουν ότι η Γραμμική γραφή Β είναι εξελιγμένη και τελειοποιημένη
 μορφή της Γραμμικής γραφής Α. Η προέλευση της Γραμμικής γραφής Β αποτέλεσε
 αντικείμενο πολλών συζητήσεων. Διαμορφώνονται δύο αντίθετες απόψεις: είτε η Γραμμική
 Β γεννήθηκε στην ηπειρωτική Ελλάδα και μεταφέρθηκε στην Κρήτη, είτε προήλθε από τη
 Γραμμική Α στην Κρήτη και αργότερα πέρασε στην Ελλάδα. Στα κείμενα των πινακίδων με
 Γραμμική γραφή Β καταγράφονται διάφορες εμπορικές-οικονομικές δραστηριότητες των
 ανακτόρων που αφορούν κυρίως τη διακίνηση γεωργικών και κτηνοτροφικών προϊόντων.
 Έμμεσα, όμως, τα ίδια αυτά κείμενα μας δίνουν πληροφορίες για τη διοικητική οργάνωση
 και τη θρησκευτική ζωή του μυκηναϊκού κόσμου. Η γνώση της γραφής στα μυκηναϊκά
 χρόνια ήταν προνόΑπό τη Γραμμική γραφή Α στη Γραμμική γραφή Β
 μιο μιας ομάδας εξειδικευμένων γραφέων
 που εργάζονταν στα
 γραφεία των ανακτορικών κέντρων. Και ίσως
 αυτός να ήταν ο λόγος
 Πινακίδα από
 την Πύλο:
 για την εξαφάνιση της
 Γραμμική Β.
 γραφής μετά την πτώΑναφέρεται σε
 Πινακίδα από
 ση των ανακτόρων,
 επίταξη χαλκού
 την Αγία Τριάδα
",history,10,8,7.939173873910292,0.0185613536011222,8,7.904938228811162,0.0254763161167622,4,3.998676057640523,0.0008127077690014,7,6.818878622031818,0.0403440869956652,4,4.343218185290425,0.0642034920996924,4,3.85208887002085,0.0337638717365789,8,7.729484837273702,0.0518890519921892,7.085095534643131,7,6.993922003603302,0.0029827621813544,7.985903127944766,3.5,14.1,55.53679653679654,0.001226193
25,25,174,175,"Σε οικονομικό επίπεδο, η αγροτική οικονομία αναζωογονήθηκε, καθώς οι πρόσφυγες αξιοποίησαν ακαλλιέργητες εκτάσεις εφαρμόζοντας και νέες καλλιεργητικές μεθόδους. Η συγκέντρωση πολλών από αυτούς στα αστικά κέντρα πρόσφερε
 νέες δυνατότητες στο εμπόριο και στη βιομηχανία. Οι περισσότεροι γνώριζαν κάποια τέχνη και, έχοντας μεγάλη ανάγκη
 από χρήματα, εργάζονταν ακόμη και με χαμηλές αμοιβές. Όσοι διέθεταν κεφάλαιο ασχολήθηκαν με το εμπόριο και τη
 βιοτεχνία, όπου αρκετοί διέπρεψαν.
 Σε κοινωνικό επίπεδο οι πρόσφυγες έφεραν στην κοινωνία της ΕλλάΓΙΑ ΜΙΑ ΑΛΛΗ ΜΑΤΙΑ
 δας τον τρόπο ζωής τους, τις συνήθειές τους, τη μουσική τους (ρεμπέτιΣΤΟ ΠΑΡΕΛΘΟΝ…
 κο τραγούδι), την κουζίνα τους. Καθώς πολλές από τις γυναίκες πρόσφυ…διαβάστε
 γες υποχρεώθηκαν να εργαστούν και αρκετές από τις γηγενείς έκαναν
 0 Ηλίας Βενέζης, Γαλήνη (1939).
 το ίδιο, τα στερεότυπα που ήθελαν τη γυναίκα κλεισμένη στο σπίτι και
 0 Διδώ Σωτηρίου,
 υποχείριο του άντρα άρχισαν να κλονίζονται.
 Οι νεκροί περιμένουν (1959).
 Τέλος, οι πρόσφυγες έδωσαν νέα πνοή στα Γράμματα και στις Τέχνες.
 Γλαφυρές αφηγήσεις της προσπάΣημαντικοί λογοτέχνες, όπως ο Γιώργος Σεφέρης (Νόμπελ Λογοτεχνίας
 θειας των προσφύγων να ριζώσουν
 1963), ο Ηλίας Βενέζης, ο Κοσμάς Πολίτης, ο Στρατής Δούκας και η Διδώ
 στην Ελλάδα.
 Σωτηρίου, ήταν Μικρασιάτες.
 2. Η αντίθεση γηγενών-προσφύγων
 Η εντονότατη αντίθεση γηγενών και προσφύγων
 διαχέεται σ’ όλον τον ελλαδικό χώρο [...] Οι άνθρωποι
 που μόλις διασώθηκαν από την τουρκική σφαγή αποκαλούνται «τουρκόσποροι» και «γιαουρτοβαφτισμένοι»
 [επειδή συνήθιζαν να τρώνε γιαούρτι]. Η λέξη «Σμυρνιά»
 από προσδιοριστική της γυναικείας μικρασιατικής καταγωγής, γίνεται στο νεοελληνικό λεξιλόγιο συνώνυμη
 της πόρνης. [...] Η λέξη «πρόσφυγας» διαχέεται στον
",history,12,8,7.857467836892738,0.0339052043882275,7,7.147511851608016,0.0339906199881665,4,3.9978175708709784,0.0012496437217468,5,5.094606474594002,0.0339311011747266,4,4.417324444963015,0.0629419804384276,3,3.2689909716169723,0.0467789681774467,8,7.849233924489454,0.0355119562790065,7.182421140173119,7,6.451103683261721,0.0718377910491516,7.995924506110441,2.5,15.5,53.53333333333333,0.00108934
26,26,141,142,"B Οι πηγές αφηγούνται...
 1. Ψήφισμα 3212 (XXIX)
 Την 1η Νοεμβρίου του 1974 η Γενική Συνέλευση του Ο.Η.Ε. υιοθέτησε το Ψήφισμα 3212 (XXIX) με 117
 ψήφους υπέρ, καμία εναντίον και καμία αποχή.
 Το κείμενο του ψηφίσματος έχει ως εξής:
 «Η Γενική Συνέλευση,
 Έχοντας μελετήσει το κυπριακό πρόβλημα,
 Ανησυχώντας σοβαρά για τη συνέχιση της κυπριακής κρίσης η οποία αποτελεί απειλή κατά της διεθνούς ειρήνης και ασφάλειας,
 Έχοντας συναίσθηση της ανάγκης για επίλυση της κρίσης με ειρηνικά μέσα χωρίς καθυστέρηση σύμφωνα με
 τους σκοπούς και τις αρχές των Ηνωμένων Εθνών,
 Αφού άκουσε τις δηλώσεις που έγιναν κατά τη συζήτηση και αφού σημείωσε την Έκθεση της Ειδικής Πολιτικής
 Επιτροπής για το κυπριακό πρόβλημα (Α/9820),
 1. Καλεί όλα τα Κράτη να σεβαστούν την κυριαρχία, ανεξαρτησία, εδαφική ακεραιότητα και το αδέσμευτο της
 Δημοκρατίας της Κύπρου και να απέχουν από οποιαδήποτε πράξη και επέμβαση που στρέφονται εναντίον της.
 2. Προτρέπει την ταχεία αποχώρηση όλων των ξένων στρατιωτικών δυνάμεων και της ξένης στρατιωτικής παρουσίας και προσωπικού από τη Δημοκρατία της Κύπρου και τον τερματισμό οποιασδήποτε ξένης επέμβασης
 στις υποθέσεις της.
 3. Θεωρεί ότι το συνταγματικό σύστημα της Δημοκρατίας της Κύπρου αφορά την ελληνοκυπριακή και την
 τουρκοκυπριακή κοινότητα.
 4. Επιδοκιμάζει τις επαφές και διαπραγματεύσεις που πραγματοποιούνται επί ίσης βάσης, με τις καλές υπηρεσίες του Γενικού Γραμματέα των Ηνωμένων Εθνών, μεταξύ των αντιπροσώπων των δυο κοινοτήτων και ζητεί τη
 συνέχιση τους προς τον σκοπό της επίτευξης ελεύθερα μιας αμοιβαίας αποδεκτής πολιτικής διευθέτησης που να
 εδράζεται στα βασικά και απαράγραπτα δικαιώματα των δύο κοινοτήτων.
 5. Θεωρεί ότι όλοι οι πρόσφυγες πρέπει να επιστρέψουν στις εστίες τους σε συνθήκες ασφάλειας και καλεί τα
 ενδιαφερόμενα μέρη να λάβουν επείγοντα μέτρα προς τον σκοπό αυτό.
 6. Εκφράζει την ελπίδα ότι θα καταβληθούν περαιτέρω προσπάθειες, αν είναι ανάγκη, περιλαμβανομένων διαπραγματεύσεων, στα πλαίσια των Ηνωμένων Εθνών, προς τον σκοπό εφαρμογής των προνοιών του παρόντος
 ψηφίσματος, ώστε να διασφαλισθεί έτσι το βασικό δικαίωμα της Δημοκρατίας της Κύπρου για ανεξαρτησία,
 κυριαρχία και εδαφική ακεραιότητα.
",history,6,8,8.000650209273772,0.0005681122121783,7,6.689965961760208,0.0566653278802644,4,3.9997438910031633,0.0002528004276305,7,6.999976942921414,2.406209003859513e-05,4,3.8912537265005085,0.0501081782554335,3,3.0158149457036774,0.0066363829981989,8,8.000399889626664,0.0005977044690338,7.0035905915922285,7,6.999975820285314,4.354478795766976e-05,7.999948036058868,8.6,21.6,57.170144462279296,0.000956488
27,27,66,67,"2. Ο Κολοκοτρώνης μιλά για την Επανάσταση και τους αγωνιστές
 «Μίαν φοράν, όταν επήραμεν το Ναύπλιον, ήλθε ο Άμιλτων να με ιδή, μου είπε ότι: “Πρέπει οι Έλληνες
 να ζητήσουν συμβιβασμόν, και η Αγγλία να μεσιτεύση”. Εγώ του αποκρίθηκα, ότι: “Αυτό δεν γίνεται ποτέ,
 ελευθερία η θάνατος. Εμείς καπιτάν Άμιλτων, ποτέ συμβιβασμόν δεν εκάμαμεν με τους Τούρκους. Άλλους
 έκοψε, άλλους εσκλάβωσε με το σπαθί και άλλοι, καθώς εμείς, εζούσαμε ελεύθεροι από γενεά σε γενεά.
 Ο βασιλεύς μας εσκοτώθη, καμμία συνθήκη δεν έκαμε, η φρουρά του είχε παντοτεινόν πόλεμον με τους
 Τούρκους και δύο φρούρια ήτον πάντοτε ανυπότακτα”. Με είπε: “Ποια είναι η βασιλική φρουρά του, ποία
 είναι τα φρούρια;”. “Η φρουρά του βασιλέως μας είναι οι λεγόμενοι Κλέφται, τα φρούρια η Μάνη και το
 Σούλι και τα βουνά”. Έτσι δεν με ωμίλησε πλέον.
 Ο κόσμος μας έλεγε τρελλούς. Ημείς αν δεν είμεθα τρελλοί δεν εκάναμεν την επανάστασιν, διατί
 ηθέλαμεν συλλογισθή πρώτον διά πολεμοφόδια, καβαλαρία μας, πυροβολικό μας, πυριτοθήκαις
 μας, τα μαγαζιά μας, ηθέλαμεν λογαριάσει την δύναμιν την εδική μας, την τούρκικη δύναμη. Τώρα
 οπού ενικήσαμεν, οπού ετελειώσαμεν με καλά τον πόλεμο μας, μακαριζόμεθα, επαινώμεθα. Αν δεν
 ευτυχούσαμεν ηθέλαμεν τρώγει κατάραις, αναθέματα».
 Κολοκοτρώνη Απομνημονεύματα, Καταγραφή Γ. Τερτσέτη, επιμέλεια Τάσος Βουρνάς, Αθήνα 1983, σ. 178.
",history,6,8,7.988917199457447,0.0049249045004244,8,7.958347959658568,0.0144250988064953,4,3.9914255446895766,0.0039672047317375,7,6.919773766525958,0.0227088994999634,5,5.261191333876923,0.1078286763375827,3,3.004057254673853,0.0021467880486854,8,7.995254460260611,0.0022673431121411,7.008572630018534,7,6.994998892518197,0.0025296937613217,7.999503130408513,1.9,11.7,43.07049808429119,0.000913119
28,28,138,139,"παράθεμα 1 Γιορτές και πανηγύρια
 Τον καθημερινό ρυθμό της ζωής διέκοπταν συχνά οι
 γιορτές. Οι άνθρωποι γιόρταζαν τη γέννηση του παιδιού και το όνομά του με απαγγελίες ποιημάτων, με
 δώρα και γιορταστικό γεύμα. Στεφάνωναν επίσης τα
 σπίτια των γονέων για την εισαγωγή των παιδιών τους
 στο σχολείο καθώς και για το τέλος της εφηβείας. Πιο
 επίσημη γιορτή ήταν αυτή του γάμου. Στη νύφη πετού3. Αρχαίο θέατρο χτίστηκε αυτή την
 σαν μικρά νομίσματα, καρύδια, σύκα ή χουρμάδες. Σε
 εποχή και στη Βαβυλώνα. Στην
 μερικές πόλεις η νύφη ήταν πάνω σ’ ένα κάρο, που το
 εικόνα φαίνεται όπως έχει
 διαμορφωθεί στις μέρες μας.
 έσερνε μουλάρι. Τα γαμήλια δώρα ήταν χρήσιμα για το
 νοικοκυριό αντικείμενα. Στις οικογενειακές γιορτές
 ανήκαν τα γενέθλια των παιδιών, οι γιορτές για την επιτυχία στις εξετάσεις, για ένα ανώτερο
 αξίωμα που έπαιρνε κάποιος. Γιορταστική ατμόσφαιρα επικρατούσε σ’ όλους τους δρόμους και
 σ’ όλα τα σπίτια κατά τις μεγάλες θρησκευτικές γιορτές. Οι γιορτές των ανατολικών θεών γίνονταν δημόσιες ελληνικές γιορτές μόνο όταν οι θεοί αυτοί είχαν εξελληνιστεί, όπως ο Άδωνης και
 η Ίσιδα. Κατά τον 3ο, ακόμη και τον 2ο, αιώνα εμφανίστηκαν και εντελώς νέες γιορτές.
 Αγησίλαος Ντόκας, «Ελληνιστικός πολιτισμός», σσ. 99-101(διασκευή)
",history,4,7,7.066200162116484,0.0254872649937822,7,6.75946764361106,0.0642446215861329,3,3.0179857420376806,0.0072356479439641,5,4.939913168643329,0.0684925082590191,4,3.816808131894504,0.0740461185175564,3,3.106614837410234,0.0273590323587826,6,6.386231678487548,0.055623080943059,7.407329811187992,6,5.845665290378179,0.0768115583534987,7.025953479680538,1.6,10.8,42.001106194690266,0.000861969
29,29,45,46,"Οι Μινωίτες ανέπτυξαν πολλές μορφές τέχνης σε θαυμαστό επίπεδο. Η
 μινωική τέχνη έχει ποικιλία και πρωτοτυπία. Όλα τα μινωικά έργα –αγγεία από
 πηλό ή πέτρα, ειδώλια, κοσμήματα, τοιχογραφίες– έχουν κίνηση,
 ζωντάνια και χάρη και δείχνουν μια προτίμηση των Μινωιτών για
 την απεικόνιση της φύσης. Τα θέματα και η τεχνοτροπία τους
 επηρέασαν τους γειτονικούς λαούς, ιδιαίτερα τους Κυκλαδίτες
 και τους Μυκηναίους.
 Οι τοιχογραφίες, που οι περισσότερες προέρχονται από το ανάκτορο
 της Κνωσού, παριστάνουν συνήθως θρησκευτικές ή τελετουργικές πομπές,
 ειδυλλιακά τοπία με πλούσια βλάστηση και ζώα, καθώς και θέματα από τον
 κόσμο της θάλασσας.
 Κεραμική. Ο γρήγορος κεραμικός τροχός που έχει καθιερωθεί διευκολύνει
 την ταχύτερη κατασκευή των πήλινων αγγείων που είναι κομψά και έχουν ποικίλα
 σχήματα. Τα ωραιότερα αγγεία αυτής της εποχής στη μινωική Κρήτη είναι τα
 πολύχρωμα καμαραϊκά, που οφείλουν την ονομασία τους στο σπήλαιο των
 Καμαρών, όπου πρωτοβρέθηκαν. Κατασκευάζονταν στα εργαστήρια των
 μεγάλων ανακτόρων της Κνωσού και της Φαιστού. Τα καμαραϊκά αγγεία
 εξάγονταν σε όλη την ανατολική Μεσόγειο και την Αίγυπτο. Διακοσμούνταν
 συνήθως με πολύπλοκα καμπυλόγραμμα σχέδια γεμάτα φαντασία και
 σπανιότερα με θέματα από τον ζωικό και φυτικό κόσμο.
",history,10,7,6.994894969562644,0.004949718664357,6,6.091280679673339,0.0274073414367116,3,3.001926215788046,0.0011223813493052,5,5.0987805750821735,0.0756265141279809,4,3.7300908022480144,0.0621074486557737,3,3.0953541559863424,0.0252779440039344,7,6.682018931644876,0.0515222466630407,7.998494835221209,6,6.236806520725423,0.0709416535851318,7.04742088053581,3.2,15.3,52.93730407523511,0.001069027
30,30,119,120,"άλλοτε υμνούν τους θεούς, τους αθλητές και
 της πολιτείας, ορθώθηκαν αγνάντι
 καθώς Εκείνος το ’θελε: και τότε
 τις νίκες τους στους πανελλήνιους αγώνες,
 πολλούς η μοίρα βρήκε του θανάτου,
 καθώς και τα στρατιωτικά κατορθώματα και τις
 και οι άλλοι, όσοι σωθήκαμε, γεμάτοι
 περιπέτειες, και άλλοτε περιγράφουν τις χαρές
 πληγές είχαμε μείνει αιματωμένες.
 και τις λύπες του έρωτα και τη χαρά της ζωής·
 άλλοτε πάλι επαινούν τις πολιτικές αρετές ή
 μετάφραση Παναγή Λεκατσά
 σατιρίζουν τα ελαττώματα και τις αδυναμίες
 από το βιβλίο του Θανάση Μητσόπουλου
 των ανθρώπων. Πολλά μεγάλα ονόματα
 «Ανθολογία της Αρχαίας Ελληνικής
 ποιητών έχουν ξεχωρίσει την εποχή αυτή
 Λογοτεχνίας» (1966), σελ. 103
 και η μεγάλη φήμη τους διατηρείται ζωντανή
 μέχρι σήμερα. Ο Αρχίλοχος από την Πάρο,
 (Σημ. Ο τίτλος του ποιήματος, όπως και αυτοί των
 ο Σιμωνίδης από την Κέα, ο Μίμνερμος
 επόμενων, οφείλονται στους μεταφραστές).
 από την Κολοφώνα, ο Αλκαίος και η Σαπφώ
 από τη Λέσβο, ο Αλκμάν στη Σπάρτη και ο
",history,10,8,8.007003529894064,0.0032238124783367,8,8.000984089252352,0.0018129902931061,4,4.032706635930936,0.0119279997922321,7,7.000477393873972,0.0003485152076503,6,5.787656950669771,0.0667463502403076,4,3.60601497457219,0.0580708142828457,8,8.001240550492184,0.000801273372107,7.000547660381017,7,7.053397637521641,0.0167476428060952,7.9981673496000525,4.8,14.5,49.093676814988285,0.001126801
31,31,117,118,"1. Π οιος ήταν ο Εφιάλτης; Με ποιες σημασίες
 χρησιμοποιούμε σήμερα τη λέξη;
 2. « Τιμή σ’ εκείνους όπου στην ζωή των
 ώρισαν και φυλάγουν Θερμοπύλες».
 Ποιο το γενικότερο νόημα των στίχων αυτών
 του Κ. Καβάφη; Στην απόδοση του νοήματος να
 λάβετε υπόψη τη σημασία των χρόνων «ώρισαν»
 (αόριστος) και «φυλάγουν» (ενεστώτας) καθώς
 και του συνδέσμου «και».
 3. Ποια τα αίτια και τα αποτελέσματα της νίκης των
 Ελλήνων επί των Περσών;
",history,10,7,7.377466278104904,0.0532935523975393,7,6.912189784967268,0.0415528860962213,3,3.268936276435852,0.0467541985868113,,,2.252675414732602e-06,,,0.016755950790046,,,0.0467618137401834,8,7.730728893489356,0.0470903901378527,7.00131595142102,,,0.0001121918396532,,1.7,9.5,32.704301075268816,0.000690442
32,32,232,233,"κατώτατων μισθών και ημερομισθίων στόχο είχαν να ανακουφίσουν τα ασθενέστερα κοινωνικά στρώματα. Ιδιαίτερη αναελληνικού έθνους, Εκδοτική Αθηνών, τόμ. ΙΣΤ´,
 φορά αξίζει να γίνει στη δημιουργία του Εθνικού Συστήματος
 σ. 350-351.
 Υγείας (ΕΣΥ), το οποίο, παρά τα προβλήματα που εμφανίστηκαν στην εφαρμογή του, υπήρξε ένας από τους πιο επιτυχημένους θεσμούς αυτής της περιόδου. Πυρήνας του ΕΣΥ ήταν η δημιουργία τριών νοσηλευτικών βαθμίδων: κέντρων υγείας, περιφερειακών νοσοκομείων και νομαρχιακών νοσοκομείων. Σημαντική καινοτομία υπήρξε το γεγονός ότι, στο
 πλαίσιο του ΕΣΥ, δικαίωμα στην περίθαλψη σε νοσοκομεία είχαν όλοι οι πολίτες, χωρίς όρους και προϋποθέσεις.
 Η καθιέρωση του πολιτικού γάμου και του συναινετικού διαζυγίου αποτέλεσαν τομές στο ελληνικό οικογενειακό δίκαιο, ενώ η θεσμική αναγνώριση της ισότητας των δύο φύλων και η κατάργηση της προίκας συνέβαλαν, σε συνδυασμό
 με τους αγώνες του γυναικείου κινήματος, στη βελτίωση της θέσης της γυναίκας.
 Σε ό,τι αφορά την εξωτερική πολιτική, υπήρξαν σημαντικές πρωτοβουλίες που απέβλεπαν στη βελτίωση των όρων
 συμμετοχής της Ελλάδας στην ΕΟΚ. Αποτέλεσμα αυτών των πρωτοβουλιών ήταν να αυξηθούν τα κονδύλια που δίνονταν από την ΕΟΚ στις λιγότερο αναπτυγμένες χώρες του ευρωπαϊκού νότου, στις οποίες ανήκε και η Ελλάδα.
 Παράλληλα, έγιναν ανοίγματα προς τις χώρες της Α. Ευρώπης και προς τον Τρίτο Κόσμο, ιδίως προς τις αραβικές
 χώρες. Τέλος, απέναντι στην Τουρκία χρησιμοποιήθηκε επανειλημμένα σκληρή γλώσσα, ιδίως μετά την προκλητική
 ίδρυση του τουρκικού ψευδοκράτους στην κατεχόμενη βόρεια Κύπρο (Νοέμβριος 1983).
 Επίσης, κατασκευάστηκαν διάφορα δημόσια έργα και επιχειρήθηκε η εξυγίανση επιχειρήσεων,
 που αντιμετώπιζαν προβλήματα (προβληματικές
 επιχειρήσεις), προκειμένου να καταστούν παραγωγικές και να διασφαλιστούν οι θέσεις εργασίας.
 Τέλος, ακολουθήθηκε πολιτική ενίσχυσης του εισοδήματος των αγροτών και των μικρομεσαίων
 επιχειρηματιών.
 Κυβερνήσεις ΠΑΣΟΚ, 1985-1989 Οι κυβερνήσεις
 της δεύτερης τετραετίας του ΠΑΣΟΚ βρέθηκαν αντιμέτωπες με σοβαρά οικονομικά προβλήματα και
 εφάρμοσαν, ιδίως κατά τη διετία 1985-1987, σταθεροποιητικό οικονομικό πρόγραμμα με σκοπό τη μείωση
 των ελλειμμάτων και του πληθωρισμού.
 Επίσης, στα 1985-1986 έγινε αναθεώρηση του συ3. Ο Α. Παπανδρέου με τον ηγέτη της Οργάνωσης για την Απελευθέντάγματος με την οποία περιορίστηκαν οι εξουσίες
 ρωση της Παλαιστίνης Γιάσερ Αραφάτ.
 Χρ. Λυριντζής, «Το ΠΑΣΟΚ στην εξουσία», Ιστορία του
",history,12,8,7.9998087091667,0.0017263359144858,7,7.004430863299014,0.0143073989768297,4,4.000015686800907,4.308181648777725e-05,7,6.997794204731349,0.0012356729845843,4,4.214828136859069,0.0685508017555115,4,3.9241493632846414,0.0215717646884486,8,7.995803777933588,0.0028685546246486,7.294209454295469,7,6.998800803682286,0.0007628378777977,7.998069086869236,3.4,17.3,53.581453634085214,0.00102918
33,33,85,86,"α. Ο Ιωάννης Κωλέττης για τη Μεγάλη Ιδέα
 Διά την γεωγραφικήν της θέσιν η Ελλάς είναι το κέντρον της Ευρώπης· ισταμένη
 και έχουσα, εκ μεν δεξιών την Ανατολήν, εξ αριστερών δε την Δύσιν, προώρισται,
 ώστε διά μεν της πτώσεως αυτής να φωτίση την Δύσιν, διά δε της αναγεννήσεως
 την Ανατολήν. Το μεν πρώτον εξεπλήρωσαν οι προπάτορες ημών, το δε δεύτερον
 είναι εις ημάς ανατεθειμένον· εν τω πνεύματι του όρκου τούτου και της μεγάλης
 ταύτης ιδέας είδον πάντοτε τους πληρεξουσίους του έθνους να συνέρχωνται διά
 να αποφασίσωσιν ουχί πλέον περί της τύχης της Ελλάδος, αλλά της ελληνικής φυλής. Πόσον επεθύμουν να ήτο[ν] παρόντες σήμερον Γερμανοί, Ζαΐμαι, Κολοκοτρώναι, οι άλλοτε της Εθνικής Συνελεύσεως πληρεξούσιοι, και αυτοί οι δραξάμενοι τα
 όπλα επί τω γενικώ τούτω σκοπώ, διά να συνομολογήσωσι μετ’ εμού πόσον εμακρύνθημεν της μεγάλης εκείνης της πατρίδος ιδέας, την οποίαν εις αυτό του Ρήγα
 το τραγούδι είδομεν κατά πρώτον εκπεφρασμένην. Εν ενί πνεύματι τότε ηνωμένοι,
 όσοι είχομεν το επώνυμον Έλληνες, εκερδίσαμεν μέρος του όλου σκοπού.
 Ι. Κωλέττης, Λόγος στην Εθνοσυνέλευση, 14 Ιανουαρίου 1844.
 Πηγή: Κ.Θ. Δημαράς, Ελληνικός Ρωμαντισμός, Ερμής, Αθήνα 1982, σ. 405-406.
",history,12,10,9.550083524425288,0.0591672671357894,8,7.999522025892269,0.0055903033557372,5,4.999105012519863,0.001113639299219,7,7.37858111103489,0.0536269965582378,6,6.004058692315084,0.0401914249486477,3,3.060099926015937,0.0182540874275895,8,8.511380072476669,0.0668326202116336,7.000538547943506,8,7.904980665338826,0.0254899669133791,7.053406503955102,8.0,19.3,51.52616279069768,0.001076232
34,34,145,146,"ΕΝΟΤΗΤΑ 38
 Ο μικρασιατικός πόλεμος (1919-1922)
 Η ελληνική διοίκηση της Μικράς Ασίας Παράλληλα με την απόβαση του ελληνικού στρατού στη Σμύρνη, εγκαταστάθηκε στην πόλη και η ελληνική διοίκηση. Επικεφαλής ορίστηκε ο ύπατος αρμοστής (γενικός διοικητής) Αριστείδης
 Στεργιάδης, έμπιστος τόσο του Βενιζέλου όσο και των Βρετανών, με εντολή να αντιμετωπίζει ισότιμα όλους τους κατοίκους. Ήταν μια πολιτική που δεν γινόταν πολλές φορές αποδεκτή από την ελληνική στρατιωτική ηγεσία, τον μητροπολίτη Σμύρνης Χρυσόστομο και από ορισμένους Μικρασιάτες Έλληνες, γεγονός που, σε συνδυασμό με τον αυταρχικό χαρακτήρα του Στεργιάδη, έκανε τον ύπατο αρμοστή αντιπαθή σε αρκετούς Έλληνες. Πάντως, οι ελληνικές
 αρχές επιτέλεσαν σημαντικό έργο στην οικονομία, στην εκπαίδευση, στην υγεία και ιδίως στην επανεγκατάσταση των
 Ελλήνων προσφύγων που είχαν διωχθεί παλαιότερα από
 τις οθωμανικές αρχές και
 τώρα επέστρεφαν.
 Οι επιχειρήσεις του ελληνικού στρατού έως το καλοκαίρι του 1920 Ο ελληνικός στρατός κατέλαβε αρχικά τα εδάφη της Μικράς
 Ασίας για τα οποία είχε εντολή από την Αντάντ. Λίγο αρ1. Ελληνικές δυνάμεις στην ενδοχώρα της Μικράς Ασίας (καλοκαίρι 1921).
 γότερα, ο Βενιζέλος έλαβε
 από το συνέδριο του Παρισιού άδεια επέκτασης της ελληνικής ζώνης κατοχής. Έτσι, ο ελληνικός στρατός, αφού κατέλαβε, την άνοιξη του 1920, την Α. Θράκη, προέλασε, το καλοκαίρι του 1920, σε βάθος 100-150 χλμ. καταλαμβάνοντας
 μια ζώνη εδαφών στη Μ. Ασία κατά πολύ μεγαλύτερη από αυτή που όριζε η συνθήκη των Σεβρών (είχε υπογραφεί
 λίγο νωρίτερα).
 Η απόρριψη της συνθήκης των Σεβρών από το τουρκικό κίνημα αντίστασης Οι ελληνικές επιτυχίες διευκόλυναν την
 Αντάντ να επιβάλει στον σουλτάνο τη συνθήκη των Σεβρών (καλοκαίρι 1920). Όμως, η απόλυτη απόρριψη της συνθήκης
 από τον Κεμάλ σε συνδυασμό με την ενίσχυση του τουρκικού εθνικού κινήματος αντίστασης έκαναν τους συμμάχους επιφυλακτικούς σχετικά με το κατά πόσο ο ελληνικός στρατός θα μπορούσε να επιβληθεί.
 Οι εκλογές του 1920 και η επάνοδος του Κωνσταντίνου Λίγες μέρες
 1. Η απόφαση για συνέχιση του πολέμου μετά τον Νοέμβριο του 1920
 Αν η επιστροφή του Κωνσταντίνου και οι μεταβολές στον κρατικό μηχανισμό ικαμετά την υπογραφή της συνθήκης
 νοποιούσαν δύο από τα αιτήματα που εμπεριείχε η λαϊκή ετυμηγορία της 1ης Νοτων Σεβρών ο Βενιζέλος δέχτηκε στο
 εμβρίου, αγνοήθηκε εντελώς το βαθύτερο νόημά της, δηλ. η άρνηση του πολέμου
 Παρίσι δολοφονική επίθεση από Έλκαι η προσδοκία της αποστράτευσης. Η αντιβενιζελική ηγεσία χειρίστηκε το μικραληνες φιλοβασιλικούς, αλλά διασώθησιατικό ζήτημα σαν να μην υπήρχε άλλη επιλογή από τη συνέχιση και την κλιμάκωση της εκστρατείας. Παγιδεύθηκαν έτσι σε ένα αλυτρωτικό εγχείρημα, που τους
 κε. Λίγο μετά, στη διάρκεια ταραχών
 ήταν ξένο.
 που ξέσπασαν στην Αθήνα, δολοφοΓ. Μαυρογορδάτος, «Οι πολιτικές εξελίξεις», Ιστορία του νέου ελληνισμού, Ελληνικά
",history,12,8,7.700019319753764,0.0552742628837865,7,7.010695897710889,0.0091156215820358,4,3.999705985815581,0.0002192247314911,5,5.179956327039918,0.0458030510928065,5,4.967751307543949,0.091108164011124,3,3.033086217670075,0.0116706461387276,6,6.473686398566883,0.0683991879288513,7.777297848960075,7,6.978690129588358,0.008224120937519,7.990283753631502,4.0,15.4,59.23975387320075,0.001118907
35,35,48,49,"ΕΝΟΤΗΤΑ 10
 Ελληνική επανάσταση και Ευρώπη
 Ελληνική επανάσταση και ευρωπαϊκή διπλωματία (1821-1826) Οι Έλληνες προσπάθησαν να εξασφαλίσουν, από την αρχή
 της επανάστασης, τη συμπαράσταση των Ευρωπαίων, τόσο των ηγετών όσο και των λαών. Στις πρώτες προκηρύξεις του
 Αγώνα αλλά και στη Διακήρυξη της Α´ Εθνοσυνέλευσης τονιζόταν ότι η ελληνική επανάσταση δεν είχε στόχο την κοινωνική
 ανατροπή, αλλά ότι ήταν ένας εθνικός αγώνας με αποκλειστική επιδίωξη την ελευθερία.
 Η διεθνής συγκυρία, ωστόσο, ήταν δυσμενής. Οι ευρωπαϊκές δυνάμεις (Αγγλία, Ρωσία, Αυστρία, Πρωσία) μόλις
 1. Οι επαναστατημένοι Έλληνες
 απευθύνονται στην Ευρώπη
 είχαν νικήσει τον Ναπολέοντα και προσπαθούσαν να διαΠρος τους εν Πάτραις προξένους των ξένων επικρατειών
 μορφώσουν ισορροπίες που θα απέτρεπαν πολέμους μεΗμείς, το Ελληνικόν έθνος των Χριστιανών, βλέποντες ότι μας καγάλης κλίμακας στο μέλλον. Η Ευρώπη βίωνε την Παλινόρταφρονεί
 το οθωμανικόν γένος και σκοπεύει τον όλεθρον εναντίον
 θωση. Σε αυτές τις συνθήκες, η ελληνική επανάσταση ήταν
 μας [...], απεφασίσαμεν σταθερώς ή ν’ αποθάνωμεν όλοι, ή να ελευγια τους Ευρωπαίους διπλωμάτες ένα ακόμη πρόβλημα,
 θερωθώμεν. Και τούτου ένεκα βαστούμεν τα όπλα εις χείρας, ζημία από τις συνιστώσες του ανατολικού ζητήματος (βλέπε
 τούντες τα δικαιώματά μας. Όντες λοιπόν βέβαιοι, ότι όλα τα χριγλωσσάριο).
 στιανικά βασίλεια γνωρίζουν τα δίκαιά μας, και όχι μόνον δεν θέΚατά τα δύο πρώτα χρόνια της Επανάστασης (1821λουν μας εναντιωθή αλλά και θέλουν μας συνδράμη, και ότι έχουν
 1822) οι Δυνάμεις (Αγγλία, Ρωσία, Αυστρία, Γαλλία,
 εις μνήμην, ότι οι ένδοξοι πρόγονοί μας εφάνησαν ποτέ ωφέλιμοι
 Πρωσία) κράτησαν σταθερά αρνητική στάση απέναντί
 εις την ανθρωπότητα, διά τούτο ειδοποιούμεν την Εκλαμπρότητά
 της. Η πολιτική τους καθορίστηκε, εκτός από τα επισας και σας παρακαλούμεν να προσπαθήσετε, να είμεθα υπό την
 μέρους συμφέροντα κάθε χώρας, από την κοινή επιεύνοιαν και προστασίαν του μεγάλου τούτου κράτους.
 θυμία τους να εμποδίσουν τη διάλυση του οθωμανιΠροκήρυξη του Αχαϊκού Διευθυντηρίου
 κού κράτους, γεγονός που φοβούνταν ότι θα προκα(Αχαϊκό Διευθυντήριο: επιτροπή προσωρινής διακυβέρνησης που
 σχηματίστηκε από προύχοντες της Αχαΐας αμέσως μετά την
",history,12,8,7.997321367566968,0.0016662766872116,7,7.194561208885716,0.0431501633194326,4,3.9669151273645866,0.0116702883557517,7,6.837188404943049,0.0305554391398091,4,4.611016847540952,0.0767262025834888,3,3.001165073699667,0.0007326316910825,8,7.983359019261464,0.0059505632906453,7.047423008942673,7,6.987424182214454,0.0053836202674621,7.998827605056022,5.5,18.6,62.99932249322493,0.001332941
36,36,61,62,"B Οι πηγές αφηγούνται...
 1. Επιστολή κατοίκων της νήσου Ύδρας προς τους πλοιάρχους των ελληνικών πολεμικών,
 Ύδρα, 19 Απριλίου 1821 (απόδοση στα νέα ελληνικά)
 «Εντιμότατοι κύριοι καπεταναίοι του ελληνικού στόλου,
 ο ξεσηκωμός του ελληνικού έθνους κατά των τυράννων του και η αποστολή του στόλου μας γίνεται με
 αποκλειστικό σκοπό να πλήξουμε τον κοινό εχθρό, ώσπου να αποκτήσουμε τα δίκαια και την ελευθερία
 μας. Όλες οι έννοιες μας πρέπει να είναι προσηλωμένες σ’ αυτόν τον σκοπό, του οποίου την υλοποίηση
 επιθυμούμε και βέβαια θα επιτύχουμε εάν οδηγηθούμε με φρονήματα άξια ελευθέρων ανδρών».
 Α. Λιγνού, Αρχεία της κοινότητος Ύδρας 1778-1832, Πειραιάς 1926, τ. 7, σ. 280. Η πηγή περιέχεται στη μελέτη
 του Απόστολου Βακαλόπουλου, Επίλεκτες βασικές ιστορικές πηγές της ελληνικής επαναστάσεως, τόμ. 1, Θεσσαλονίκη 1990, σ. 196.
",history,6,8,7.880176097408707,0.0295763558553225,6,6.089991813997926,0.0435448398227395,4,3.9998614158765804,0.000112343041102,6,6.201377462786638,0.0800987917532493,3,3.226903193720318,0.0460579936001695,3,3.3778523937619127,0.0533937268443815,8,7.803148749638716,0.041587506086379,7.000903151902094,7,6.984951784914301,0.0061781886489931,7.994717097804823,4.3,15.4,43.028673835125446,0.000745325
37,37,177,178,"οι πρωθυπουργοί της Βρετανίας Τσάμπερλαιν και της Γαλλίας Νταλαντιέ υπέγραψαν με τους Χίτλερ και Μουσολίνι τη
 συμφωνία του Μονάχου, με την οποία η
 Βρετανία και η Γαλλία αποδέχονταν την
 προσάρτηση της Δ. Τσεχοσλοβακίας
 (Βοημία) στη Γερμανία. Ενθαρρυμένος
 από την επιτυχία του ο Χίτλερ, προχώρησε αμέσως μετά στη διάλυση της Τσεχοσλοβακίας. Το 1939 η Βοημία προσαρτήθηκε από τη ναζιστική Γερμανία και η
 Σλοβακία (Α. Τσεχοσλοβακία) ανακηρύχθηκε ανεξάρτητη αλλά υπό γερμανική «προστασία» (γερμανικό προτεκτοράτο).
 Παράλληλα, η Ιαπωνία είχε ξεκινήσει
 από το 1937 πόλεμο εναντίον της Κίνας,
 ενώ η φασιστική Ιταλία κατέλαβε την Αλβανία το 1939.
 Μετά απ’ όλα αυτά, ο Χίτλερ στράφηκε
 προς την Πολωνία. Οι εδαφικές διευθετήσεις του Α’ Παγκόσμιου πολέμου είχαν
",history,12,7,7.376109461113389,0.0538552166260805,8,7.679193995424029,0.0504665212394142,4,3.9993926522256515,0.0004393439952093,7,6.992838102643873,0.0033309218122575,4,4.441094754394726,0.0759257020644905,3,3.245160966454277,0.044756319304118,7,7.055523000822333,0.0652610794307116,7.992420032196463,7,6.999799082525811,0.0001815110104886,7.9968142197831185,1.6,12.6,54.65776081424936,0.001098193
38,38,93,94,"B Οι πηγές αφηγούνται...
 1. Η σύγκληση της Α΄ Εθνοσυνέλευσης στην Επίδαυρο
 «Συγκεντρώθηκαν στην Επίδαυρο οι πρώτοι νομοθέτες της Ελλάδας. Οι νεώτεροι, οι οποίοι ευτύχησαν
 να στρέψουν τα μάτια τους σε ήλιο απαλλαγμένο από τα νέφη της δουλείας, να πατήσουν γη ελεύθερη,
 να αναπνεύσουν αέρα ελεύθερο, αυτοί που κληρονόμησαν το ανεκτίμητο δικαίωμα του συνέρχεσθαι
 και συνδιαλέγεσθαι και συζητείν, αδυνατούν να φανταστούν τον έξαλλο ενθουσιασμό του έθνους, όταν
 μετά από τυραννία τετρακοσίων σχεδόν χρόνων συνερχόταν με αντιπροσώπους για να αποφασίσει ως
 κυρίαρχο έθνος για τα συμφέροντά του. Οι επιζήσαντες αντιπρόσωποι διηγούνταν ότι δάκρυα έτρεχαν
 από τα μάτια όλων, και πως φιλούσαν ο ένας τον άλλο, όπως γίνεται την ημέρα της Αναστάσεως».
 Νικόλαος Δραγούμης, Ιστορικαί Αναμνήσεις, Αθήνα 1973, τόμ. 1, σσ. 30-31.
 (Απόδοση στα νέα ελληνικά)
",history,6,8,7.903131781542783,0.0258299301431491,7,6.955436285978067,0.0696707079406511,4,3.9986759087156543,0.0008125572967298,6,5.939222065580253,0.0370617668296899,4,3.6700724839174654,0.0641955562579004,3,3.3212228577534333,0.0505889619926594,8,7.9043348187734495,0.0254402578151097,7.0011643223542706,7,6.8037896121551,0.0423358061888614,7.99637971226548,4.3,16.1,49.41666666666667,0.000882275
39,39,253,254,"επίγραμμα*.
 Την εποχή αυτή με χορηγούς τους ελληνιστικούς βασιλείς κάνουν την εμφάνισή
 τους εντυπωσιακά αρχιτεκτονικά σύνολα
 με στόχο την προβολή της δύναμης και
 του μεγαλείου των ηγεμόνων αλλά και των
 ισχυρών και πλούσιων πόλεων-κρατών,
 όπως η Ρόδος και η Κως που έχουν απομείνει ανεξάρτητες.
 Στα μεγάλα ιερά η ανέγερση νέων
 ναών στους γνωστούς αρχιτεκτονικούς
 ρυθμούς, στους οποίους όμως απαντά
 ανάμειξη διάφορων στοιχείων, αποβλέπει
 στον εντυπωσιασμό με το παιχνίδισμα του
 φωτός και της σκιάς που δημιουργείται
 από τα ευρύχωρα πτερά και την αραιότερη
 τοποθέτηση των κιόνων. Μεγάλος αρχιτέκτων της εποχής είναι ο Ερμογένης, που
 έγραψε και βιβλία για τον ιωνικό ρυθμό.
 Όπου υπάρχουν παλαιότερα κτίρια
 ανεγείρονται στοές που περιβάλλουν
 μεγάλες πλατείες ορίζοντας την έκταση
 των ιερών και αποκόπτοντάς τα από τον
",history,10,8,7.952613259840092,0.0154033301127919,8,7.562157605388506,0.0550761635954352,4,3.9980741962453976,0.0011235202120051,7,6.997788282722411,0.0012704747829389,4,4.534072368235229,0.080588655280511,3,3.201918122118286,0.0404356698646928,8,7.907156907381875,0.0256796086429568,7.020329724845425,7,7.000298767673996,0.0002750768864247,7.9931753094133455,7.9,20.8,57.49770992366412,0.001212544
40,40,89,90,"B Οι πηγές αφηγούνται...
 1. Η Ναυμαχία του Ναυαρίνου
 «Ενώ μελετούσα αυτά και ετοιμαζόμουνα για το ταξίδι στην Αίγινα μαζί με τους οπλαρχηγούς κι ήμα­
 στε μαζεμένοι, ο αέρας έφερε στ’ αυτιά μου μεγάλο κρότο, δυνατότερο κι από κανόνια. Λίγο αργότερα
 ήρθε και η είδηση ότι ο στόλος των τριών Δυνάμεων κατανίκησε το στόλο του εχθρού στο λιμάνι του
 Νεόκαστρου. Είναι αδύνατο να περιγράψει κάποιος τη χαρά εκείνης της ημέρας. Δεν ξέραμε τι να κά­
 νουμε, πώς να δείξουμε τη χαρά μας και συγχαίραμε ο ένας τον άλλο... Αυτή την ημέρα περίμεναν όλοι
 οι γέροντες και οι πατέρες μας, αυτοί που πέθαναν απελπισμένοι, αυτοί που έπεσαν στο Μεσολόγγι,
 στην Αθήνα. Ο ήχος των πυροβόλων απλώθηκε και πέρασε τα φαράγγια και τα βουνά και πάνω από τον
 Όλυμπο κι έφθασε στην Ήπειρο και σε όλη τη Μεσόγειο».
 Νικολάου Κασομούλη, Ενθυμήματα Στρατιωτικά, εισαγωγή-σημειώσεις Γιάννης Βλαχογιάννης, τόμ. 2,
 Αθήνα 1998, σσ.670-671.
 (Ελεύθερη απόδοση στα νέα ελληνικά)
",history,6,7,7.001131844641996,0.008284559935268,7,7.018809778604918,0.0742566624311544,4,3.651356422585053,0.0519258067142161,5,5.3174806050445795,0.0606125284752171,4,4.140230018098919,0.055317890868065,4,3.6859823846312736,0.0527300454071827,7,7.149373192076396,0.0582572443418309,7.939887721624473,6,6.02499814596365,0.0827130293924434,7.014060755140235,2.2,10.4,42.19125683060109,0.00096546
41,41,26,27,"2. Τι ήταν οι κλέφτες
 «Το “κλέφτης” ήτον καύχημα. Έλεγε “είμαι κλέφτης” και η ευχή των πατέρων ενός παιδιού ήτον να
 γίνη κλέφτης. Το “κλέφτης” εβγήκε από την εξουσία. Εις του πατρός μου τον καιρό, ήτον ιερό πράγμα
 να πειράξουν Έλληνα. Και όταν οι κλέπται ήρχοντο εις συμπλοκή με τους Τούρκους, όλοι οι γεωργοί
 άφηναν το ζευγάρι*, και επάγαιναν να βοηθήσουν τους κλέπτας. Εις τας ημέρας μου επειράζοντο* και
 Έλληνες ομοφρονούντες* με τους Τούρκους. Όταν ήλθε ο Ανδρούτσος, ο πατέρας του Οδυσσέως,
 εγνωρίσθηκα εις την Μάνη, και τον εσυντρόφευσα έως εις την Κόρινθο. Εις τον κατατρεγμό
 μας, διά δεκαπέντε ημέραις ούτε εκοιμώμεθα ούτε ετρώγαμε, εσώσαμε τα φουσέκια*, καθημέρα πόλεμο».
 Κολοκοτρώνη Απομνημονεύματα, Καταγραφή Γ. Τερτσέτη, επιμέλεια Τάσος Βουρνάς, Αθήνα 1983, σ. 64.
 * το ζευγάρι = τις αγροτικές εργασίες
 * επειράζοντο = τιμωρούνταν
 * ομοφρονούντες = αυτοί που συνεργάζονταν
 * εσώσαμε τα φουσέκια = ξοδέψαμε τα πυρομαχικά
",history,6,8,7.93779067015555,0.018924364516169,8,8.026983303826228,0.0148150595147928,4,3.8354873590489547,0.0359059315755447,7,6.535122727198569,0.0627915632103487,7,5.705749091692269,0.1116010155886353,3,3.0768333819195135,0.0220451151552867,8,7.957892822545151,0.0137162768844111,7.001496245669841,7,6.914429293518381,0.0227965359868695,7.996362711339316,1.1,11.7,44.836996336996336,0.000898334
42,42,98,99,"δονία ένοπλες ομάδες Βουλγάρων, που έμειναν γνωστοί ως «κομιτατζήδες» (Komitet = Επιτροπή).
 Παράλληλα, άρχισε και η ενεργή, αν και ανεπίσημη, ελληνική ανάμειξη.
 Στα 1896-1897 έφτασαν στη Μακεδονία οι πρώτες ελληνικές ένοπλες ομάδες και άρχισαν να εμπλέκονται σε συγκρούσεις με ομάδες κομιτατζήδων.
 Επιπλέον, δραστηριοποιούνταν στην περιοχή και διάφοροι Έλληνες, όπως
 ο μητροπολίτης Καστοριάς Γερμανός Καραβαγγέλης και οι διπλωμάτες
 Ίων Δραγούμης και Λάμπρος Κορομηλάς. Τον Ιούλιο του 1903 οργανώθηκε
 από την ΕΜΕΟ εξέγερση στη Μακεδονία (εξέγερση του Ίλιντεν), η οποία
 καταπνίγηκε από τον οθωμανικό στρατό. Από τις αρχές του 1904 άρχισαν
 να φτάνουν στη Μακεδονία Έλληνες αξιωματικοί, ενώ στις συγκρούσεις
 εμπλέκονταν πλέον και τουρκικά στρατεύματα. Από τους Έλληνες που πήραν μέρος στον μακεδονικό αγώνα, ξεχωριστή μορφή υπήρξε ο Παύλος
 Μελάς, που άφησε την τελευταία του πνοή στη Μακεδονία.
 Το κίνημα των Νεοτούρκων (1908) Ενώ αυτά συνέβαιναν στη Μακεδονία,
 τα όλο και πιο έκδηλα συμπτώματα παρακμής της Οθωμανικής αυτοκρατορίας ώθησαν Τούρκους αξιωματικούς, αστούς και
 διανοούμενους στην ίδρυση της οργάνωσης Ένωση και Πρόοδος, με στόχο την αντίδραση στην παραπάνω κατάσταση. Τα μέλη της έγιναν γνωστά
 ως Νεότουρκοι, ονομασία που δείχνει ότι προέτασσαν την εθνική τους ταυτότητα κι όχι τη θρησκευτική (μουσουλμανική). Το καλοκαίρι του 1908 ξέσπασε στη Θεσσαλονίκη το κίνημα των Νεοτούρκων, που με τις φιλελεύθερες εξαγγελίες του προκάλεσε, αρχικά, τη συμπάθεια των βαλκανικών λαών. Οι Νεότουρκοι υποχρέωσαν τον σουλτάνο να
 παραχωρήσει σύνταγμα. Παράλληλα, δόθηκε αμνηστία στους ένοπλους Έλληνες και Βούλγαρους και
 έτσι έλαβε τέλος ο μακεδονικός αγώνας.
",history,12,8,7.895675198551324,0.0275855484702454,7,7.007230999137057,0.0057605183073456,4,3.994784938078368,0.0026268291469167,6,6.144676309693239,0.0876319015402693,5,4.741013480190304,0.0729641636530251,3,3.0010255196993967,0.0006594385229912,8,7.874891188686313,0.0310003512447611,7.075855930270109,7,6.9700472229742445,0.0106465228836363,7.98406115977923,3.8,17.0,57.42028985507246,0.001178631
43,43,187,188,"β. Νύχτα πάνω στη νύχτα βαδίζαμε ασταμάτητα, ένας πίσω απ' τον άλλο, ίδια τυφλοί. Με Μοσχόπολη, Πόγραδετς, Αργυρόκόπο ξεκολλώντας το ποδάρι από τη λάσπη, όπου φορές, εκατοβούλιαζε ίσαμε το γόνατο.
 καστρο και Άγιοι Σαράντα. Έτσι,
 Επειδή το πιο συχνά ψιχάλιζε στους δρόμους έξω, καθώς μες στην ψυχή μας. Και τις λίγες
 το μέτωπο μεταφέρθηκε σε βάθος
 φορές όπου κάναμε στάση να ξεκουραστούμε, μήτε που αλλάζαμε κουβέντα, μονάχα σοβαεξήντα χιλιομέτρων μέσα στην
 ροί και αμίλητοι, φέγγοντας μ’ ένα μικρό δαδί, μία-μία εμοιραζόμασταν τη σταφίδα. Ή φορές
 Αλβανία. Ενώ συνέβαιναν αυτά,
 πάλι, αν ήταν βολετό, λύναμε βιαστικά τα ρούχα και ξυνόμασταν με λύσσα ώρες πολλές, όσο
 πέθανε ο Ι. Μεταξάς (τέλη Ιανουανα τρέξουν τα αίματα. Τι μας είχε ανέβει η ψείρα ως το λαιμό, κι ήταν αυτό πιο κι απ’ την
 ρίου 1941), και ο Γεώργιος Β´ διόρικούραση ανυπόφερτο.
 σε πρωθυπουργό τον Αλέξανδρο
 Οδ. Ελύτης, Άξιον Εστί (1960).
 Κορυζή.
 Στις αρχές Μαρτίου του 1941 οι
 Ιταλοί εξαπέλυσαν μεγάλη αντεπίθεση, γνωστή ως «εαρινή επίθεση». Συνάντησαν, ωστόσο, ισχυρή ελληνική αντίσταση, με αποτέλεσμα τα δεδομένα του πολέμου να μη διαφοροποιηθούν ουσιαστικά.
 Παράλληλα, το ελληνικό πολεμικό ναυτικό έπληξε αρκετές φορές ιταλικά
 πλοία και προστάτευσε τις ελληνικές εφοδιοπομπές και τα ελληνικά παράλια. Η ελληνική πολεμική αεροπορία, με τη βοήθεια λίγων βρετανικών αεροσκαφών, υποστήριξε τις χερσαίες επιχειρήσεις.
 Ο ελληνογερμανικός πόλεμος Ενώ ο ελληνοϊταλικός πόλεμος συνεχιζόταν,
 η Ελλάδα δέχτηκε και γερμανική επίθεση τόσο από γιουγκοσλαβικό έδαφος (οι
 ναζί είχαν μόλις καταλάβει τη Γιουγκοσλαβία) όσο και από βουλγαρικό (η Βουλ2. Γερμανικά άρματα μάχης κάτω από την Ακρόπολη. γαρία ήταν σύμμαχος της Γερμανίας). Οι Γερμανοί, αφού έκαμψαν τη γενναία
",history,12,8,8.00218534647405,0.0012330125720007,8,8.035858290662595,0.0140557447223684,4,4.000290342621156,0.0004134416370481,7,6.9994044722728574,0.0004058467884581,7,6.701784415727481,0.0519612116730431,4,3.9979076831111797,0.0028113599048035,8,8.001323281711393,0.0008932598687936,7.004066140731538,7,7.000057742053826,0.0002690876487687,7.991307226569916,1.5,12.1,41.90669781931464,0.000918682
44,44,41,42,"2. Η διάψευση των προσδοκιών των Ελλήνων για τις προθέσεις των Ρώσων
 «Ακόμη αυτή την άνοιξη, τούτο το καλοκαίρι,
 Κι αλίμονο στην κλεφτουριά, πως δε θα την ιδούμε,
 αυτόν του χρόνου τον κακό, αυτό του καλοκαίρι,
 γιατί δεν πάσκισε* πιστά για να λευτερωθούμε.
 μας ήρθε και ου Μόσκοβος κι ήφερε το σιφέρι,
 Μας ήρθε και μας άναψε φωτιά απ’ άκρη σε άκρη
 και τάζει πως τάχατες τη λευτεριά θα φέρει.
 Κι άφσι* να τη σβήσουμε με γιαίμα και με δάκρυ...».
 Μα πού ’ν’ η μαύρη λευτεριά; Αλίμονο σε μας, παιδιά,
 Οι στίχοι αυτοί του ιερέα Παπακυρίτση, που γράφηκαν το 1775, περιέχονται στη μελέτη του Ιωάννη Χασιώτη,
 Μεταξύ οθωμανικής κυριαρχίας και ευρωπαϊκής πρόκλησης, Θεσσαλονίκη 2001, σσ. 220-221.
",history,6,8,7.999354459803953,0.0005290626010407,8,8.053274032977015,0.0219916176259085,4,3.974667847956333,0.0100744434610425,7,6.996318940513447,0.0019565427846981,7,6.372607603901997,0.0845829683548113,3,3.5383057593171543,0.070964288443898,8,8.00046492092497,0.000673902557919,7.000037290994442,7,7.0001421008039415,0.0002465529677401,7.9481174182777465,7.5,16.2,41.506802721088434,0.000917026
45,45,74,75,"1. Σκηνή από τον ναό
 της Αθηνάς Νίκης με
 παραστάσεις Ελλήνων
 και Περσών πολεμιστών.
 Φαίνεται ότι για τους
 Έλληνες η νίκη ήταν
 πολύ σημαντική, γιατί
 για πρώτη φορά
 σκάλισαν πολεμική
 σκηνή σε ιερό κτίριο.
 (Λονδίνο, Βρετανικό
 Μουσείο)
",history,4,5,5.000383860836905,0.0002828767833997,4,3.999206305418113,0.0007993884301917,2,2.1824234087747243,0.0381502192245183,4,4.000007869264422,0.0042467161003238,3,3.0135849853650143,0.032400687487048,3,2.9527778957301507,0.0154732497611014,5,5.003974657761773,0.0022117893776756,7.962672163367358,4,4.006628020237258,0.0138819435648115,7.033065529914893,1.0,9.6,36.0,0.000611839
46,46,38,39,"Ο πρώτος βασιλιάς στη Λακωνία ήταν ένας
 ντόπιος, ο Λέλεγας. Από αυτόν οι παλιοί κάτοικοι λέγονταν Λέλεγες. Ο εγγονός αυτού, ο
 Ευρώτας, έφτιαξε ένα κανάλι στον κάμπο και
 έριξε τα νερά της περιοχής στη θάλασσα.
 Έτσι σχηματίστηκε το ποτάμι που πήρε το
 όνομά του. Ο Ευρώτας δεν είχε δικά του αγόρια και άφησε τη βασιλεία στον Λακεδαίμονα,
 τον άντρα της κόρης του, που ήταν γιος του
 Δία. Αυτός έδωσε το όνομά του στη χώρα και
 στους κατοίκους της. Μετά έχτισε μία πόλη
 που της έδωσε το όνομα της γυναίκας του,
 της Σπάρτης. Η πόλη αυτή μέχρι σήμερα
 ονομάζεται έτσι.
 Παυσανίας, Λακωνικά, Ι (διασκευή)
",history,4,6,5.995097843549374,0.0175461007313151,6,5.995445841773019,0.0032282123713206,3,2.99981327939895,0.0001713319389904,4,4.185235705533728,0.039219820405295,3,3.1112157578920687,0.0335649324360235,3,2.998510303184654,0.0009156242962803,6,5.967463623932417,0.0120254424045129,7.993307101387018,5,4.891492689865117,0.0793774486236091,7.002174805500545,0.7,6.7,32.45270890725436,0.000661392
47,47,137,138,"B Οι πηγές αφηγούνται...
 1. Στις 28 Μαρτίου του 1969 ο Γιώργος Σεφέρης έκανε την παρακάτω προφητική δήλωση στο BBC για τη
 δικτατορία των Συνταγματαρχών:
 «Κλείνουν δυο χρόνια που μας έχει επιβληθεί ένα καθεστώς ολωσδιόλου αντίθετο με τα ιδεώδη για τα οποία
 πολέμησε ο κόσμος μας και -τόσο περίλαμπρα- ο λαός μας στον τελευταίο Παγκόσμιο πόλεμο. Είναι μια κατάσταση υποχρεωτικής νάρκης όπου όσες πνευματικές αξίες κατορθώσαμε να κρατήσουμε ζωντανές με πόνους
 και με κόπους, πάνε και αυτές να καταποντιστούν μέσα στα ελώδη στεκάμενα νερά. Δεν θα μου ήταν δύσκολο
 να καταλάβω πως τέτοιες ζημιές δεν λογαριάζουν πάρα πολύ για ορισμένους ανθρώπους. Δυστυχώς δεν πρόκειται μόνο γι’ αυτόν τον κίνδυνο. Όλοι πια το διδάχτηκαν και το ξέρουν πως στις δικτατορικές καταστάσεις η
 αρχή μπορεί να μοιάζει εύκολη όμως η τραγωδία περιμένει αναπότρεπτη στο τέλος. Το δράμα αυτού του τέλους
 μας βασανίζει -συνειδητά ή ασυνείδητα- όπως στους παμπάλαιους χορούς του Αισχύλου. Όσο μένει η ανωμαλία
 τόσο προχωρεί το κακό. Είμαι ένας άνθρωπος χωρίς κανέναν απολύτως πολιτικό δεσμό και μπορώ να το πω:
 “μιλώ χωρίς φόβο και χωρίς πάθος”. Βλέπω μπροστά μου τον γκρεμό όπου μας οδηγεί η καταπίεση που κάλυψε
 τον τόπο. Αυτή η ανωμαλία πρέπει να σταματήσει. Είναι εθνική επιταγή. Τώρα ξαναγυρίζω στη σιωπή μου. Παρακαλώ το Θεό να μη με φέρει άλλη φορά σε παρόμοια ανάγκη να ξαναμιλήσω».
 2. Ρωμιοσύνη
 «Αυτά τα δέντρα δε βολεύονται με λιγότερο ουρανό,
 αυτές οι πέτρες δε βολεύονται κάτου απ’ τα ξένα βήματα,
 αυτά τα πρόσωπα δε βολεύονται παρά μόνο στον ήλιο,
 αυτές οι καρδιές δε βολεύονται παρά μόνο στο δίκιο.
 Ετούτο το τοπίο είναι σκληρό σαν τη σιωπή,
 σφίγγει στον κόρφο του τα πυρωμένα του λιθάρια,
 σφίγγει στο φως τις ορφανές ελιές του και τ’ αμπέλια του,
 σφίγγει τα δόντια. Δεν υπάρχει νερό. Μονάχα φως.
 Ο δρόμος χάνεται στο φως κι ο ίσκιος της μάντρας είναι σίδερο.
 Μαρμάρωσαν τα δέντρα, τα ποτάμια κ’ οι φωνές μες στον ασβέστη του ήλιου.
 Η ρίζα σκοντάφτει στο μάρμαρο. Τα σκονισμένα σκοίνα.
 Το μουλάρι κι ο βράχος. Λαχανιάζουν. Δεν υπάρχει νερό.
 Όλοι διψάνε. Χρόνια τώρα. Όλοι μασάνε μια μπουκιά ουρανό πάνου απ’ την πίκρα τους.
",history,6,8,8.000321423070176,0.0005857645092388,6,5.975375280642311,0.0728100704741042,,,2.953315156577469e-11,,,1.418829470748476e-11,4,3.9516285664067254,0.0469011696109756,3,3.1643618343711672,0.0360755398516723,8,8.021977058668881,0.0083298446102825,7.004607995797983,,,1.223225106870287e-09,,1.9,9.7,36.10779119256493,0.000786093
48,48,27,28,"Οι Φαναριώτες ( Έλληνες από παλιές αρχοντικές οικογένειες που κατοικούσαν στο Φανάρι, συνοικία της Κωνσταντινούπολης όπου βρισκόταν και το Πατριαρχείο), μάθαιναν ξένες γλώσσες, σπούδαζαν στη Δύση και πολλοί από αυτούς σταδιοδρομούσαν στην οθωμανική διοίκηση. Καταλάμβαναν, συχνά, υψηλές θέσεις στο οθωμανικό κράτος, και μάλιστα τον 18ο αιώνα διορίζονταν ηγεμόνες στις αυτόνομες παραδουνάβιες ηγεμονίες, τη Μολδαβία και τη Βλαχία (σημερινή Ρουμανία), θέσεις που έχασαν με την κήρυξη της επανάστασης του 1821.
 Οι προεστοί διοικούσαν τις ελληνορθόδοξες κοινότητες, συγκέντρωναν τους φόρους από τους Έλληνες και τους
 απέδιδαν στην οθωμανική διοίκηση. Είχαν αποκτήσει πολιτική εμπειρία και μεγάλες περιουσίες· αρκετοί από αυτούς
 διέθεταν και κάποια πολιτική επιρροή στους τοπικούς Τούρκους αξιωματούχους.
 Οι έμποροι και οι καραβοκύρηδες βελτίωναν την οικονομική τους κατάσταση. Μάλιστα αρκετοί από τους Έλληνες
 εμπόρους των παροικιών δεν πε2. Παροικιακός ελληνισμός, εκπαίδευση και νεωτερικές ιδέες
 ριορίζονταν απλώς στην οικονομιΦροντίζουν οι πάροικοι για την ίδρυση σχολείων στις ιδιαίτερες πατρίδες τους, σε
 κή επιτυχία, αλλά έδειχναν ενδιακτίρια στα οποία αναδεικνύεται ο διακριτός ρόλος του εκπαιδευτηρίου. Με τα κληροδοφέρον και για τη διάδοση των νετήματά τους σπουδάζουν νέοι συμπατριώτες τους στους τόπους καταγωγής ή με υποωτερικών ιδεών μεταξύ των συτροφίες τους παίρνουν το δρόμο για τα πανεπιστήμια της Βιέννης, του Göttingen, της
 μπατριωτών τους ιδρύοντας σχοΙένας, της Λειψίας, της Halle, του Παρισιού, νέοι που διψούν για τα νεωτερικά γράμματα,
 λεία στις πατρίδες τους, τυπώνονέοι που θα επανδρώσουν τα σχολεία των παροικιών αλλά και τις πολλαπλασιαζόμενες
 ντας βιβλία, περιοδικά, εφημερίδες
 εκπαιδευτικές εστίες στην Ανατολή.
 και χορηγώντας υποτροφίες.
 Ό. Κατσιαρδή-Hering, «Η ελληνική διασπορά», Ιστορία του νέου ελληνισμού, Ελληνικά
 Γράμματα, Αθήνα 2003, τόμ. 1ος, σ. 103-104.
 Οι κλέφτες ήταν αγρότες που
 αναγκάζονταν ή επέλεγαν να καταφύγουν στα βουνά όπου για να επιβιώσουν επιδίδονταν στη ληστεία.
 Συχνά υποστηρίζονταν από τους αγροτικούς πληθυσμούς και ως πρότυπα ανυπότακτης στάσης υμνήθηκαν για την τόλμη τους ή θρηνήθηκαν για
 τον θάνατό τους στα κλέφτικα δημοτικά τραγούδια.
 Οι αρματολοί ανήκαν σε ένοπλα σώματα οργανωμένα από την οθωμανική διοίκηση για την τήρηση της τάξης. Συχνά, κλέφτες γίνονταν αρματολοί και το αντίστροφο.
 Οι αγρότες ξεπερνούσαν το 80% του πληθυσμού. Καλλιεργούσαν κτήματα κρατικά ή ιδιωτικά (τσιφλίκια) που ανήκαν, συνήθως, σε Τούρκους και
 σπανιότερα σε Έλληνες. Η ζωή τους ήταν δύσκολη και στερημένη.
 Τέλος, οι απασχολούμενοι στο εμπόριο και οι ναύτες γίνονταν περισσότεροι στον βαθμό που αναπτύσσονταν το εμπόριο και η ναυτιλία.
 Κινήματα εναντίον της οθωμανικής κυριαρχίας Γύρω στις αρχές του
 18ου αιώνα, οι Έλληνες στράφηκαν στη Ρωσία, που είχε στην περιοχή κοινά
 συμφέροντα με τα ελληνικά και ήταν ομόδοξη, ζητώντας τη βοήθειά της.
",history,12,8,7.985878938824126,0.0059796190973993,7,7.013642456057514,0.0110977446529082,4,3.9991962221704966,0.0005254110308947,7,6.844652161395061,0.0356121929489748,4,4.2144398429372245,0.0525686386177322,3,3.1645369781392674,0.0359151549574102,8,7.991204595939592,0.0041228487024199,7.222696755008656,7,6.991978460377368,0.0037639083165975,7.998071567501711,4.5,18.1,58.67602939695964,0.001090296
49,49,52,53,"ΕΝΟΤΗΤΑ 11
 Τα επαναστατικά κύματα του 1830 και του 1848 στην Ευρώπη
 Οι επαναστάσεις του 1830 Γύρω στα 1830 σειρά επαναστάσεων συγκλόνισε την Ευρώπη δυτικά της Ρωσίας.
 Η επανάσταση στη Γαλλία στρεφόταν εναντίον του βασιλιά Καρόλου Ι´, που επιχείρησε να αποδώσει στους αριστοκράτες και στην εκκλησία κάποια από τα προνόμια που εί1. Ε. Ντελακρουά,
 χαν πριν από το 1789. Η μεγαλοαστική τάξη και τα λαϊκά στρώΗ ελευθερία
 οδηγεί τον λαό.
 ματα αντέδρασαν έντονα. Η κρίση κορυφώθηκε όταν ο αυταρΠίνακας
 χικός Κάρολος Ι´ διέλυσε τη Βουλή (Μάρτιος 1830), περιόρισε
 εμπνευσμένος
 δραστικά τα εκλογικά δικαιώματα των αστών και επέβαλε αυαπό τη γαλλική
 επανάσταση
 στηρή λογοκρισία. Αμέσως, πλήθη λαού, με επικεφαλής ριζοσπάτου 1830.
 στες δημοκρατικούς, έστησαν οδοφράγματα στους δρόμους
 του Παρισιού εξαναγκάζοντας τον Κάρολο Ι´ σε παραίτηση και
 αξιώνοντας την εγκαθίδρυση αβασίλευτης δημοκρατίας. Οι φιλελεύθεροι αστοί, όμως, που έλεγχαν την κατάσταση, ευνόησαν την άνοδο στον θρόνο του μετριοπαθούς βασιλιά Λουδοβίκου-Φιλίππου.
 Η επανάσταση στο Βέλγιο, που ήταν τμήμα του Βασιλείου των
 Κάτω Χωρών, προκλήθηκε κυρίως από το ότι ο βασιλιάς Γουλιέλμος Α´ της Οράγγης ευνοούσε τα ολλανδικά οικονομικά συμφέροντα σε βάρος των βελγικών. Ενισχύθηκε, επίσης, από
 τις θρησκευτικές διαφορές που υπήρχαν ανάμεσα στους προτεστάντες Ολλανδούς και τους καθολικούς Βέλγους.
 Έτσι, οι Βέλγοι επαναστάτησαν και ίδρυσαν το ανεξάρτητο βασίλειο του Βελγίου το 1830.
 Η επανάσταση στην Πολωνία ξεκίνησε με κύριο αίτημα την ανεξαρτησία από τη Ρωσία, τμήμα της οποίας ήταν έως
 τότε τα πολωνικά εδάφη. Η επέμβαση, ωστόσο, ισχυρών ρωσικών δυνάμεων και οι διαφωνίες μεταξύ των επαναστατών οδήγησαν τελικά στην αποτυχία της επανάστασης και στην επιβολή ενός ιδιαίτερα αυταρχικού καθεστώτος.
 Οι επαναστάσεις του 1848 Λίγα χρόνια αργότερα, στα 1848,
 ξέσπασαν νέες επαναστάσεις. Τα αίτιά τους ήταν ποικίλα.
 1. Τα κίνητρα των επαναστατών του 1848
 Καθένας [ενν. από όσους συμμετέχουν στις επαΤα οικονομικά και κοινωνικά αίτια σχετίζονταν με τη σταθερή
 ναστάσεις του 1848] αντλεί τα κίνητρα που ταιριάπτώση του βιοτικού επιπέδου των λαϊκών στρωμάτων σε πολλές
",history,12,8,7.903407361735191,0.0270421993795913,7,7.127929190697046,0.0401904341650223,4,3.999711841075623,0.0002250629546667,7,6.987690181509151,0.0047790119107316,5,4.7386235159400485,0.0762575762878502,3,3.0001024034409056,9.507803065119336e-05,8,7.1951782408524,0.0833559474510574,7.106685829096534,7,6.999219487302071,0.0005110490433897,7.997813381525788,2.9,14.6,51.28247088309008,0.001018933
50,50,27,28,"Ματιά στο παρελθόν
 Ο Νικοτσάρας
 Ο Νικοτσάρας αποτελεί χαρακτηριστική περίπτωση αρματολού, ο οποίος έγινε κλέφτης.
 Το 1794 διαδέχθηκε στην ηγεσία του αρματολικιού του Ολύμπου τον δολοφονημένο πατέρα του. Από το 1801 έως το φθινόπωρο του 1802, με ορμητήριο το Άγιο Όρος, πραγματοποίησε ναυτικές επιχειρήσεις κατά των Τούρκων. Το 1806 συμμετείχε επίσης ενεργά,
 στο πλευρό του Θεόδωρου Κολοκοτρώνη, στις επιθέσεις εναντίον των Τούρκων, που οργανώθηκαν από τους Ρώσους στη Ζάκυνθο. Λίγο αργότερα συνεργάστηκε με τον Ρώσο
 ναύαρχο Δημήτριο Σινιάβιν στην Τένεδο και το Άγιο Όρος. Την ίδια περίοδο έδρασε στη
 Μακεδονία, δίνοντας δύο τριήμερες μάχες: την πρώτη στο βουνό Μένοικο κατά του βαλή
 της πόλης των Σερρών Ισμαήλ Μπέη και την δεύτερη στη γέφυρα του ποταμού Αγγίτη,
 κοντά στο Πράβι (σημερινή Ελευθερούπολη Καβάλας). Πέθανε τον Ιούνιο του 1807 στον
 Όλυμπο και ενταφιάστηκε στη Σκιάθο.
",history,6,6,6.4558405128249206,0.0594589165012361,6,5.924859161090069,0.030037867175796,3,3.0600856618268537,0.0182464339830627,5,5.763735298010488,0.0905583221765672,4,3.9676124820980476,0.0497044793988227,3,3.000294199380228,0.0002190050434703,6,6.011070052962168,0.0050772682952456,7.932452934196334,7,6.881571496694733,0.0274808030168222,7.973538825288415,3.6,14.5,49.385998107852416,0.001117587
51,51,126,127,"Κούρος από
 νεκροταφείο της
 Αναβύσσου
 (530 π.Χ.).
 Η επιγραφή στη
 βάση του
 αγάλματος λέει:
 «Στάσου και κλάψε
 μπρος στο μνήμα του
 νεκρού Κροίσου που
 θανάτωσε ο
 βίαιος Άρης καθώς
 πολεμούσε στην
 πρώτη γραμμή».
",history,10,8,7.939911747446558,0.0182542669173767,4,4.038120690711367,0.0087183694002824,3,3.0109839524955646,0.0048613968256135,7,6.983288209539026,0.0064455512513319,3,3.2688185740680638,0.0507219711045757,3,3.0002122643349054,0.0003418442079526,8,7.952517834016714,0.0153886634039794,7.025954953124369,7,6.997318935329343,0.0014294170280362,7.998662751437635,2.6,11.4,30.666666666666668,0.00102728
52,52,94,95,"Ο Περικλής αποφάσισε να ξαναφτιάξει τους ναούς που είχαν καταστρέψει οι Πέρσες. Για τον σκοπό αυτό χρησιμοποίησε και χρήματα από
 το συμμαχικό ταμείο. Γρήγορα στην Αθήνα άρχισαν να κατασκευάζονται
 τόσα έργα, όσα δεν είχαν γίνει ποτέ τα προηγούμενα χρόνια.
    Πάνω στην Ακρόπολη στήθηκαν λαμπρά μνημεία, που και σήμερα
 γνωρίζουν παγκόσμιο θαυμασμό. Ο Περικλής ανάθεσε στον φίλο του,
 τον Φειδία, να παρακολουθεί προσωπικά τα έργα.
    Το πρώτο μνημείο που συναντούσε κάποιος ανεβαίνοντας στην
 Ακρόπολη ήταν τα Προπύλαια. Δεξιά είχε κτιστεί ο ναός της Αθηνάς
 Νίκης. Στο ψηλότερο σημείο ήταν ο Παρθενώνας, αφιερωμένος και
 αυτός στην Αθηνά.
 Ο Παρθενώνας αποτελεί το κυριότερο έργο της ελληνικής αρχιτεκτονικής. Μέσα στον ναό είχε τοποθετηθεί το χρυσελεφάντινο άγαλμα της
 Αθηνάς, έργο του Φειδία. Στο μέρος όπου είχε γίνει, σύμφωνα με τον μύθο, ο αγώνας ανάμεσα στην Αθηνά και τον Ποσειδώνα για το ποιος θα
 δώσει το όνομά του στην πόλη της Αθήνας, χτίστηκε το Ερέχθειο.
 Ο χώρος γύρω ήταν γεμάτος από αφιερώματα. Ανάμεσα σ’ αυτά
 υπήρχε και το χάλκινο άγαλμα της Αθηνάς που είχε ύψος εφτά μέτρα. Η
 άκρη από το δόρυ της Αθηνάς φαινόταν από πολύ μακριά.
",history,4,7,7.00385153866651,0.009251672447546,4,4.81070262265348,0.08456210924834,3,3.0000337820101777,4.223710669934575e-05,4,4.04202540154381,0.0141751796199771,3,3.37580686523404,0.0568438986797669,3,2.9964096058320724,0.0019159321733174,6,6.029573218472251,0.0107402560403147,7.995389604758884,5,4.877704731135054,0.0415821213927626,7.005851398083905,1.3,9.8,37.934065934065934,0.000857936
53,53,153,154,"οποία κατοικούσαν και πυκνοί ελληνικοί πληθυσμοί
 στη δυτική Μ. Ασία και στον Πόντο υπήρχαν ακμαίες ελληνορθόδοξες κοινότητες η θέση των οποίων επιδεινώθηκε ραγδαία μετά την επικράτηση των Νεοτούρκων
 το τουρκικό εθνικό κίνημα αντίστασης με επικεφαλής τον Μουσταφά Κεμάλ εξελίχθηκε σε παράγοντα καθοριστικό για τις εξελίξεις στη Μικρά Ασία
 η μικρασιατική εκστρατεία κατέληξε σε ελληνική ήττα και αυτή με τη σειρά της είχε ως αποτέλεσμα τον ξεριζωμό του μικρασιατικού ελληνισμού
 το καλοκαίρι του 1923 υπογράφτηκε η συνθήκη της Λοζάνης, που όριζε, μεταξύ άλλων ως υποχρεωτική την
 ανταλλαγή πληθυσμών ανάμεσα στην Ελλάδα και την Τουρκία
 μετά τον μικρασιατικό πόλεμο, στην Ελλάδα ξέσπασε κίνημα που εκδίωξε τον Κωνσταντίνο, καταδίκασε και
 εκτέλεσε έξι ηγετικά στελέχη της βασιλικής παράταξης ως υπεύθυνα για την ήττα και προχώρησε σε διανομή
 γαιών· την ίδια στιγμή στην Τουρκία, ο Κεμάλ προωθούσε ριζικές μεταρρυθμίσεις επιδιώκοντας τη μετατροπή
 της χώρας του σε σύγχρονο εθνικό κράτος δυτικού τύπου.
",history,12,8,7.998296745733455,0.0012992110978717,8,7.852013031773865,0.0337543851030254,4,3.999965915501889,7.308317918022477e-05,7,7.000062292272524,6.074270942638625e-05,6,5.717062269028702,0.0552805187011701,4,3.9485180686379806,0.017776072619481,8,7.995193625928721,0.0029305572775938,7.004605066839758,7,7.001490737715244,0.0009147661107352,7.987293022219383,24.7,42.5,189.5,0.002396074
54,54,96,97,"παράθεμα 2 Οι μεγάλοι καλλιτέχνες της Αθήνας,
 τα έργα τους και η βοήθεια της θεάς Αθηνάς
 Ο Περικλής είχε ανα­θέ­
 σει στον Φειδία να επι­
 βλέψει όλα τα έργα της
 Αθήνας. Το κάθε έργο
 ξε­χωριστά το είχαν ανα­
 λάβει μεγάλοι αρχιτέκτονες και τεχνίτες.
 Στον Παρθενώνα εργάζονταν οι αρχιτέκτονες
 Ικτίνος και Καλλικράτης. Το μακρύ τείχος το
 είχε αναλάβει επίσης ο
 Καλλικράτης.
 4. Τμήμα από ζωφόρο του Παρθενώνα που βρίσκεται στο Βρετανικό
 Τα Προπύλαια της
 Μουσείο. Η αναπαράσταση δείχνει ότι αρχικά τα μάρμαρα ήταν
 καλυμμένα με χρώμα.
 Ακρόπολης τελείωσαν
 μέσα σε πέντε χρόνια
 κάτω από την επίβλεψη του Μνησικλή. Κατά την ανοικοδόμησή τους, ο πιο άξιος εργάτης γλίστρησε κι έπεσε από ψηλά. Ήταν σε άσχημη κατάσταση και οι γιατροί πίστευαν ότι θα πεθάνει.
 Ο Περικλής ήταν πολύ στενοχωρημένος. Ξαφνικά στον ύπνο του παρουσιάστηκε η θεά Αθηνά
 και του υπέδειξε τον τρόπο με τον οποίο θα θεραπευόταν ο τεχνίτης. Εκείνος αμέσως τον μετέφερε στους γιατρούς. Γρήγορα ο τραυματισμένος τεχνίτης έγινε καλά. Με αυτόν τον τρόπο
 φάνηκε το ενδιαφέρον της θεάς Αθηνάς για τα έργα. Σε ανάμνηση όλων αυτών έστησαν στην
 Ακρόπολη το χάλκινο άγαλμα της Αθηνάς – Υγείας, το οποίο έφτιαξε ο Φειδίας, όπως και το
 χρυσό άγαλμα της Αθηνάς.
 Πλούταρχος, Περικλής, 13 (διασκευή)  
",history,4,6,6.121689231136248,0.0301088829084061,7,6.637058472534704,0.057943443543445,3,3.000002485830464,3.779921119352483e-06,5,4.957770847196571,0.0177824121987654,3,3.280454953201115,0.0511997011222218,3,3.000517317790851,0.0005274465198691,6,6.0009539076982605,0.000606209069089,7.9840923067765175,5,5.2179398215221795,0.0465500062184835,7.003551018206053,1.1,9.4,39.84279021,0.000823359
55,55,106,107,"2. Η κορινθιακή σταφίδα
 «Η κορινθιακή σταφίδα καλλιεργείται από τον Ισθμό ως την Αρκαδία, σ’ όλες σχεδόν τις ακτές, βόρειες
 και δυτικές, του Μοριά. Ο καρπός έχει ένα χρώμα γαλαζωπό και μέγεθος φραγκοστάφυλου. Δεν έχει
 κουκούτσια και είναι κρεμασμένος σε μακρουλά τσαμπιά. Μαζεύουν την κορινθιακή σταφίδα την ίδια
 εποχή με όλα τα άλλα σταφύλια. Μόλις την κόψουν, την ξεραίνουν στο φούρνο, την αμπαλάρουν και
 την στέλνουν στη Αγγλία. Αν η Ελλάδα σταματούσε να παράγει αυτούς τους μικρούς πολύτιμους καρπούς, δεν θα υπήρχαν πια ούτε plum-puddings, ούτε plum-cakes (πουτίγκες και κέικ), ούτε καμιά απ’
 αυτές τις λιχουδιές που έχουν για βάση τους την κορινθιακή σταφίδα. Αν η αρρώστεια της σταφίδας που
 κατέστρεψε στα 1852 τα δύο τρίτα της σοδειάς, είχε χτυπήσει τα κλήματα, η Αγγλία θα στερούνταν την
 πιο αγνή της απόλαυση και η Ελλάδα το πιο ουσιαστικό από τα εισοδήματά της».
 Έντμοντ Αμπού, Η Ελλάδα τον Όθωνος, πρόλογος, επιμέλεια και σχολιασμός Τάσος Βουρνάς, Αθήνα, χχ., σσ.
 96-97.
",history,6,6,6.002506222975953,0.001427117763862,4,5.038519072259078,0.0882102894305845,3,2.998299942471701,0.0010079973690961,4,4.098392387158285,0.0265538651053167,7,5.945008639246225,0.1015344720714274,3,2.9999363444591793,0.0002661363505488,6,6.000051009225672,8.642161215096751e-05,7.914899946695016,5,5.420918731225811,0.0729163810784719,7.0026600454584695,3.9,13.2,42.30797773654916,0.000914317
56,56,156,157,"Οι Αθηναίοι, λοιπόν, είχαν ζήσει για
 πολλούς αιώνες στην ύπαιθρο, σε
 αυτόνομους οικισμούς. Αλλά και
 όταν ακόμη οργανώθηκαν σε μία
 μόνη πολιτεία, εξακολούθησαν, και
 οι παλιότεροι και οι νεότεροι, μέχρι
 του πολέμου αυτού να ζουν στην
 ύπαιθρο, όπου και είχαν γεννηθεί.
 Γι’ αυτό και δυσφορούσαν με την
 μετοικεσία αυτή και, μάλιστα,
 επειδή μόνον τους τελευταίους
 καιρούς είχαν συνέλθει από τις
 ζημιές που είχαν πάθει στα μηδικά.
 Με θλίψη βαριά εγκαταλείπαν τα
 σπίτια τους και τους ναούς τους
 που ήσαν, από τα αρχαία χρόνια,
 πατροπαράδοτη κληρονομιά τους
 κι έπρεπε τώρα ν’ αλλάξουν τρόπο
 ζωής. Είχαν ο καθένας το αίσθημα
 ότι εγκατέλειπε την πραγματική
 του πατρίδα.
",history,10,8,7.952608696885505,0.0154439438652439,7,7.315000589221654,0.0526120512142661,4,3.622462507179648,0.0532315207270785,5,5.8531690001932475,0.0910451846345867,4,4.197272296556662,0.0515570485361827,4,3.915604709383018,0.0237920126719215,8,7.880134702742794,0.0296352261123312,7.008569429907766,7,6.979725560282532,0.0079659589816727,7.998051890024726,4.3,14.1,47.350819672131145,0.001095363
57,57,236,237,"(Οι Ρωμαίοι) ελπίσανε ότι θα προλάβαιναν να ξεπεράσουν στις ετοιμασίες τους εχθρούς
 μέσα σε πέντε μέρες, γιατί δούλευαν πολλά χέρια, χωρίς να υπολογίσουν τη δύναμη του
 Αρχιμήδη και να προβλέψουν ότι μια σκέψη κάποτε είναι πιο αποτελεσματική από όλο
 το πλήθος…
 Οι Ρωμαίοι λοιπόν σκέπτονταν να προσεγγίσουν τους πύργους με τον τρόπο αυτό. Ο
 Αρχιμήδης όμως, έχοντας ετοιμάσει μηχανήματα με διαφορετική εμβέλεια, όταν έπλεαν
 από μακριά τούς χτυπούσε με τους πιο ισχυρούς και μεγάλους λιθοβόλους και βλήματα,
 φέρνοντάς τους σε αμηχανία και αδυναμία δράσης. Όταν όμως τα βλήματα ξεπερνούσαν
 τον στόχο, χρησιμοποιούσε, ανάλογα πάντοτε με τη νέα απόσταση, εκτοξευτές με
 μικρότερο βεληνεκές και τους δημιουργούσε τέτοια ταραχή, ώστε έκοβε εντελώς την
 επιθετική ορμή των καραβιών.
 Πολύβιος Η., 3.3. και 5. 1-3 (μετ. Ν.Δ. Τριανταφυλλόπουλου)
",history,10,8,7.851906815350904,0.0337064158590934,8,7.991580917460997,0.0040866016373412,4,4.000421713604737,0.0003116673005089,7,6.640376348398149,0.0581258195264364,5,4.872321408767675,0.0874120433033135,4,4.021734563168138,0.0140414645148977,8,7.946586655452847,0.0167874273157303,7.008572630018534,7,6.999180080652977,0.000536364956065,7.999079379352224,12.3,26.1,50.93197278911565,0.000912099
58,58,233,234,"του προέδρου της Δημοκρατίας και ενισχύθηκαν οι ρόλοι του Κοινοβουλίου και του πρωθυπουργού στο πλαίσιο του πολιτεύματος.
 Σημαντικές εξελίξεις υπήρξαν, ακόμη, στο
 πεδίο των ελληνοτουρκικών σχέσεων, όπου,
 ενώ αρχικά η ελληνική πλευρά έδειξε καλή θέληση, στη συνέχεια αντέδρασε αποφασιστικά
 στην απόπειρα της Τουρκίας να δημιουργήσει
 «τετελεσμένη» κατάσταση συνεκμετάλλευσης
 του πετρελαίου του Αιγαίου. Υπό την απειλή
 ενδεχόμενου πολέμου, η Τουρκία υποχρεώθηκε να υποχωρήσει (Μάρτιος 1987).
 Στα τέλη της τετραετίας, οι καταγγελίες σε
 βάρος στελεχών της κυβέρνησης για οικονομικά σκάνδαλα όξυναν την πολιτική αντιπαράθεση. Επιπλέον, η κατάσταση επιβαρύνθηκε
 από τα σοβαρά προβλήματα υγείας που αντιμετώπιζε ο Α. Παπανδρέου.
",history,12,8,7.970724215937196,0.0108217791050683,7,7.0859689056687785,0.0440868798345454,4,4.000186129756912,0.0002571960203383,7,6.998231747124919,0.0010441510994855,4,4.123798836465426,0.0446903771494931,4,3.835527175450295,0.0359349754163129,8,7.621184745227371,0.0537596131858194,7.033083792365346,7,6.999799323381467,0.0001737773938569,7.997513009781869,3.7,18.8,61.538053097345134,0.0012163
59,59,115,116,"Μεγάλη δύναμη απέκτησε η Μακεδονία, όταν πήρε την εξουσία στα
 χέρια του ο Φίλιππος Β′ (359 π.Χ.). Ο Φίλιππος από την πρώτη στιγμή
 προσπάθησε να δημιουργήσει ισχυρό στρατό. Εφοδίασε τους στρατιώτες με μικρή ασπίδα και μακρύ δόρυ, τη σάρισα, που είχε μήκος
 5 μέτρα περίπου. Η μακεδονική φάλαγγα, όταν βάδιζε παραταγμένη,
 έμοιαζε με φρούριο που κινείται. Πολύ ισχυρό ήταν και το ιππικό.
 Πέτυχε έτσι όχι μόνο να αντιμετωπίσει τους βόρειους γείτονές του, αλλά
 και να απλώσει την κυριαρχία του κράτους του σε όλη την περιοχή της Μακεδονίας και της Θράκης. Τα χρυσωρυχεία του Παγγαίου τον βοήθησαν να κόψει νομίσματα και να φέρει οικονομική ανάπτυξη στο κράτος του. Η Πέλλα, η
 πρωτεύουσα του κράτους, έγινε μεγάλο οικονομικό και πνευματικό κέντρο.
 Ο Φίλιππος θέλησε να κυριαρχήσει και στη νότια Ελλάδα. Ως αφορμή βρήκε κάποια διαμάχη των κατοίκων που ζούσαν στις περιοχές γύρω από το μαντείο των Δελφών. Όταν ο στρατός του πέρασε τις Θερμοπύλες, οι Θηβαίοι και οι Αθηναίοι κατάλαβαν ότι κινδυνεύουν. Πήραν τότε την απόφαση να τον εμποδίσουν. Η μεγάλη σύγκρουση έγινε
 στη Χαιρώνεια (338 π.Χ.). Στη μάχη αυτή νίκησε ο Φίλιππος, ενώ διακρίθηκε κι ο γιος του Αλέξανδρος πολεμώντας στην πρώτη γραμμή.
",history,4,7,6.68282339153788,0.0517874033358947,6,6.009152300461679,0.0128083924121175,3,3.0003349316070853,0.0002428059688572,4,4.085208539847855,0.023489019551923,4,3.8383129707824537,0.0446908270705597,3,3.002800220185584,0.0015476529338663,6,6.002531337965138,0.0014222399793197,7.995927428966212,5,5.011816212954727,0.037299382589594,7.0015593300631735,1.6,9.9,38.10714285714286,0.00090219
60,60,60,61,"επανάσταση από την Πελοπόννησο και τη Στερεά Ελλάδα μεταδόθηκε σύντομα στα νησιά
 του Αιγαίου. Πρώτα επαναστάτησαν οι κοντινές Σπέτσες με τη Μπουμπουλίνα, τον Απρίλιο του 1821 και ακολούθησε η Ύδρα, με πρωτοστάτη τον πλοίαρχο Αντώνιο Οικονόμου. Στη
 συνέχεια ξεσηκώθηκαν τα Ψαρά, η Σάμος, η Κάσος και τα Δωδεκάνησα. Επαναστατική δραστηριότητα εκδηλώθηκε και στην Κρήτη, ιδιαίτερα στα Σφακιά, ενώ οι κάτοικοι των Κυκλάδων
 φάνηκαν διστακτικοί.
 Τα εξεγερμένα νησιά συμμετείχαν αποφασιστικά στον μεγάλο ξεσηκωμό του 1821. Τα ελληνικά καράβια, παρόλο που ήταν λιγότερα σε αριθμό και μικρότερα σε χωρητικότητα, κυριαρχούσαν στο Αιγαίο, καθώς ήταν ταχύτερα και διέθεταν πληρώματα με μεγάλη ναυτική εμπειρία.
 Οι Έλληνες ναυτικοί διακρίθηκαν σε τρία είδη πολεμικών επιχειρήσεων: α) στην πολιορκία
 παραθαλάσσιων κάστρων, όπως η Μονεμβασιά και το Ναυαρίνο και στην υποστήριξη χερσαίων
 μαχών από τη θάλασσα, β) σε καταδρομές στα παράλια της Μικράς Ασίας, όπου αιχμαλώτιζαν ή
 κατέστρεφαν εχθρικά πλοία, με αποτέλεσμα να παρεμποδίζεται ο τουρκικός στόλος να πλεύσει
 προς την Πελοπόννησο και γ) σε ναυμαχίες στο ανοιχτό πέλαγος, στις οποίες συμμετείχαν και
 τα περίφημα πυρπολικά, σκάφη γεμάτα με εύφλεκτο υλικό που προσδένονταν στα οθωμανικά
 πλοία και κατόπιν έπαιρναν φωτιά.
 Σημαντική δράση στη θάλασσα ανέπτυξαν, ανάμεσα σε άλλους, οι Ψαριανοί Δημήτριος
 Παπανικολής και Κωνσταντίνος Κανάρης καθώς και ο Ανδρέας Μιαούλης από την Ύδρα.
 Αντιδρώντας οι Τούρκοι, προχώρησαν σε αντίποινα σε βάρος του ελληνικού πληθυσμού
 που κατοικούσε στα παράλια της Μικράς Ασίας αλλά και στα νησιά. Τον Απρίλιο του 1822 η
 Χίος καταστράφηκε ολοκληρωτικά από Τούρκους στρατιώτες και οι περισσότεροι από τους κατοίκους της σφαγιάσθηκαν. Ήταν ένα γεγονός που συγκλόνισε τους χριστιανικούς λαούς της
 Ευρώπης.
 Οι αποτυχίες του τουρκικού στόλου κατά το 1821 ανάγκασαν τον Σουλτάνο να ζητήσει τη
 συνδρομή του πασά της Αιγύπτου Μεχμέτ Αλή, ο οποίος διέθετε ένοπλες δυνάμεις εκπαιδευμένες από Ευρωπαίους αξιωματικούς.
 Τα επόμενα χρόνια οι συγκρούσεις στη θάλασσα εντάθηκαν. Τους μήνες Μάιο και Ιούνιο
 του 1824 ενωμένος ο τουρκοαιγυπτιακός στόλος επιτέθηκε στην Κάσο και τα Ψαρά, που αποτελούσαν τις κύριες ναυτικές βάσεις των επαναστατημένων Ελλήνων. Κι ενώ η διχόνοια ταλάνιζε
 τους Έλληνες, Τούρκοι και Αιγύπτιοι αποβιβάστηκαν στα δύο νησιά και μετά από σκληρές
 μάχες με τους υπερασπιστές τους, τα κατέστρεψαν.
 Σε ναυμαχία που πραγματοποιήθηκε τέλη Αυγούστου του 1824 στον κόλπο του Γέροντα,
 στα παράλια της Μικράς Ασίας, ο ελληνικός στόλος κατάφερε να νικήσει τον ογκώδη τουρκοαιγυπτιακό. Ο ναύαρχος Μιαούλης προκάλεσε σύγχυση στα εχθρικά πλοία με τους ελιγμούς που
",history,6,8,7.496431800660076,0.0710414546932166,6,6.060871051898928,0.0229037895109193,4,3.9579134590602436,0.0140161301297319,5,5.047721555866843,0.0219200849627113,5,4.870830931176357,0.0776313863327841,3,3.001700365669876,0.001008130266326,8,7.288241689794244,0.0831285458566443,7.731055520957057,7,6.837459067795862,0.0375007246601009,7.9989676758189034,5.0,17.4,61.18322082931533,0.001207992
61,61,136,137,"Ο Μ. Αλέξανδρος και οι διάδοχοί του ίδρυσαν νέες πόλεις σε διάφορες περιοχές. Πολλές απ’ αυτές γνώρισαν μεγάλη οικονομική ανάπτυξη. Γι’ αυτό πήγαν να εργαστούν εκεί και πολλοί Έλληνες. Αυτό
 είχε ως αποτέλεσμα να παρακμάσουν οι πόλεις της Ελλάδας και να
 ερημώσει η ύπαιθρος. Οι κάτοικοι των πόλεων ασχολούνταν περισσότερο με το εμπόριο και τη βιοτεχνία. Αρκετοί μάλιστα απέκτησαν
 πλούτη και ζούσαν μέσα στην πολυτέλεια και τις ανέσεις. Οι πιο πολλοί όμως ζούσαν φτωχικά, παρόλο που δούλευαν σκληρά.   
 Οι καινούριες πόλεις είχαν μεγάλους δρόμους, απέραντες πλατείες, ιππόδρομους, γυμναστήρια, ναούς, κήπους και μεγαλόπρεπα ανάκτορα. Πολλοί κάτοικοι μιλούσαν και έγραφαν την ελληνική γλώσσα.
 Η μορφή της ήταν πιο απλή και ονομάστηκε ελληνιστική κοινή.
 Οι άνθρωποι εκτός από τους δώδεκα θεούς του Ολύμπου λάτρευαν και
 θεούς της Ανατολής, όπως τον Σάραπη και την Ίσιδα. Έπαιρναν μέρος
 σε αγώνες, θρησκευτικές γιορτές και πανηγύρια. Ο απλός λαός αγαπούσε αυτού του είδους τις διασκεδάσεις και χαιρόταν την καθημερινότητά
 του. Οι μορφωμένοι περνούσαν τον ελεύθερο χρόνο τους στα συμπόσια,
 τις βιβλιοθήκες και το θέατρο παρακολουθώντας τραγωδίες ή κωμωδίες .
",history,4,6,6.076168434251542,0.0217456041371601,6,6.277885336492574,0.0607100943371517,3,3.002472433415778,0.0013906328748152,4,4.201921699241666,0.0405589051593961,4,3.9932962006887465,0.0465579851378244,3,3.022980007696219,0.0087884493928018,6,6.002260024607494,0.0013018890854969,7.994779022565098,5,5.04349211585054,0.0291174602993479,7.002375308642513,1.0,11.6,45.54350978970268,0.000878574
62,62,257,258,"συντηρούνται από αυτούς. Οι ιδιωτικές
 κατοικίες είναι συχνά εντυπωσιακές με
 τους πολλούς ορόφους τους, τα δωμάτια
 γύρω από μεγάλες περίστυλες αυλές και τα
 ψηφιδωτά δάπεδα.
 Στη γλυπτική εμφανίζονται νέα θέματα
 και νέες τεχνοτροπίες. Εκτός από τους θεούς,
 τους ήρωες και τα μυθολογικά πρόσωπα,
 που απεικονίζονται συνήθως με τρόπο που
 θυμίζει τα κλασικά έργα –νεοκλασικισμός– οι γλύπτες παριστάνουν τώρα
 τύπους καθημερινούς και ρεαλιστικούς,
 χωρίς δηλαδή την εξιδανίκευση της
 κλασικής τέχνης. Γέροι, γριές, τσοπάνηδες,
 ψαράδες, χορευτές, νάνοι, καμπούρηδες,
 παιδιά παριστάνονται όπως είναι στην
 πραγματικότητα – κοινωνικός ρεαλισμός.
 Είναι μία τέχνη που σιγά-σιγά αποκτά, εκτός
 από τον θρησκευτικό, και διακοσμητικό
 χαρακτήρα, αφού τέτοια αγάλματα δια-
",history,10,7,7.028826193931373,0.0109525254490671,7,7.0313958992094285,0.0381072445830652,4,3.9968291478215967,0.0017222004697884,7,6.963993907371943,0.0125683499502904,4,4.16246029406102,0.0578134211415879,4,3.6518352151329054,0.0521663517474474,7,7.09021740035422,0.0382384109331661,7.987560702425526,7,6.9981017744194105,0.0012623353698132,7.998479981888224,2.8,17.2,51.23333333333333,0.001128435
63,63,250,251,"και δεν κάνουν διάκριση ανάμεσα σε Έλληνες και «βαρβάρους», δούλους και ελεύθερους,
 κοινωνικά ανώτερους και κατώτερους ανθρώπους.
 Και οι δύο αυτές σχολές έριξαν το βάρος τους στην ηθική διδασκαλία, επηρέασαν τους
 Λατίνους φιλοσόφους και διά μέσου αυτών τη φιλοσοφία της Αναγέννησης και τη νεότερη
 ευρωπαϊκή και παγκόσμια φιλοσοφία.
 Παράλληλα υπάρχουν και άλλα φιλοσοφικά ρεύματα, όπως των σκεπτικιστών, των κυνικών κ.ά.
 Εξαιρετικά σημαντική δημιουργία των ελληνιστικών χρόνων, πάντα με επίκεντρο τις αυλές
 των ελληνιστικών βασιλέων, είναι οι φιλολογικές επιστήμες. Ξεκινώντας από τα ομηρικά
 κείμενα φιλόλογοι και λεξικογράφοι ασχολούνται με τη γραμματική, την ετυμολογία των
 λέξεων, με τα γλωσσικά ιδιώματα και περίεργες και σπάνιες λέξεις, ερμηνεύουν τα κείμενα
 του Ομήρου και άλλων ποιητών. Στην Αλεξάνδρεια ιδρύονται δύο μεγάλες βιβλιοθήκες
 με εκατοντάδες χιλιάδες παπυροκυλίνδρους. Στην Πέργαμο επίσης ιδρύεται η δεύτερη σε
 σπουδαιότητα αρχαία βιβλιοθήκη με κείμενα γραμμένα πάνω στα περίφημα περγαμηνά
 δέρματα (περγαμηνές), καθώς και στην Αντιόχεια.
 Πλήθος ιστορικών συγγραμμάτων με
 ιστορίες για τον Μ. Αλέξανδρο και τους
 διαδόχους γράφονται, οι ιστορικοί που
 ξεχωρίζουν όμως και συγγράφουν
 παγκόσμια ιστορία είναι ο Πολύβιος
 από τη Μεγαλόπολη της Αρκαδίας
 (200-120 π.Χ.) και ο Διόδωρος ο
 Σικελιώτης που έζησε την εποχή του
 αυτοκράτορα Αυγούστου.
 Επίσης τα Μαθηματικά με τον
 Ευκλείδη στην Αλεξάνδρεια και τον
 Αρχιμήδη από τις Συρακούσες, η
",history,10,8,7.996483965916838,0.0019869413246353,8,7.777449358233028,0.0427285729208324,4,3.999995523191501,3.247599166070226e-05,7,6.986982351574625,0.0055889147030834,5,4.914716705723549,0.0703769739281654,3,3.43783681328523,0.055051293490519,8,7.998372668440027,0.0010976990355788,7.022970647575676,7,6.999318238451025,0.0005185527261253,7.985893532677437,3.4,16.6,62.71623931623932,0.001226344
64,64,65,66,"ε το ξέσπασμα της Επανάστασης του 1821 στην Πελοπόννησο, ο Χουρσίτ Πασάς
 έστειλε 3.500 στρατιώτες να υπερασπιστούν την Τριπολιτσά (Τρίπολη), όπου είχε και
 την οικογένειά του.
 Οι επαναστατημένοι Έλληνες πάλι, αφού κατέλαβαν την Καλαμάτα, έκαναν σύσκεψη
 για τις παραπέρα ενέργειές τους. Ο Θεόδωρος Κολοκοτρώνης πρότεινε να πολιορκήσουν
 την Τριπολιτσά, που ήταν η κεντρική διοικητική, εμπορική και στρατιωτική έδρα των Τούρκων στην Πελοπόννησο. Πίστευε πως αν οι Έλληνες κατόρθωναν να την κυριεύσουν, θα
 αποδυναμώνονταν και τα υπόλοιπα κάστρα της περιοχής. Ετσι, επαναστάτες με επικεφαλής
 τον Κολοκοτρώνη κινήθηκαν προς την Τριπολιτσά, έστησαν στρατόπεδα στα βουνά γύρω
 από αυτήν και η πολιορκία άρχισε. Μετά την ήττα των Τούρκων στο Βαλτέτσι, κοντά στην
 Τριπολιτσά, οι Έλληνες αγωνιστές μπόρεσαν να προωθηθούν πιο κοντά στην πόλη.
 Στην πολιορκία συμμετείχε και ο Δημήτριος Υψηλάντης, που είχε αναλάβει την αρχηγία του Αγώνα, ενώ τα τέσσερα κεντρικά στρατόπεδα διηύθυναν ο Κολοκοτρώνης, ο
 Αναγνωσταράς (Αναγνώστης Παπαγεωργίου), ο Παναγιώτης Γιατράκος και ο Πετρόμπεης
 Μαυρομιχάλης. Επίσης, είχαν σταλεί ελληνικές δυνάμεις στα Μέγαρα, για να εμποδίσουν
 τουρκικές ενισχύσεις να φτάσουν στην Τριπολιτσά από την Αθήνα.
 Όσο περνούσε ο καιρός, η πολιορκία γινόταν πιο στενή. Στην πόλη τα τρόφιμα λιγόστεψαν και άρχισε η διχόνοια. Η Τριπολιτσά έπεσε στα χέρια των επαναστατών στις 23 Σεπτεμβρίου του 1821. Ακολούθησαν σφαγές και λεηλασίες. Οπλισμένοι οι Έλληνες, μπήκαν
 στην πόλη χτυπώντας τους Τούρκους, που οχυρώθηκαν στα σπίτια τους. Οι Οθωμανοί που
 κλείστηκαν στον κεντρικό πύργο, τη Μεγάλη Τάπια, παραδόθηκαν έπειτα από τρεις ημέρες
 από έλλειψη νερού.
 Η άλωση της Τριπολιτσάς, έξι μήνες από την έναρξη της Επανάστασης, ήταν ιδιαίτερα
 σημαντική, καθώς είχε συντριβεί η βασική στρατιωτική βάση του οθωμανικού στρατού στην
 Πελοπόννησο και χιλιάδες τουρκικά όπλα πέρασαν στην κατοχή των Ελλήνων, τονώνοντας
 το ηθικό τους. Οι εξεγερμένοι πίστεψαν πια πως οι Τούρκοι δεν ήταν ακατανίκητοι. Στη
 συνέχεια, οι νικητές της Τριπολιτσάς στράφηκαν στα περιφερειακά κάστρα της Πελοποννήσου, για να τα πολιορκήσουν.
",history,6,7,6.894767307859677,0.0857447698494835,6,6.042146618743145,0.0178466001398699,3,3.164517190024924,0.0359035048736215,5,5.037879153369431,0.0446080990310346,4,3.579179312295878,0.0598737628702314,3,3.0051553493582333,0.002677984932871,6,6.031017985089704,0.0103674988298223,7.985934436019136,7,6.2372191179400716,0.0827656893028145,7.99538242259905,2.8,14.9,55.08088235294117,0.001127959
65,65,141,142,"η τριηραρχία, δηλαδή η προσφορά χρημάτων από
 έναν ή περισσότερους ιδιώτες για τη συντήρηση ενός
 κρατικού πλοίου· η χορηγία, δηλαδή η ανάληψη της
 δαπάνης για το ανέβασμα μιας θεατρικής παράστασης
 που θα λάμβανε μέρος σε δραματικούς αγώνες· η
 γυμνασιαρχία, δηλαδή η καταβολή των εξόδων για
 τη διατροφή και την εκγύμναση αθλητών που θα
 έπαιρναν μέρος σε «γυμνικούς αγώνες»· τέλος, η
 εστίαση, δηλαδή η παροχή από έναν πλούσιο πολίτη
 των χρημάτων για την παράθεση δημόσιου γεύματος
 στα μέλη της φυλής του σε περίοδο εορτών ή αγώνων.
 Τους πλούσιους πολίτες που προσέφεραν μεγάλα
 ποσά για τις λειτουργίες η Πολιτεία τούς τιμούσε,
 δίνοντάς τους την άδεια να στήσουν αναμνηστικό
 μνημείο σε περίπτωση νίκης της ομάδας τους σε
 δραματικούς ή γυμνικούς αγώνες.
",history,10,8,7.984119697468778,0.0065822650324563,8,7.865628363017095,0.0321369069025626,4,3.9995052671729354,0.0004276930139717,7,6.999277841492187,0.0005068280045001,4,4.474770598435043,0.0737242047807885,3,3.500601226469435,0.055925537986893,8,7.990584867354698,0.0046048718166265,7.002177843835852,7,7.003581076142829,0.0019254829744699,7.989833148542125,19.2,33.2,97.56106870229009,0.001851988
66,66,243,244,"Νόμισμα με
 την κεφαλή του
 Περσέα. (Αθήνα,
 Νομισματική
 Συλλογή,
 Εθνικό
 Αρχαιολογικό
 Μουσείο)
 Η υποταγή
 της νότιας
 Ελλάδας
",history,10,7,7.021572545824938,0.0094450320089163,4,3.9999029827713457,0.0001958156360491,3,2.987558370923125,0.0053809153563688,7,6.974766044164653,0.0091836099202349,3,3.5009444802999496,0.067943279082936,3,2.9914737845857644,0.0040080679749937,7,7.168343297576939,0.0808913755760329,7.9996191561230034,7,6.999184655476974,0.0007862435704125,7.999272080215789,-0.6,11.6,42.81818181818181,0.000783744
67,67,4,5,"ση τους. Οι αριστοκράτες αμύνονταν προσπαθώντας να διαφυλάξουν τα προνόμιά τους, με εξαίρεση τη Μ. Βρετανία
 όπου είχαν αρχίσει να ασχολούνται με τις νέου τύπου οικονομικές δραστηριότητες. Οι αγρότες, που ήταν η πλειονότητα
 του πληθυσμού, και τα ασθενέστερα κοινωνικά στρώματα των πόλεων ζούσαν σε άσχημες συνθήκες.
 Ενώ συνέβαιναν όλα τα παραπάνω, η πολιτική κατάσταση παρέμενε στάσιμη. Σε όλα σχεδόν τα κράτη της Ευρώπης
 η εξουσία ήταν συγκεντρωμένη στα χέρια του βασιλιά (απόλυτη μοναρχία). Εξαίρεση αποτελούσε η Μ. Βρετανία, όπου
 οι πιέσεις της αριστοκρατίας και των αστών είχαν οδηγήσει, στα τέλη του 17ου αιώνα (ένδοξη επανάσταση, 1688), στην
 αναγνώριση ορισμένων πολιτικών δικαιωμάτων στα μέλη των οικονομικά ισχυρότερων τάξεων.
 Παράλληλα, η πρόοδος των φυσικών επιστημών, που είχε αρχίσει να
 γίνεται αισθητή από τον 17ο αιώνα, άνοιγε τον δρόμο για την απελευ2. Ο ορθός λόγος εναντίον της προκατάληψης
 θέρωση από τις προλήψεις του Μεσαίωνα. Τώρα, κάποιοι διανοούμενοι
 Το πρώτο ήταν να μην παραδέχομαι ποτέ τίεπιχειρούσαν, βασισμένοι στη λογική, να ανακαλύψουν φυσικούς νόμους
 ποτα για αληθινό, αν δεν το ξέρω ολοφάνερα
 που πίστευαν ότι διέπουν τη λειτουργία του κόσμου. Πρωτοπόροι υπήργια αληθινό· δηλαδή ν’ αποφεύγω προσεκτικά τη
 βιασύνη και την προκατάληψη, και να μην περιξαν ο Φράνσις Μπέικον (ή Βάκων, 1561-1626), που υποστήριξε ότι κάθε
 λαμβάνω στις κρίσεις μου τίποτα παραπάνω απ’
 επιστημονική θέση πρέπει να επαληθεύεται με πείραμα για να γίνεται
 ό,τι θα παρουσιάζεται στο νου τόσο ευδιάκριτα
 αποδεκτή, ο Ρενέ Ντεκάρτ (ή Καρτέσιος, 1596-1650), που τόνισε ότι η συώστε να μη μου δίνεται καμιά ευκαιρία ν’ αμφιστηματική αμφιβολία είναι ο μόνος δρόμος προς την αληθινή γνώση, ο
 βάλλω γι’ αυτό.
 Τζον Λοκ (1632-1704), που διατύπωσε τη θέση ότι οι άνθρωποι έχουν
 Ντεκάρτ, Λόγος περί της μεθόδου (1637), μτφρ.
 απαραβίαστα φυσικά δικαιώματα (ζωής, ελευθερίας, περιουσίας), και ο
 Χρ. Χρηστίδης, Παπαζήσης, Αθήνα 1976, σ. 19.
 Ισαάκ Νιούτον (ή Νεύτων, 1642-1727), που εφαρμόζοντας την επαγωγική
 μέθοδο (διανοητική πορεία από το ειδικό στο γενικό) διατύπωσε τον νόμο της παγκόσμιας έλξης και υποστήριξε ότι το σύμπαν λειτουργεί με
 βάση φυσικούς νόμους.
",history,12,8,8.000544976635865,0.001154387968161,8,7.622689314233952,0.0534786757708736,4,4.017978222943555,0.0072433325000539,7,6.998935258738982,0.0006699767423356,6,5.650979055324569,0.0972711732088125,4,3.9243693207412065,0.0217224068770607,8,7.999802037088557,0.0015633026484134,7.007573027624403,7,6.999420962098725,0.0004071855205148,7.99944348118288,4.6,16.0,55.39867987,0.001105407
68,68,236,237,"µε αµοιβαίες υποχωρήσεις (1996).
 Στα χρόνια αυτά, δόθηκε ιδιαίτερο βάρος στην
 κατασκευή µεγάλων δηµόσιων έργων που, σε ση−
 µαντικό βαθµό, χρηµατοδοτήθηκαν από την Ευρω−
 παϊκή Ένωση (οδικός άξονας Πάτρας−Αθήνας−Θεσ− 2. Ο Κώστας Σηµίτης (αριστερά) µε τον πρόεδρο της ∆ηµοκρατίας Κων−
 σταντίνο Στεφανόπουλο και µέλη της πρώτης κυβέρνησής του.
 σαλονίκης−συνόρων µε τη ∆ηµοκρατία της Βόρειας
 Μακεδονίας, Εγνατία οδός, αεροδρόµιο «Ελευθέρι−
 ος Βενιζέλος», γέφυρα Ρίου−Αντιρρίου, µετρό της Αθήνας). Επίσης, σηµαντικό γεγονός υπήρξε η ανάληψη από την
 Ελλάδα, το 1997, των Ολυµπιακών Αγώνων, που έγιναν µε επιτυχία το 2004.
 Πάντως, κύριος στόχος των κυβερνήσεων Σηµίτη υπήρξε η εκπλήρωση των κριτηρίων οικονοµικής σύγκλισης που έθετε
 η Ευρωπαϊκή Ένωση (χαµηλός πληθωρισµός, χαµηλό δηµόσιο έλλειµµα, χαµηλό δηµόσιο χρέος, σταθερό νόµισµα κ.ά.), προ−
 κειµένου η Ελλάδα να ενταχθεί πλήρως στην Οικονοµική και Νοµισµατική Ένωση (ΟΝΕ) και να υιοθετήσει το ευρωπαϊκό
 νόµισµα, το ευρώ. Πράγµατι, την 1η Ιανουαρίου 2001 η Ελλάδα εντάχθηκε στην ΟΝΕ και από την 1η Ιανουαρίου 2002 άρχισε
 η χρησιµοποίηση του ευρώ, το οποίο αντικατέστησε τη δραχµή.
 Οι αλλαγές στα Βαλκάνια και η νέα διεθνής θέση της Ελλάδας
 Η Ελλάδα χώρα υποδοχής µεταναστών και παλιννοστούντων Η πτώση των λαϊκών δηµοκρατιών και οι συνακόλουθες
 αλλαγές στα Βαλκάνια είχαν ως άµεσο αποτέλεσµα την άφιξη στην Ελλάδα µεγάλου αριθµού οικονοµικών µεταναστών και
 παλιννοστούντων ελληνικής καταγωγής, από τα τέλη της δεκαετίας του ’80 και µετά.
 Τα πρώτα χρόνια εργάζονταν µε εξευτελιστικές αµοιβές σε εποχιακές, συνήθως, εργασίες. Με το πέρασµα των χρό−
 νων, όµως, πολλοί µετανάστες ενσωµατώθηκαν στην ελληνική κοινωνία, απέκτησαν µόνιµη εργασία και αξιοπρεπείς
",history,12,6,6.446067986403172,0.0668116079405439,7,7.002339040882475,0.0149610553111133,4,3.9983037381734903,0.0010119759098045,6,6.268294245021849,0.0715790002807507,3,3.40972749877983,0.0602540418994066,3,3.1482086258874915,0.0337532459411759,6,6.227723101701258,0.0458630341864959,7.679174167245435,7,6.939904646518698,0.0185373498335789,7.946500651669339,4.9,17.7,57.35308718585169,0.001319907
69,69,16,17,"Σε αυτό το κλίμα, η Συντακτική συνέλευση ανακοίνωσε την κατάργηση των προνομίων (4 Αυγούστου 1789) και ψήφισε τη Διακήρυξη των δικαιωμάτων του ανθρώπου και του πολίτη (26 Αυγούστου
 1789), βασισμένη στις αρχές του Διαφωτισμού. Ο βασιλιάς αποδέχθηκε αναγκαστικά αυτές τις αποφάσεις μετά την κατάληψη των ανακτόρων των Βερσαλιών από τον επαναστατημένο λαό (5 Οκτωβρίου
 1789).
 Παράλληλα, στη Συντακτική συνέλευση είχαν διαμορφωθεί τρία πολιτικά ρεύματα που πήραν τα ονόματά τους από τις θέσεις στις οποίες κάθονταν οι
 υποστηρικτές τους στην αίθουσα συνεδριάσεων: η
 δεξιά δεν επιθυμούσε περαιτέρω μεταβολές του παλαιού καθεστώτος, το κέντρο αποδεχόταν τη διατήρηση της μοναρχίας αλλά με την παράλληλη συμμετοχή ευγενών και μεγαλοαστών στη λήψη των αποφάσεων και η αριστερά οραματιζόταν ένα πολίτευμα σαν το αμερικανικό.
 Ένα από τα αποτελέσματα της δυναμικής συμμετοχής ευρύτερων κοινωνικών στρωμάτων στις πολιτικές εξελίξεις ήταν και η δημιουργία πολιτικών οργανώσεων, των λεσχών. Δύο από αυτές, η λέσχη
 των Ιακωβίνων και η λέσχη των Κορδελιέρων, κινητοποιούσαν μεγάλο αριθμό πολιτών. Γενικότερα, οι
 πολιτικές απόψεις γίνονταν ευρύτερα γνωστές μέσα από πολιτικά φυλλάδια και εφημερίδες, ο αριθμός των οποίων πολλαπλασιάστηκε.
 Η Συντακτική ψήφισε, το 1791, το πρώτο σύνταγμα
 της Γαλλίας εγκαθιδρύοντας το πολίτευμα της
 συνταγματικής μοναρχίας. Το έθνος ανακηρύχτηκε
 κυρίαρχο και ως νομοθετικό σώμα ορίστηκε η Νομοθετική συνέλευση (Βουλή), που θα προέκυπτε από
 εκλογές. Δικαίωμα ψήφου, όμως, αναγνωρίστηκε μόνο σε όσους κατείχαν περιουσία και πλήρωναν φόρους. Η εκτελεστική εξουσία ανατέθηκε στον βασιλιά
 και σε έξι υπουργούς. Η δικαστική εξουσία αφαιρέθηκε από τον βασιλιά και κηρύχθηκε ανεξάρτητη.
 Παράλληλα, τα σοβαρά οικονομικά προβλήματα
 ώθησαν την επανάσταση στην εθνικοποίηση της
 περιουσίας του κλήρου που χρησιμοποιήθηκε ως
 εγγύηση για την έκδοση χαρτονομίσματος. Οι κληρικοί ορίστηκαν λειτουργοί του κράτους που όφειλαν υπακοή, πρώτα απ’ όλα, στην πολιτεία. Επίσης,
 καταργήθηκαν οι συντεχνίες (βλέπε γλωσσάριο) και
 απαγορεύτηκαν οι απεργίες.
 Οι παραπάνω ρυθμίσεις δεν έγιναν αποδεκτές ούτε από την εκκλησία ούτε από τον βασιλιά, ο οποίος
 επιχείρησε να διαφύγει από τη Γαλλία αλλά έγινε
 αντιληπτός και αναγκάστηκε να επιστρέψει.
",history,12,8,7.963283425220595,0.0129166044116311,7,7.024926354613668,0.0102972560998958,4,3.998508733306153,0.0009144481146622,7,6.998228893200576,0.001043880294269,5,4.78751829804969,0.0776815238133456,3,3.106742712860921,0.0272913647090033,8,7.926462425770296,0.0212996940689911,7.245081792895235,7,6.999924508870663,0.0001217075000707,7.999372464090811,4.4,17.8,61.77777777777778,0.001195764
70,70,101,102,"ετά τη δολοφονία του Καποδίστρια, η Αγγλία, η Γαλλία και η Ρωσία επέλεξαν το 1832
 για το αξίωμα του βασιλιά της Ελλάδας τον 17χρονο πρίγκιπα Όθωνα, γιο του βασιλιά
 της Βαυαρίας Λουδοβίκου. Οι τρεις Μεγάλες Δυνάμεις εγγυήθηκαν επίσης για το πολίτευμα
 της χώρας, την ανεξαρτησία της και τα σύνορά της. Ο νεαρός βασιλιάς έφτασε στην Ελλάδα
 τον Ιανουάριο του 1833. Επειδή όμως δεν είχε ενηλικιωθεί ακόμα, ανέλαβαν τη διακυβέρνηση για δυο χρόνια τρεις συμπατριώτες του, οι οποίοι αποτέλεσαν τη λεγόμενη Αντιβασιλεία.
 Οι Βαυαροί, με τον ερχομό τους στην Ελλάδα, πήραν δραστικά μέτρα για την ανασυγκρότηση του κράτους. Προσπάθησαν να οργανώσουν τη διοίκηση, τη δικαιοσύνη και το εκπαιδευτικό σύστημα, να ενδυναμώσουν την οικονομία και να κατοχυρώσουν την πρόσφατη
 ανεξαρτησία. Το ελληνικό κράτος χωρίστηκε σε νόμους, επαρχίες και δήμους ενώ η πρωτεύουσα μεταφέρθηκε τον Δεκέμβριο του 1834 από το Ναύπλιο στην Αθήνα. Ιδρύθηκαν σχολεία
 για όλες τις βαθμίδες εκπαίδευσης (Δημοτικά, Ελληνικά και Γυμνάσια), Διδασκαλείο καθώς
 και Πανεπιστήμιο στην Αθήνα, που άρχισε να λειτουργεί το 1837.
 Ο στρατός στελεχώθηκε και με Βαυαρούς αξιωματικούς και η Εκκλησία της Ελλάδας
 ανακηρύχθηκε αυτοκέφαλη, δηλαδή ανεξάρτητη διοικητικά από το Οικουμενικό Πατριαρχείο της Κωνσταντινούπολης.
 Οι σχέσεις του ελληνικού κράτους με την Υψηλή Πύλη διαταράσσονταν από το ζήτημα
 των υπόδουλων Ελλήνων, που ζούσαν έξω από τα σύνορά του. Παρά τις δυσκολίες, το 1855
 υπογράφηκε η πρώτη εμπορική και ναυτιλιακή συμφωνία μεταξύ Ελλήνων και Οθωμανών
 Τούρκων.
 Την εποχή της βασιλείας του Όθωνα δόθηκε βαρύτητα στην οργάνωση της διοίκησης και
 σε θέματα ασφάλειας και οικονομίας. Ωστόσο, ο τρόπος διακυβέρνησης καθώς και πολλές
 βασιλικές αποφάσεις δημιούργησαν δυσαρέσκεια. Τα εθνικά κτήματα δεν δόθηκαν στους
 αγρότες και τους ακτήμονες, οι περισσότεροι από τους αγωνιστές του 1821 παραμερίστηκαν
 ενώ η ληστεία στην ύπαιθρο μεγάλωνε την ανασφάλεια και την αναταραχή.
 Η λαϊκή δυσαρέσκεια κατά του Όθωνα οδήγησε στην οργάνωση επαναστατικού κινήματος, που είχε σκοπό να τον εξαναγκάσει να παραχωρήσει Σύνταγμα. Το κίνημα εκδηλώθηκε στις 3 Σεπτεμβρίου του 1843. Μονάδες του στρατού, με επικεφαλής τον συνταγματάρχη
 Δημήτριο Καλλέργη και τον αγωνιστή του 1821 Ιωάννη Μακρυγιάννη, περικύκλωσαν μαζί
 με πλήθος λαού τα ανάκτορα (στη σημερινή πλατεία Συντάγματος) ζητώντας Σύνταγμα. Τον
 επόμενο χρόνο ψηφίστηκε Σύνταγμα και το πολίτευμα της χώρας μεταβλήθηκε από απόλυτη
 μοναρχία σε συνταγματική μοναρχία.
 Στα επόμενα χρόνια οι αντιδράσεις κατά της βασιλείας του Όθωνα δε σταμάτησαν. Το
",history,6,6,6.828507584989083,0.0863252446077247,7,6.562780258941501,0.055509696047878,4,3.996831823129469,0.0017247601437289,5,4.982808321465882,0.0199803208833217,4,4.10442248077743,0.0567447724532821,3,3.085094985978799,0.0233801242946194,6,6.081211988766938,0.0230931009792886,7.987567879387484,7,6.525632704814143,0.0648063001738571,7.999373706305551,3.8,15.8,55.41538461538461,0.001087815
71,71,211,212,"παγκόσμιας αρχιτεκτονικής κληρονομιάς
 και η επιρροή τους στην αρχιτεκτονική των
 εποχών που ακολούθησαν μέχρι σήμερα
 ήταν κολοσσιαία.
 Από τον 5ο αιώνα π.Χ. αρχίζουν να κτίζονται με λίθο και τα αρχαία θέατρα. Το πιο
 ονομαστό ανάμεσά τους είναι το θέατρο της
 Επιδαύρου, που διατηρείται σε πολύ καλή
 κατάσταση και μας είναι γνωστό από τις
 παραστάσεις αρχαίων έργων που γίνονται
 κάθε καλοκαίρι. Τα αρχαία θέατρα είναι
 κτισμένα αμφιθεατρικά, στην πλαγιά ενός
 λόφου, όπου σχηματίζονται τα καθίσματα
 –το κοίλον– του θεάτρου που με ορι- Το Ερέχθειο. Ένας από τους κομψότερους ιωνικούς ναούς
 ζόντιους διαδρόμους –διαζώματα– της αρχαιότητας με πολύπλοκο σχέδιο που είχε σχέση με τη
 διαιρούνταν σε δύο μέρη κατά το ύψος λατρεία πολλών θεών στον ναό αλλά και με τις ανωμαλίες
 και με στενές σκάλες ακτινωτά σε του εδάφους. Περίτεχνα ανάγλυφα κοσμήματα, ζωφόρος με
 μυθολογικές μορφές και η περίφημη πρόσταση
 κερκίδες. Οι διάδρομοι αυτοί ήταν ανάγλυφες
 των Καρυάτιδων αποτελούσαν το διάκοσμο του ναού.
 απαραίτητοι για την ευκολότερη και
 ταχύτερη πρόσβαση των θεατών, που μπορεί να ξεπερνούσαν και τις δέκα χιλιάδες.
 Απέναντι από το κοίλον, στο έδαφος, υπάρχει ο επίπεδος κυκλικός χώρος –η
 ορχήστρα–, όπου εμφανίζονταν οι πρωταγωνιστές των έργων και ο χορός. Πίσω της
 ακριβώς υπήρχε ένα απλό κτίσμα, η σκηνή, στη στέγη της οποίας εμφανίζονταν οι από
 μηχανής θεοί. Σε κιονοστοιχία που υπήρχε μπροστά στη σκηνή –στο προσκήνιο–,
 τοποθετούνταν ζωγραφισμένοι πίνακες που αποτελούσαν τα σκηνικά του θεάτρου, ενώ
",history,10,8,7.999584220594192,0.0003169325586294,8,7.980892280681076,0.010765494697594,4,3.977023610524725,0.0087869530462757,7,6.996374639283488,0.0019303034718551,4,5.101446735789068,0.1072960846681757,4,4.000539246494455,0.0044682196603291,8,7.9995264577541345,0.0003525791181887,7.014059407102195,7,6.9986483954478445,0.0008479186544961,7.996401097915623,3.6,14.2,50.15476190476191,0.001123586
72,72,24,25,"απόλυτα τις ανάγκες των Αιγυπτίων. Στο
 δέλτα του ποταμού ψαρεύουν και το κυνήγι
 είναι άφθονο. Εκεί φυτρώνει σε αφθονία ο
 πάπυρος*, τον οποίο χρησιμοποιούν για
 να κατασκευάζουν πλοία, καλάθια, σχοινιά
 και, κυρίως, ένα είδος χαρτιού.
 Η Αίγυπτος, από τις αρχές της Εποχής
 του Χαλκού, αποτελεί ένα ισχυρό ενιαίο
 κράτος, το πρώτο στην ιστορία. Οι ηγεμόνες
 του φέρουν τον τίτλο του Φαραώ. Η
 χώρα, διαδοχικά, γνωρίζει τρεις περιόδους
 ακμής, αυτή του Αρχαίου Βασιλείου, του
 Μέσου και του Νέου Βασιλείου. Κατά την
 περίοδο του Αρχαίου Βασιλείου (30002200 π.Χ.) το κράτος οργανώνεται. Κοντά
 στην πρωτεύουσα Μέμφιδα οι Φαραώ
 οικοδομούν γιγαντιαίους τάφους, τις πυραμίδες.
 Κατά την περίοδο του Μέσου Βασιλείου
 (2050-1800 π.Χ.) η Αίγυπτος ακμάζει. Για
 να προστατευθούν από τις επιδρομές, οι
 Αιγύπτιοι οχυρώνουν τα σύνορα της χώρας.
 Η πρωτεύουσα μεταφέρεται στη Θήβα,
 στην Άνω Αίγυπτο. Κατά την περίοδο
 του Νέου Βασιλείου (1600-1100 π.Χ.) η
 Αίγυπτος ακολουθεί ιμπεριαλιστική*
 πολιτική και επεκτείνεται προς τον Νότο
 και την Ανατολή. Κοντά στη Θήβα οι
",history,10,6,6.272913043583301,0.0479933147090262,7,6.762502578329531,0.0680900634377216,3,3.000803283277378,0.0005256092923222,5,4.802202461953584,0.0497265925406073,4,4.267632310267288,0.0537954728521074,3,3.02930634421773,0.0106397896234187,6,6.002501363101146,0.0014172600351734,7.99029078651165,5,5.61058884741351,0.0852367419557559,7.000988755840808,0.0,9.9,38.367574257425744,0.000742074
73,73,75,76,"2. Μετά τη νίκη
 στις Πλαταιές οι
 Έλληνες
 αφιέρωσαν έναν
 χρυσό τρίποδα
 ο οποίος
 στηριζόταν πάνω
 στη στήλη της
 εικόνας. Επάνω
 της ήταν
 χαραγμένα τα
 ονόματα 31
 πόλεων που
 είχαν λάβει
 μέρος στους
 Περσικούς
 πολέμους.
 (Ιππόδρομος
 Κωνσταντι­
 νούπολης)
",history,4,5,5.009799376720723,0.0041606698929325,4,4.029502435703762,0.0100299922169399,2,2.0097073088162034,0.004390559514946,4,4.003004968405307,0.0023497073856974,3,3.2836004794571636,0.0508499257840841,3,2.982015692748064,0.0072384276424687,5,5.4703191083309335,0.0560844319193226,7.851951696227843,4,4.252636979675998,0.048999252058877,7.01403839833074,1.2,10.6,40.98255813953489,0.00066148
74,74,50,51,"Τη στέρεη οικονομική βάση
 των Μυκηναίων αποτελούσαν
 η γεωργία και η κτηνοτροφία.
 Παράλληλα, από πολύ νωρίς,
 και με ρυθμιστικό παράγοντα
 τα ανάκτορα, αναπτύχθηκαν
 διάφοροι βιοτεχνικοί κλάδοι. Η
 ελεφαντουργία*, η λιθοτεχνία,
 η μεταλλουργία είναι μερικοί
 από τους τομείς στους οποίους
 διακρίθηκαν οι Μυκηναίοι.
 Ωστόσο, το μεγαλείο και η
 ακτινοβολία του μυκηναϊκού
 κόσμου οφείλονται κυρίως στην
 ανάπτυξη της ναυτιλίας και του
 εμπορίου. Ιδιαίτερα από τα μέσα του 15ου αιώνα π.Χ., οπότε οι Μυκηναίοι, όπως υποστηρίζεται,
 κατέλαβαν την Κνωσό, το ελληνικό μυκηναϊκό στοιχείο δεσπόζει βαθμιαία στη θάλασσα και
 εξαπλώνεται στη Μεσόγειο.
 Μια τέτοια θαλάσσια εξάπλωση δε θα έγινε πάντα με ειρηνικό τρόπο. Ο Τρωικός πόλεμος
 απηχεί υπερπόντιες πολεμικές επιχειρήσεις της εποχής. Τα στοιχεία που ένωναν τα διάφορα
 ελληνικά φύλα κατά τη μυκηναϊκή εποχή ήταν πολλά. Σε γενικές γραμμές ήταν ίδια με
 εκείνα που ένωναν τους Έλληνες των ιστορικών χρόνων. Ως πρώτα και ισχυρότερα θα
 πρέπει να θεωρήσουμε την κοινή γλώσσα –μαρτυρημένη
 με τα αρχαιότερα ελληνικά κείμενα σε Γραμμική γραφή Β–
",history,10,7,7.120753265125522,0.0359367176638474,6,6.13094585872453,0.0334276347147914,4,3.9968291088343904,0.0017221841661327,7,6.381288720776411,0.0759029236138946,4,4.60420110352797,0.0734097673919573,4,3.708343358002452,0.049706997042238,6,6.175134146932919,0.0394366344954596,7.9626729171639,7,6.9432061483931165,0.0164326645547052,7.9932517721899785,1.8,13.0,50.15620291310899,0.001034833
75,75,158,159,"Οι Σπαρτιάτες μεταφέρουν τον πόλεμο στη Μακεδονία. Ο
 στρατηγός Βρασίδας, με ένα εκστρατευτικό σώμα, φθάνει στη
 Χαλκιδική και καταλαμβάνει την Αμφίπολη. Οι Αθηναίοι αντιδρούν
 και στέλνουν στρατό στη Χαλκιδική υπό τον δημαγωγό Κλέωνα.
 Σε αμφίρροπη μάχη κοντά στην Αμφίπολη φονεύονται και οι δύο
 στρατηγοί, Βρασίδας και Κλέων (422 π.Χ.).
 Ο θάνατος των δύο ηγετών είχε ως άμεσο αποτέλεσμα το τέλος
 του πολέμου. Με πρωταγωνιστή τον αρχηγό του αριστοκρατικού
 κόμματος στην Αθήνα, Νικία, υπογράφεται ειρήνη για πενήντα
 χρόνια (421 π.Χ.).
 Η Νίκη του Παιωνίου (Ολυμπία,
 Αρχαιολογικό Μουσείο). Αφιέρωμα
 Μεσσηνίων και Ναυπακτίων, συμμάχων
 των Αθηναίων, στο ιερό του Δία στην
 Ολυμπία μετά τα γεγονότα της Πύλου.
",history,10,7,6.883233440771434,0.0305215969387294,7,6.853620019998843,0.0355621631622857,3,3.000050628286772,4.569135960898049e-05,4,4.352454814126759,0.0531730740659677,3,3.392054940624803,0.0634383008116346,3,3.0005493110841712,0.0003832541845794,6,6.296840987282764,0.0495068491771154,7.962671063533321,5,5.29101137331827,0.0634345961424265,7.001026715151966,1.3,12.1,42.230769230769226,0.000926474
76,76,126,127,"παράθεμα 1 Ο Μεγαλέξανδρος και το αθάνατο νερό
 Όταν ο Μεγαλέξανδρος κυρίεψε όλο τον κόσμο, πήγε κι
 εκεί που βγαίνει το αθάνατο νερό και γέμισε δυο στάμνες. Ήθελε να λουστεί και να γίνει αθάνατος. Μόλις
 έφερε τις στάμνες στο σπίτι, ένας αξιωματικός του που
 δεν τον συμπαθούσε λέει στις αδερφάδες του  Αλέξανδρου το μυστικό και τις συμβουλεύει να λουστούν εκείνες με το νερό και να βάλουν άλλο στις στάμνες. Αυτές
 λοιπόν πήραν το νερό και λουστήκανε. Μετά χύσανε
 στον δρόμο τ’ απόνερα. Εκεί ήταν μια κότα κι ένας μπότσικας* και βραχήκανε με τ’ αθάνατο νερό και γι’ αυτό η
 κότα αλλάζει κάθε χρόνο τα πούπουλά της κι ο μπότσικας δεν ξεραίνεται ακόμη κι αν κρεμαστεί στον αέρα.
 Οι αδερφάδες του Μεγαλέξανδρου, άμα  λουστήκανε 2. Άγαλμα του Μ. Αλεξάνδρου που
 βρίσκεται στην Αλεξάνδρεια της
 με τ’ αθάνατο νερό, σηκώθηκαν στον αέρα, γίνανε δηΑιγύπτου
 λαδή αερικές και από τότε είναι νεράιδες. Κάθονται
 μάλιστα μέσα σε βράχους και λαγκάδια. Αν τύχει και περάσει κανείς από εκεί το καταμεσήμερο
 ή τα μεσάνυχτα, τον παίρνουνε και του κάνουνε χίλια κακά. Άμα όμως είναι έξυπνος και φωνάξει:
 «Ζει ο βασιλιάς Αλέξανδρος και βασιλεύει», τότε τρέχουνε οι αδερφάδες του και τον γλιτώνουνε.
 *μπότσικας: αγριοκρέμμυδο, με το οποίο στολίζουμε την πόρτα των σπιτιών τα Χριστούγεννα.
 Ν. Πολίτης, Παραδόσεις του ελληνικού λαού, τόμος Α ´, σ. 387 (διασκευή)
",history,4,6,5.999831385692716,0.0003180016072807,7,7.20941910383408,0.0541123417292561,3,2.999826236988156,0.0001444925039135,4,4.05328844419904,0.0168960138505998,3,3.412166661288211,0.0618613466187302,3,2.818107556690297,0.038593934730889,6,5.999036053660404,0.0008794269648301,7.9148998622519,5,4.625934869371179,0.0545826863404576,7.001295788453717,2.3,10.4,44.42718176764869,0.000936369
77,77,136,137,"ο τέλος του Εμφυλίου Πολέμου έφερε την Ελλάδα αντιμέτωπη με σοβαρά πολιτικά και κοινωνικά προβλήματα, που επιβράδυναν την ανασυγκρότησή της. Η χώρα είχε ερειπωθεί, χιλιάδες
 άνθρωποι είχαν χάσει τη ζωή τους ενώ τα πάθη, που είχε δημιουργήσει ο Εμφύλιος, δεν είχαν
 ακόμα ξεπεραστεί. Ταυτόχρονα, οι κακές σχέσεις της χώρας με τους βόρειους γείτονές της, την
 Αλβανία, τη Γιουγκοσλαβία και τη Βουλγαρία, μεγάλωναν την αβεβαιότητα για τη Μακεδονία και
 τη Θράκη.
 Για να προστατεύσει την εδαφική της ακεραιότητα και να προσεγγίσει τη Δύση, η Ελλάδα
 εντάχθηκε στο Βορειοατλαντικό Σύμφωνο (ΝΑΤΟ), οργάνωση που ιδρύθηκε με πρωτοβουλία
 των Αμερικανών ως αντιστάθμισμα στην παρουσία της Σοβιετικής Ένωσης στην Ευρώπη. Από τις
 αρχές της δεκαετίας του 1950, οι σχέσεις της χώρας με τη Γιουγκοσλαβία και τη Βουλγαρία βελτιώθηκαν προοδευτικά ενώ αντίθετα επιδεινώθηκαν οι σχέσεις με την Τουρκία, κυρίως εξαιτίας του
 ζητήματος της Κύπρου. Αποτέλεσμα των τριβών ήταν οι διώξεις των Ελλήνων της Κωνσταντινούπολης τον Σεπτέμβριο του 1955, γνωστότερες ως Σεπτεμβριανά.
 Στις εκλογές του 1956, στις οποίες ψήφισαν για πρώτη φορά και οι γυναίκες, εκλέχθηκε
 πρωθυπουργός ο Κωνσταντίνος Καραμανλής. Ο Σερραίος πολιτικός στα οχτώ χρόνια της πρωθυπουργίας του επιδίωξε να πετύχει συμβιβασμό στο κυπριακό και ν’ αποκαταστήσει τις σχέσεις
 της χώρας με τη Βρετανία και τις ΗΠΑ. Προσανατόλισε επίσης με συνέπεια την Ελλάδα προς την
 Ευρώπη.
 Το 1963 πήρε την εξουσία ο Γεώργιος Παπανδρέου, που είχε διατελέσει πρωθυπουργός και
 το 1944. Διαφώνησε όμως με τον βασιλιά Κωνσταντίνο και αναγκάστηκε να παραιτηθεί το 1965.
 Μία από τις σημαντικές πρωτοβουλίες του κατά τη διάρκεια της σύντομης θητείας του ήταν η εκπαιδευτική μεταρρύθμιση.
 Ο Εμφύλιος, η φτώχεια και οι δύσκολες συνθήκες ζωής στην ύπαιθρο οδήγησαν μεγάλο τμήμα του αγροτικού πληθυσμού να εγκατασταθεί στις πόλεις, αναζητώντας δουλειά. Εκεί οικοδομήθηκαν πλήθος πολυκατοικιών. Δόθηκε επίσης έμφαση στην ανάπτυξη της βιομηχανίας αλλά και
 των τουριστικών επιχειρήσεων, ενός νέου κλάδου απασχόλησης. Πολλοί Έλληνες μετανάστευσαν στην Αυστραλία αλλά και σε χώρες της Ευρώπης, της Αμερικής και της Αφρικής, επιζητώντας
 μια καλύτερη ζωή.
 Μετά την παραίτηση του Παπανδρέου, η Ελλάδα αντιμετώπισε πολιτική κρίση. Στις 21 Απριλίου του 1967 μια ομάδα στρατιωτικών, με επικεφαλής τον συνταγματάρχη Γεώργιο Παπαδόπουλο,
 επέβαλε δικτατορία. Το αυταρχικό και ανελεύθερο καθεστώς καταδικάστηκε από πολιτικούς και
 από ανθρώπους των γραμμάτων και της τέχνης αλλά και απλούς πολίτες. Ορισμένοι κατέφυγαν
 σε χώρες του εξωτερικού ενώ άλλοι παρέμειναν, οργανώνοντας αντίσταση για να ανατρέψουν
 τους δικτάτορες. Πρώτοι εξεγέρθηκαν μαζικά την άνοιξη του 1973 οι φοιτητές, με κορύφωση τα
 γεγονότα στο Πολυτεχνείο της Αθήνας το Νοέμβριο του ίδιου χρόνου. Η δικτατορία κατέρρευσε
",history,6,8,7.8793795796756,0.0300807987397002,6,6.040416428650133,0.01498837963972,4,3.9999075969299156,0.0001047331321971,7,6.998514591435992,0.000854112697478,5,4.819709702049977,0.0774181285336034,3,3.0179851047100783,0.0072372914721156,8,7.979675565707012,0.0080924424432253,7.268938203670757,7,6.999854401341281,0.000215716996234,7.999445461137043,3.4,15.4,54.77733279935923,0.001115381
78,78,4,5,"Οι Αιολείς από τη Θεσσαλία, πλέοντας στο Αιγαίο, έφτασαν στη
 Λέσβο, την Τένεδο και την απέναντι πλευρά της Μ. Ασίας. Οι Ίωνες,
 ξεκινώντας από την Αττική, κατευθύνθηκαν προς τη Σάμο και τη Χίο.
 Από εκεί πέρασαν στη Μ. Ασία. Οι
 Δωριείς, που συνεχώς κατέφθαναν στην Πελοπόννησο, είδαν ότι οι
 περιοχές που κατέλαβαν δεν τους
 χωρούσαν. Ακολουθώντας και αυτοί το παράδειγμα των άλλων Ελλήνων, έφτασαν στη Ρόδο και μετά
 στη Μ. Ασία.
 Οι Έλληνες στις νέες πατρίδες
 ήρθαν σε επαφή με τους άλλους
 λαούς και γνώρισαν τον τρόπο ζωής τους. Κράτησαν όμως τις παλιές τους συνήθειες. Λάτρεψαν ιδιαίτερα τους θεούς τους, προς τιμήν των οποίων έχτισαν λαμπρούς
 ναούς. Στις μεγάλες θρησκευτικές
 γιορτές οι άποικοι συγκεντρώνο1. Ο Α~ αποικισμός των Ελλήνων
",history,4,7,6.73394089299785,0.0479933721457581,8,7.775673031447695,0.0431782450949413,3,3.000056440674598,5.237015589432304e-05,6,6.016960837990382,0.0896549572571157,4,3.8639931371562852,0.061052221017157,3,3.0000844865126837,0.0001113596894756,6,6.004187800004729,0.0022163279265201,7.990290863339638,7,6.8870598981991975,0.0288810554972083,7.996804061833245,0.9,8.9,39.24744525547445,0.00083502
79,79,227,228,"Τα βιοτεχνικά προϊόντα που είχαν ζήτηση έξω από τους τόπους παραγωγής τους ήταν:
 οι πάπυροι της Αιγύπτου, οι περγαμηνές της Συρίας και αργότερα της Περγάμου, τα
 πορφυρά υφάσματα της Φοινίκης, τα επίσης λαμπρά βαμμένα υφάσματα της Λυδίας και
 άλλων μικρασιατικών περιοχών, τα αραχνοΰφαντα της Αμοργού και της Κω, οι λεπτοί
 μάλλινοι χιτώνες του Τάραντος, τα βαμβακερά της Αιγύπτου, τα κιλίμια και τα ταπέτα
 της Λυδίας, της Αιγύπτου, της Βαβυλωνίας, της Περσίας, οι φαγεντιανές* και τα γυάλινα
 είδη της Αιγύπτου και της Συρίας, σκεύη από χρυσό και άργυρο ορισμένων εργαστηρίων
 της Ανατολής, μύρα και αρώματα, αντικείμενα από ελεφαντόδοντο και από σπάνια ξύλα,
 κοσμήματα από πολύτιμους λίθους.
 Μ. Σακελλαρίου, Πολιτεία, Οικονομία, Κοινωνία 336-200 π.Χ., Ι.Ε.Ε.,
 Εκδοτικής Αθηνών, τ. Δ΄., σ. 479.
",history,10,7,7.119067517038957,0.0294342645601732,8,7.729636919135373,0.0473230136884751,3,3.0011692368995426,0.0007283883281505,7,6.628566264666858,0.0624833385613523,5,5.036244005597837,0.0940678405151967,3,3.3210421005442186,0.0504977620351779,7,7.015281871131066,0.0069689979160804,7.9398878104238975,7,6.998439595667151,0.0009639145277818,7.9913304679867,11.7,25.0,58.01456953642384,0.000896463
80,80,45,46,"Οι παλιοί κάτοικοι της Αττικής δε ζούσαν όλοι σ’ ένα μέρος. Μερικοί κατοικούσαν στις ορεινές περιοχές, ενώ οι περισσότεροι είχαν
 εγκατασταθεί στις μικρές εύφορες πεδιάδες και στην παραλία.
 Εκείνος που τους παρακίνησε να συγκεντρωθούν και να κατοικήσουν όλοι μαζί ήταν ο ξακουστός βασιλιάς Θησέας. Έτσι άρχισε σιγά
 σιγά γύρω από την Ακρόπολη να δημιουργείται η Αθήνα. Για να θυμούνται μάλιστα οι Αθηναίοι αυτό το γεγονός, γιόρταζαν τα Παναθήναια, την πιο μεγάλη γιορτή τους.
 Αργότερα, οι Δωριείς που είχαν εγκατασταθεί στην Πελοπόννησο, θέλησαν να καταλάβουν την Αθήνα. Για να είναι μάλιστα πιο σίγουροι ότι
 θα τα καταφέρουν, ρώτησαν το μαντείο των Δελφών. Το μαντείο απάντησε ότι θα πετύχαιναν τον σκοπό τους, αν δε σκοτωνόταν ο βασιλιάς
 της Αθήνας. Μόλις το έμαθε ο βασιλιάς της Αθήνας, ο
 Κόδρος, ντύθηκε βιαστικά με
 ρούχα χωρικού και τράβηξε
 για το στρατόπεδο των Δωριέων. Εκεί συνάντησε δυο στρατιώτες και τους επιτέθηκε.  
 Αυτοί όμως αμύνθηκαν και κατάφεραν να τον σκοτώσουν.
 Την άλλη μέρα οι Αθηναίοι ζήτησαν να θάψουν τον νεκρό
 βασιλιά τους. Τότε οι Δωριείς
 κατάλαβαν τι λάθος είχαν κάνει. Η Αθήνα όμως είχε σωθεί.
 Μετά τον Κόδρο, οι Αθηναίοι δεν έκαναν άλλο βασιλιά.
 Την εξουσία πήραν οι ευγε1. Το κράτος της Αθήνας
",history,4,6,6.298276613146328,0.0501010034503393,6,6.060328140676262,0.0195706354440081,3,2.9999527622476307,4.949429480134252e-05,4,4.380337827524272,0.0541929589688835,4,4.045516264053731,0.067718127093856,3,2.9998912296287017,0.0001394820465035,6,6.004997859738204,0.0025291816171288,7.966913572595786,5,4.982948622991444,0.0312569594173495,7.001257475247257,0.7,9.0,40.85504201680672,0.000759049
81,81,175,176,"ΕΝΟΤΗΤΑ 45
 Τα προμηνύματα και τα αίτια του Β´ Παγκόσμιου πολέμου
 Τα προμηνύματα του πολέμου πύκνωναν
 από τις αρχές της δεκαετίας του 1930. Το
 1931, η Ιαπωνία, ισχυρή δύναμη στην Άπω
 Ανατολή, κατέλαβε την κινεζική επαρχία
 της Μαντζουρίας. Το 1934, η χιτλερική Γερμανία εγκατέλειψε την Κοινωνία των Εθνών
 και στη συνέχεια επανέφερε την υποχρεωτική στρατιωτική θητεία (1935) παραβιάζοντας τη συνθήκη των Βερσαλιών. Όχι λιγότερο επιθετική η φασιστική Ιταλία, αφού
 κατέλαβε την Αιθιοπία (1936), αποχώρησε
 και αυτή από την Κοινωνία των Εθνών
 (1936). Η τελευταία αδράνησε, ουσιαστικά,
 απέναντι στις προκλήσεις τόσο της Γερ- 1. Δημοκρατικοί εθελοντές σε οδόφραγμα της Μαδρίτης μάχονται εναντίον φασιμανίας όσο και της Ιταλίας.
 στών την εποχή του ισπανικού εμφύλιου πολέμου (1936-1939).
 Το 1936, η Γερμανία, παραβιάζοντας και
 πάλι τη συνθήκη των Βερσαλιών, κατέλαβε την αποστρατιωτικοποιημένη ζώνη της Ρηνανίας, επιλογή που επιδοκίμασε ο Μουσολίνι. Τον ίδιο χρόνο, Γερμανία και Ιταλία συμμετείχαν στον εμφύλιο πόλεμο της Ισπανίας (1936-1939) βοηθώντας τον φασίστα στρατηγό Φράνκο να νικήσει τις δυνάμεις της νόμιμης δημοκρατικής κυβέρνησης της χώρας.
 Ακριβώς την ίδια εποχή, Χίτλερ και Μουσολίνι σύναψαν συμμαχία που έγινε γνωστή ως
 Άξονας Ρώμης-Βερολίνου (1936). Ακολούθησε η υπογραφή του Αντιδιεθνιστικού Συμφώνου από τη Γερμανία, την Ιταλία και την Ιαπωνία, το οποίο στόχευε στην καταπολέμηση
 του κομμουνισμού και στην υποστήριξη του φασισμού σε παγκόσμιο επίπεδο.
 Το 1938, η Γερμανία κατέλαβε-ενσωμάτωσε την Αυστρία δίχως να συναντήσει αντίσταση κι αφού είχαν προηγηθεί πιέσεις των Αυστριακών φασιστών στην κυβέρνησή τους. Λίγο
 αργότερα ο Χίτλερ, εκμεταλλευόμενος την παρουσία μιας ισχυρής γερμανικής μειονότητας, των Σουδητών, στη δυτική Τσεχοσλοβακία, άρχισε να απειλεί και αυτή τη χώρα. Η
 Βρετανία και η Γαλλία, ωστόσο, αποφάσισαν να ακολουθήσουν «πολιτική κατευνασμού»,
 δηλαδή να υποχωρήσουν στις γερμανικές απαιτήσεις. Έτσι, στις 29-30 Σεπτεμβρίου 1938
 2. Αδόλφος Χίτλερ
",history,12,8,7.966116526308724,0.01207624998028,7,7.319931268811985,0.0508386538254471,4,3.970691837951108,0.0106320117326395,7,6.99607980145538,0.0019293382655244,4,4.867972148111221,0.0913527391883776,3,3.269339638583915,0.0469426532905963,8,7.736613809744199,0.040122723437694,7.245082299549495,7,6.999876553748493,0.0001163898346717,7.9940841854404425,3.5,16.4,55.80232558139535,0.001032237
82,82,181,182,"Ο Φίλιππος, αρχικά ως επίτροπος του ανιψιού του και αργότερα ως βασιλιάς, έθεσε ως
 σκοπό του την αναδιοργάνωση του στρατού, προκειμένου να ισχυροποιηθεί στο εσωτερικό και
 να αντιμετωπίσει τις επιδρομές των βόρειων γειτόνων του. Πρόθεσή του ήταν να καταστήσει
 τη Μακεδονία μεγάλη δύναμη. Για τον σκοπό αυτό επιστράτευσε αγρότες και ποιμένες της
 Μακεδονίας, τους οποίους εφοδίασε με μικρότερη ασπίδα και ένα μακρύ δόρυ, τη σάρισσα.
 Κάθε παραταγμένη μακεδονική φάλαγγα έδινε την εντύπωση κινούμενου φρουρίου.
 Οι πεδιάδες εξάλλου της Μακεδονίας διευκόλυναν τη
 συντήρηση αλλά και την εξάσκηση του ιππικού. Ο
 μακεδονικός στρατός, ενισχυμένος με πολιορκητικές
 μηχανές και ελαφρά οπλισμένους στρατιώτες,
 εξελίχθηκε σε πανίσχυρη δύναμη. Ο Φίλιππος
 εφάρμοσε τη λοξή φάλαγγα με μεγάλη επιτυχία,
 την οποία συμπλήρωσε με την υποχωρητική
 κίνηση. Με τον ελιγμό αυτό έστρεφε το ενδιαφέρον
 του εχθρού σε όποιο σημείο επιθυμούσε και στη
 συνέχεια διενεργούσε κυκλωτική κίνηση.
 Ο Φίλιππος πέτυχε να αντιμετωπίσει με επιτυχία τις επιδρομές
 των Ιλλυριών και των Παιόνων και να αναπτύξει καλές σχέσεις με τη
 Θράκη, εξασφαλίζοντας σχετική ειρήνη στα σύνορά του.
",history,10,8,7.993308030328588,0.0032478967171346,7,6.600941955879712,0.059606777794745,4,3.997818369841866,0.0012507086944843,7,6.4852674455039505,0.0671679645708794,5,4.738903746831056,0.0759448332826103,3,3.2227058906595687,0.0425884033630048,8,7.834557066511479,0.0362687689837971,7.085096216708422,7,6.997797190411575,0.0012392900029463,7.998062870313333,3.4,15.4,57.94444444444444,0.001168848
83,83,55,56,"επιλογή της Πελοποννήσου ως μιας από τις βασικές περιοχές όπου θ’ άρχιζε η Επανάσταση του 1821, δεν ήταν τυχαία, καθώς σ’ αυτήν οι Έλληνες υπερτερούσαν αριθμητικά. Επίσης, αρκετοί ένοπλοι Τούρκοι της Πελοποννήσου είχαν μετακινηθεί στην Ήπειρο
 για να πολεμήσουν τον Αλή Πασά. Άλλοι ευνοϊκοί παράγοντες ήταν το ορεινό έδαφός της,
 η απόστασή της από την Κωνσταντινούπολη και ιδίως η ευρεία εξάπλωση της Φιλικής Εταιρείας στους προκρίτους και τους κληρικούς του τόπου.
 Στα τέλη του 1820 και στις αρχές του 1821 οι Φιλικοί Παπαφλέσσας και Κολοκοτρώνης
 έφτασαν στην Πελοπόννησο και συνεργάστηκαν με τους πρόκριτους και τους αρχιερείς
 της περιοχής για τον συντονισμό του Αγώνα. Ο αρχιμανδρίτης Γρηγόριος Δίκαιος ή Παπαφλέσσας διέτρεξε την ύπαιθρο, μεταφέροντας με ενθουσιασμό το μήνυμα της Μεγάλης
 Επανάστασης και της αποτίναξης του οθωμανικού ζυγού. Ο οπλαρχηγός Θεόδωρος Κολοκοτρώνης πάλι, παλιός κλέφτης και αξιωματικός βρετανικών και γαλλικών στρατιωτικών
 σωμάτων στα Επτάνησα, πέρασε στη Μάνη ξεσηκώνοντας τους Έλληνες.
 Οι κινήσεις αυτές ανησύχησαν τους Τούρκους, οι οποίοι κάλεσαν προληπτικά τους
 αρχιερείς και τους προεστούς στην Τριπολιτσά (Τρίπολη). Όσοι από αυτούς πήγαν, φυλακίσθηκαν. Οι υπόλοιποι πραγματοποίησαν σύσκεψη στις 10 Μαρτίου στη μονή της Αγίας
 Λαύρας και στη συνέχεια επέστρεψαν στις επαρχίες τους για να στρατολογήσουν παλικάρια.
 Η Επανάσταση ξεκίνησε τον Μάρτιο του 1821 στην Πελοπόννησο, με επιθέσεις εναντίον οχυρωμένων Τούρκων στα Καλάβρυτα και στη Βοστίτσα (Αίγιο). Στις 23 Μαρτίου παραδόθηκε στους Έλληνες η Καλαμάτα και άρχισε η πολιορκία των κάστρων, όπου κατέφευγαν οι Οθωμανοί. Έλληνες που είχαν συγκεντρωθεί στην Πάτρα, ύψωσαν τη σημαία
 της Ελευθερίας και ψήφισαν επαναστατική επιτροπή με ηγέτη τον μητροπολίτη Παλαιών
 Πατρών Γερμανό. Τον επόμενο μήνα οι Τούρκοι νικήθηκαν ακόμη μία φορά στο Λεβίδι
 της Αρκαδίας.
 Με την εξάπλωση της Επανάστασης σε ολόκληρη την Πελοπόννησο φάνηκε ότι χρειαζόταν ένα συντονισμένο σχέδιο, καθώς δεν αρκούσε ο ηρωισμός των οπλαρχηγών, που
 πολεμούσαν χωρίς να έχουν επαφή μεταξύ τους. Την ηγεσία των ενόπλων ανέλαβε τότε ο
 Κολοκοτρώνης. Αυτός έκρινε αναγκαία για την επιτυχία της Επανάστασης την κατάληψη της
 Τριπολιτσάς, που ήταν το διοικητικό και στρατιωτικό κέντρο της Πελοποννήσου, κι έπειτα
 των υπολοίπων φρουρίων.
 Τον Ιούνιο του 1821 έφτασε στην Πελοπόννησο και ο Δημήτριος Υψηλάντης, στη θέση
 του φυλακισμένου αδελφού του Αλέξανδρου, για να αναλάβει την αρχηγία της Επανάστασης. Με τη βοήθεια Επτανήσιων εθελοντών, οι εξεγερμένοι Έλληνες κατέλαβαν τη Μονεμβασιά και το Νεόκαστρο. Η Επανάσταση είχε σημειώσει τις πρώτες επιτυχίες της.
",history,6,8,7.265653684997083,0.0836491523946598,6,5.995024581679906,0.0089315153174957,4,3.999297753436622,0.000477438197167,5,5.467853368907868,0.0738044582544471,3,3.516321954241448,0.0600864654476703,3,3.377545574370913,0.0532322434726217,8,7.417908198299358,0.0773356541729776,7.14804183293802,7,6.698633898607341,0.0555160332339652,7.996400140980313,4.0,16.2,57.51858318782739,0.001190402
84,84,200,201,"β. Οι θέσεις του Σοβιετικού ηγέτη Στάλιν
 Κατά τη διάρκεια της γερμανικής εισβολής και κατοχής, η Σοβιετική Ένωση είχε 20 εκατομμύρια περίπου απώλειες σε ανθρώπινες
 ζωές. […] Μπορεί κάποιοι να προσπαθούν να ρίξουν στη λήθη αυτές
 τις θυσίες των Σοβιετικών, που συνέβαλαν στην απελευθέρωση της
 Ευρώπης από τον χιτλερικό ζυγό. Αλλά η Σοβιετική Ένωση δεν μπορεί να τις ξεχάσει. Επομένως, πώς μπορεί να εκπλήσσεται κάποιος,
 επειδή η Σοβιετική Ένωση, μεριμνώντας για τη μελλοντική της
 ασφάλεια, προσπαθεί ώστε αυτές οι χώρες να έχουν κυβερνήσεις
 φιλικές προς τη Σοβιετική Ένωση;
 Αποσπάσματα συνέντευξης του Στάλιν στην εφημερίδα Πράβντα,
 14 Μαρτίου 1946.
 Πηγή: Η Μεγάλη Ιστορία του 20ού αιώνα, Ελληνικά Γράμματα, Αθήνα 2002, τόμ. 5, σ. 14.
",history,12,8,7.962765443855972,0.0129451313218121,7,7.060928072853585,0.0271667461463399,4,3.999723072454799,0.000292767194187,7,6.979268190773382,0.0081298104220251,4,4.048749083844427,0.0491046676075058,4,3.9845817925907383,0.0068866474034078,8,7.952033803225646,0.0157924747408569,7.010981479687871,7,6.99866229907056,0.000827083405209,7.999079379352224,4.9,15.9,44.94117647058823,0.000839684
85,85,144,145,"οικονομική ανάπτυξη. Η κύρια ασχολία τους ήταν το εμπόριο και, για να τους επιτραπεί να
 διαμένουν ανεμπόδιστα στην Αθήνα, πλήρωναν έναν ειδικό φόρο, το μετοίκιον.
 Οι δούλοι αποτελούσαν την πλειονότητα του πληθυσμού της Αθήνας. Υπολογίζεται ότι κατά
 την εποχή του Περικλή κατοικούσαν στην Αθήνα περίπου 200.000 δούλοι. Η προέλευσή
 τους ήταν ποικίλη· άλλοι ήταν αιχμάλωτοι πολέμου, άλλοι είχαν αγοραστεί στα δουλοπάζαρα
 και άλλοι ήταν παιδιά δούλων. Ορισμένοι δούλοι εργάζονταν ως υπηρέτες στα αθηναϊκά
 σπίτια ή τους αγρούς και άλλοι υπηρετούσαν σε κρατικές υπηρεσίες ως δεσμοφύλακες,
 λογιστές, αστυνόμοι ή εργάτες. Οι μορφωμένοι δούλοι εκτελούσαν και χρέη παιδαγωγού σε
 σπίτια πλούσιων Αθηναίων. Η αθηναϊκή κοινωνία, σχεδόν στο σύνολό της, περιέβαλλε με
 στοργή τους δούλους και η κάθε οικογένεια, στους κόλπους της οποίας υπηρετούσαν, τους
 θεωρούσε μέλη της.
 Η μέση αθηναϊκή οικογένεια έμενε συνήθως σε ένα απλό, μονώροφο σπίτι. Τα έπιπλα, λιτά,
 άφηναν πολύ ελεύθερο χώρο στα δωμάτια. Η οικοδέσποινα, ακολουθώντας τις συνήθειες της
 εποχής, παρέμενε στο σπίτι και σπάνια εξερχόταν μόνη, κυρίως κατά τις θρησκευτικές εορτές.
",history,10,7,7.042824140983782,0.0175284042348944,6,5.949322788531845,0.0180478620382718,3,3.2689414093202345,0.0467538204616596,7,6.951653227569011,0.0114402877492198,4,4.018008552985066,0.035874544794754,3,3.0019248676474604,0.0011242959070355,6,6.087406495136193,0.0241080104253029,7.9626727819277505,7,6.993310691411438,0.0028762212317598,7.997119291117876,2.6,14.3,48.183712121212125,0.000978808
86,86,17,18,"παράθεμα 1 Τα φοινικικά γράμματα
 Στην αρχή οι Έλληνες είχαν τα γράμματα
 που χρησιμοποιούσαν οι Φοίνικες, αλλά με
 το πέρασμα του χρόνου άλλαξε μαζί με την
 προφορά και η μορφή τους. Γείτονες των
 Φοινίκων στις περισσότερες περιοχές
 ήταν Έλληνες από την Ιωνία. Αυτοί διδάχτηκαν από τους Φοίνικες τα γράμματα
 και, αφού τα άλλαξαν λίγο, τα χρησιμοποίησαν οι ίδιοι. Σωστά μάλιστα τα ονόμασαν
 φοινικικά γράμματα, αφού τα είχαν πάρει
 από τους Φοίνικες.
 Ηρόδοτος, Ιστορία, Ε ~, 58 (διασκευή)
",history,4,6,5.9961082287452285,0.0028313454943104,6,5.693492669515081,0.0617973190218356,3,2.9988304633203313,0.0007280377995536,4,4.025790686607138,0.0099330916638165,3,3.1858181311629323,0.0405171582280875,2,2.320823313186793,0.0503908244131535,6,5.999096065152116,0.0007551206396091,7.95791008156958,5,4.734077641893464,0.0724657037615545,7.001437669794541,2.1,11.3,48.0,0.000845838
87,87,134,135,"Βογκήστε τύμπανα πολέμου... Οι φοβερές
 σημαίες, ξεδιπλωθείτε στον αέρα!
 Σ’ αυτό το φέρετρο ακουμπά η Ελλάδα! Ένας λαός,
 σηκώνοντας τα μάτια του τη βλέπει...
 κι ακέριος φλέγεται ως με τ’ άδυτο ο Ναός,
 κι από ψηλά νεφέλη Δόξας τονε σκέπει.
 Τι πάνωθέ μας, όπου ο άρρητος παλμός
 της αιωνιότητας, αστράφτει αυτήν την ώρα
 Ορφέας, Ηράκλειτος, Αισχύλος, Σολωμός
 την άγια δέχονται ψυχή την τροπαιοφόρα,
 που αφού το έργο της θεμέλιωσε βαθιά
 στη γην αυτήν με μιαν ισόθεη Σκέψη,
 τον τρισμακάριο τώρα πάει ψηλά τον Ίακχο
 με τους αθάνατους θεούς για να χορέψει.
 Ηχήστε οι σάλπιγγες... Καμπάνες βροντερές,
 δονήστε σύγκορμη τη χώρα πέρα ως πέρα...
 Βόγκα Παιάνα! Οι σημαίες οι φοβερές
 της Λευτεριάς ξεδιπλωθείτε στον αέρα!».
",history,6,8,8.086321180424093,0.0219409560351684,8,8.197875922670857,0.0422964763866873,5,4.828065348861628,0.0390347616482841,7,7.014058333085103,0.0059454514215055,7,6.827686199409072,0.0544278991343595,5,5.154715035917732,0.0394851709271192,10,9.161095558169343,0.0783337322633457,7.029293241058838,7,7.1066878581692094,0.0272872723418548,7.917222799353141,1.2,9.4,46.18824940047962,0.001151286
88,88,219,220,"Ο Απόλλων
 Belvedere.
 Αντίγραφο
 ρωμαϊκών χρόνων
 ενός χάλκινου
 αγάλματος
 του Λεωχάρη
 (330-320 π.Χ.).
 Κρατούσε τόξο
 στο αριστερό και
 κλαδί δάφνης στο
 δεξί χέρι.
 (Ρώμη, Μουσείο
 Βατικανού)
",history,10,5,5.008565864580305,0.0029864839020922,4,4.000378676338187,0.0002093066306648,2,2.053382127647126,0.0167554530050362,7,6.507723452748905,0.0672355197403921,3,2.7588566913009345,0.054315830497618,3,2.988602928006344,0.0060138083120677,5,5.002782082522572,0.0020069572778312,7.982015079503007,7,6.961887060074332,0.0117751869737933,7.999169929582649,-1.4,10.5,36.54736842105263,0.000668884
89,89,118,119,"2. Ο Ελευθέριος Βενιζέλος περιγράφει τα καθήκοντα των πολιτικών
 «Είπον προς υμάς, ότι πρώτιστον καθήκον του πολιτικού ανδρός είναι να θυσιάζη το ατομικόν συμφέρον και συμφέρον του κόμματος του υπέρ του κοινού συμφέροντος. Είπον προσέτι* ότι δεύτερον
 καθήκον του πολιτικού ανδρός είναι να λέγη την αλήθειαν πάντοτε και προς τα άνω και προς τα κάτω,
 αδιαφορών εάν επρόκειτο εκ τούτου να γίνη δυσάρεστος. Είπον συγχρόνως ότι των αρχόντων πρώτιστον καθήκον είναι να δίδωσι το παράδειγμα της πλήρους υποταγής και ευλαβείας εις τα κελεύσματα*
 των νόμων, διά να έχουν το δικαίωμα να επιβάλωσι την τήρησιν αυτών εις τους αρχομένους».
 Εφημερίδα Πατρίς, 27 Νοεμβρίου 1910. Τα κείμενα τον Ελευθερίου Βενιζέλου. Η ζωντανή ιστορία της
 δραματικής περιόδου τον έθνους 1909-1935, επιμέλεια και ιστορικά υπομνήματα Στεφ. I. Στεφάνου,
 τόμ. 1 (1909-1914), Αθήνα 1981, σ. 227.
 * προσέτι = ακόμη, επιπλέον
 * κελεύσματα = προστάγματα
",history,6,8,7.999710423089795,0.0002831604146572,8,7.926963514888371,0.0230441888156745,4,3.8519546102502176,0.0336734184566122,7,6.934162673715764,0.0197445263464586,6,5.475650391308591,0.110446163938524,3,3.0110053727196373,0.0048690514667388,8,7.999812710748927,0.0003059946379651,7.003169069606429,7,6.992723060642675,0.003447644918331,7.9953564983879915,2.8,13.8,46.72458310919849,0.000777702
90,90,25,26,"– Τα προνόμια των ευγενών και του κλήρου καταργήθηκαν και επικράτησε η αντίληψη ότι όλοι οι άνθρωποι γεννιόνταν
 έχοντας, τουλάχιστον θεωρητικά, τα ίδια δικαιώματα.
 – Ο λαός αναδείχτηκε σε κινητήρια δύναμη της ιστορίας και σε αποκλειστική πηγή εξουσίας με την καθιέρωση συνταγμάτων και την επικράτηση της αρχής της λαϊκής κυριαρχίας. Τα φυσικά δικαιώματα του Διαφωτισμού έγιναν πολιτικά δικαιώματα. Οι υπήκοοι έγιναν πολίτες.
 – Αναπτύχθηκαν ή αναδύθηκαν ιδέες και κινήματα που σφράγισαν την παγκόσμια ιστορία, όπως ο φιλελευθερισμός, ο
 εθνικισμός, ο κοινωνικός ριζοσπαστισμός και ο σοσιαλισμός (για τα οποία θα γίνει αναφορά παρακάτω).
 1. Η γαλλική επανάσταση δίδαξε στους λαούς να αντιστέκονται στους τυράννους
 Η Ευρώπη δεν καταλαβαίνει ότι μπορεί να ζήσει χωρίς βασιλιάδες, χωρίς ευγενείς. Εμείς δεν καταλαβαίνουμε ότι μπορεί να ζήσει κανείς μαζί τους. Οι αξιότιμοι
 γείτονές μας απασχολούν [...] τον κόσμο με την υγεία του βασιλιά, με τις διασκεδάσεις και τα ταξίδια του. Εμείς πληροφορούμε τον κόσμο για τα ονόματα και
 τις αρετές των ηρώων που πέθαναν για τη λευτεριά […] Εμείς του μαθαίνουμε ότι
 σήμανε η ώρα της εκτέλεσης των καταπιεστών.
 Ροβεσπιέρος, Λόγος στη Συμβατική Εθνοσυνέλευση, 7 Μαΐου 1794.
 Πηγή: Μ. Βερέτας (επιμ.), Μαρά, Σεν Ζιστ, Ροβεσπιέρος, Κείμενα, Σύγχρονη Εποχή,
 Αθήνα 1989, σ. 254.
",history,12,8,7.646108542339789,0.0537658163528655,7,7.1459140109368775,0.0347048888269933,4,3.9999496718101,5.848753710538525e-05,5,5.467174966247967,0.0601410734205319,4,4.011200246466615,0.0601011979694047,4,3.990431366785579,0.004498670701029,8,7.789773413125658,0.0426582560017938,7.003169069606429,7,6.9289467811940995,0.0208900313650505,7.991392641040875,2.4,13.7,45.24697336561744,0.000901522
91,91,97,98,"Στην Αθήνα τότε έζησαν σπουδαίοι άνθρωποι που ασχολήθηκαν με τα γράμματα. Η
 πόλη έμοιαζε με σχολείο. Έλληνες από κάθε περιοχή πήγαιναν στην Αθήνα να ακούσουν τους σοφούς να μιλάνε για σοβαρά θέματα και να διδάσκουν τους νέους.
 Ο φιλόσοφος Σωκράτης σε διάφορα σημεία της πόλης έπιανε κουβέντα κάθε μέρα
 με τους απλούς ανθρώπους. Η ζωή, έλεγε, θα γίνει πιο καλή, αν οι άνθρωποι γίνουν δίκαιοι και τίμιοι.
 Ο Ηρόδοτος καταγόταν από την Αλικαρνασσό της Μ. Ασίας, έζησε όμως χρόνια στην
 Αθήνα. Ταξίδεψε σε πολλές χώρες, όπου είδε και άκουσε πολλά και περίεργα. Πιο πολύ
 όμως τον συγκίνησαν τα κατορθώματα των Ελλήνων εναντίον των Περσών. Όλα αυτά
 που του έκαναν εντύπωση θέλησε να τα γράψει. Αργότερα τον ονόμασαν «πατέρα της
 Ιστορίας». Ο Θουκυδίδης, ένας άλλος ιστορικός, έγραψε για τον Πελοποννησιακό πόλεμο, τις συγκρούσεις ανάμεσα στους Έλληνες. Παρόλο που οι συμπατριώτες του οι
 Αθηναίοι τον εξόρισαν, αυτός έγραψε χωρίς μίσος γι’ αυτούς.
 Την εποχή αυτή αναπτύχθηκε ιδιαίτερα το θέατρο. Τις παραστάσεις παρακολου-
",history,4,6,6.014135625810468,0.0059792666991171,6,6.143534101260066,0.0360949462874657,3,3.000002440171386,3.143384427488976e-06,4,4.084928539943775,0.023586561481886,3,3.170797915902284,0.0434029998132923,3,2.9997784812600936,0.0001826062534308,6,6.009816450008657,0.0045086293927229,7.992422018073,4,4.164442226919164,0.0361690300988386,7.005903982426389,0.4,9.0,36.9980695,0.000781141
92,92,139,140,"Μέχρι το 462 π.Χ., έτος της πτώσης της πολιτικής δύναμης του Κίμωνα, και την άνοδο
 του Περικλή, το αθηναϊκό πολίτευμα λειτουργούσε περίπου όπως το είχε διαμορφώσει
 η μεταρρύθμιση του Κλεισθένη. Όμως, στη συνέχεια το πολίτευμα εξελίσσεται, η λαϊκή
 συμμετοχή διευρύνεται και ο δήμος ασκεί το σύνολο της εξουσίας.
 Η Εκκλησία του Δήμου είναι το κυρίαρχο σώμα στη δομή του αθηναϊκού πολιτεύματος.
 Όλοι οι ελεύθεροι πολίτες της Αττικής, σύμφωνα με τον νόμο, ήταν μέλη της. Κατά τις
 συνεδριάσεις κάθε πολίτης μπορούσε ελεύθερα να εκφράσει τη γνώμη του. Οι αποφάσεις
 της Εκκλησίας καθόριζαν την πορεία της πολιτείας σε όλους τους τομείς. Η Εκκλησία, όπως
 καθόριζε η μεταρρύθμιση του Κλεισθένη, εκλέγει, με θητεία ενός έτους, τα μέλη της Βουλής
 των Πεντακοσίων, αλλά τώρα οι αρμοδιότητές της ήταν αυξημένες. Αυτή προετοίμαζε τα
 κείμενα των νόμων (προβούλευμα), τους οποίους, μετά από συζήτηση, ψήφιζε ή απέρριπτε
 η Εκκλησία. Μετά τη μεταρρύθμιση του Εφιάλτη, ο Άρειος Πάγος δεν είχε δικαίωμα να ελέγχει
 τη βουλή.
 Οι Εννέα Άρχοντες δεν εκλέγονταν πια, αλλά κληρώνονταν· έτσι το αξίωμά τους είχε
 καταλήξει να είναι καθαρά διακοσμητικό. Αντίθετα, οι Δέκα Στρατηγοί αναδεικνύονται ως οι
 κύριοι ανώτατοι άρχοντες. Έργο τους είναι η εσωτερική ασφάλεια της πόλης, ο σχεδιασμός
 της εξωτερικής πολιτικής και η διοίκηση του στρατού και του στόλου.
 Εκεί όμως που σημειώνονται οι ριζοσπαστικότεροι νεωτερισμοί είναι στην απονομή
 της δικαιοσύνης. Ο Εφιάλτης αφαίρεσε από τον Άρειο Πάγο την αποκλειστικότητα της
 απονομής της δικαιοσύνης, αφήνοντάς του μόνο τις περιπτώσεις φόνου εκ προμελέτης και
 εμπρησμού. Όλες οι άλλες περιπτώσεις μεταφέρονται στη δικαιοδοσία ενός πολυμελούς
 λαϊκού δικαστηρίου, της Ηλιαίας, με 6.000 δικαστές, οι οποίοι εκλέγονταν, με θητεία ενός
 έτους, από την Εκκλησία. Η Ηλιαία χωριζόταν σε 10 τμήματα. Το κάθε τμήμα είχε αρμοδιότητα
 σε διαφορετικό δικαστικό τομέα και αντιπροσώπευε μία από τις δέκα φυλές της Αθήνας.
 ΔΗΜΟΙ
",history,10,8,7.976539804214632,0.0089934285246969,7,6.984582652201496,0.0122383292581333,4,3.9972158683794987,0.001562748772845,7,6.93673398319288,0.0187085615518057,4,4.146169930749693,0.0590432133676565,3,3.012432371420971,0.0053731452434804,8,7.996788465825588,0.0018279924982458,7.067542998865861,7,6.999668530955361,0.0002603841702899,7.998280423784308,2.2,12.6,46.75065983542928,0.000995583
93,93,119,120,"αρόλο που οι Μεγάλες Δυνάμεις ήταν αντίθετες στην αλλαγή συνόρων, η Σερβία, η Βουλγαρία, το Μαυροβούνιο και η Ελλάδα συμμάχησαν εναντίον των Τούρκων και τους κήρυξαν
 τον πόλεμο, διεκδικώντας τα εδάφη που κατείχε η Οθωμανική Αυτοκρατορία στη Βαλκανική
 Χερσόνησο.
 Ο Α΄ Βαλκανικός Πόλεμος ανάμεσα στους τέσσερις σύμμαχους βαλκανικούς λαούς και
 τους Τούρκους ξέσπασε τον Οκτώβριο του 1912. Η Ελλάδα είχε φροντίσει έγκαιρα να οργανώσει και να εξοπλίσει τα στρατεύματά της, εκπαιδεύοντας τους στρατιώτες και παραγγέλλοντας νέα
 πυροβόλα, τουφέκια καθώς και πυρομαχικά.
 Ο ελληνικός στρατός, που ενισχύθηκε με αρκετούς εθελοντές Έλληνες και Φιλέλληνες, με
 αρχιστράτηγο τον διάδοχο του θρόνου Κωνσταντίνο, κινήθηκε προς δύο κατευθύνσεις: προς την
 Ήπειρο και τη Μακεδονία. Με συντονισμένες και αιφνιδιαστικές κινήσεις τα ελληνικά στρατεύματα απελευθέρωσαν την Ελασσόνα και τη Δεσκάτη, ενώ μετά τη μάχη στο Σαραντάπορο μπήκαν
 στην Κοζάνη σε λιγότερο από μία εβδομάδα από την κήρυξη του πολέμου.
 Για να μην καταλάβουν οι Βούλγαροι τη Θεσσαλονίκη, ο ελληνικός στρατός, με εντολή
 του πρωθυπουργού Βενιζέλου, στράφηκε αμέσως προς την πρωτεύουσα της Μακεδονίας. Η
 απελευθέρωση της Θεσσαλονίκης κρίθηκε σε αποφασιστική μάχη στα Γιαννιτσά (19-20 Οκτωβρίου 1912), η οποία έληξε με νίκη των Ελλήνων. Αργά το βράδυ της 26ης Οκτωβρίου 1912 ο
 Οθωμανός διοικητής της πόλης Χασάν Ταχσίν Πασάς υπέγραψε το Πρωτόκολλο παράδοσης της
 Θεσσαλονίκης στους Έλληνες. Δύο μέρες αργότερα ο διάδοχος Κωνσταντίνος και τμήματα του
 ελληνικού στρατού μπήκαν στην πόλη και έγιναν δεκτοί με ενθουσιασμό.
 Αλλά και στην περιοχή της Ηπείρου οι Έλληνες στρατιώτες απελευθέρωσαν σημαντικές
 πόλεις, όπως τα Ιωάννινα και προχώρησαν προς τη Βόρεια Ήπειρο. Ταυτόχρονα ο στόλος, με
 αρχηγό το ναύαρχο Κουντουριώτη, κατάφερε να εμποδίσει τη μεταφορά τουρκικών στρατευμάτων από τη Μικρά Ασία και απελευθέρωσε πολλά νησιά του Ανατολικού Αιγαίου.
 Τον Μάιο του 1913 ο Α΄ Βαλκανικός Πόλεμος τερματίστηκε με συνθήκη που υπογράφηκε
 στο Λονδίνο, ύστερα από μεσολάβηση των Μεγάλων Δυνάμεων. Η Τουρκία είχε νικηθεί και
 αποχώρησε οριστικά από τα Βαλκάνια. Παραιτήθηκε επίσης από τα δικαιώματά της στην Κρήτη.
 Όμως η ρύθμιση των συνόρων ανάμεσα στα βαλκανικά κράτη προκάλεσε τον Β΄ Βαλκανικό Πόλεμο, τον Ιούνιο του 1913. Η Βουλγαρία δεν έμεινε ικανοποιημένη από τα εδάφη που
 κέρδισε, γι’ αυτό ήρθε σε σύγκρουση με τους πρώην συμμάχους της, την Ελλάδα και τη Σερβία.
 Ο ελληνικός στρατός κέρδισε σημαντικές νίκες και κατέλαβε την υπόλοιπη Κεντρική καθώς και
 την Ανατολική Μακεδονία. Ο Β΄ Βαλκανικός Πόλεμος έληξε το καλοκαίρι του ίδιου χρόνου με
",history,6,8,7.810864451897178,0.0414929604392638,6,6.002789533069206,0.0019943220942604,4,3.994782303160491,0.0026236674343149,6,5.8311637123296265,0.0509171746243599,3,3.2736688368430578,0.0491207259604685,3,3.012430276874902,0.0053738308944675,8,7.382150185487262,0.0756995353598135,7.245079902897032,7,6.6982292534716095,0.0547891426733015,7.9982968035311615,4.5,16.2,59.08521988030185,0.001166172
94,94,58,59,"Ρήνου και σε ορισμένα κέντρα στη βόρεια Ιταλία. Από τα μέσα του
 19ου αιώνα, όμως, εξαπλώθηκε με γρήγορους ρυθμούς σε νέες πε[...] Γύρω στα μέσα του 19ου αιώνα αναπτύχθηκαν
 ριοχές της Ευρώπης, καθώς και στις ΗΠΑ, χάρη στην αδιάκοπη
 δύο βιομηχανικοί κλάδοι που βασίζονταν σε μια πολύ
 πρόοδο των παραδοσιακών βιομηχανικών τομέων (υφαντουργία,
 επαναστατική τεχνολογία: η χημική και (στο βαθμό
 μεταλλουργία).
 που αφορούσε τις επικοινωνίες) η ηλεκτρική βιομηΜετά το 1880 πρωτοπόροι έγιναν νέοι βιομηχανικοί κλάδοι που
 χανία. [...] Όπως μαρτυρούν τα μυθιστορήματα του
 συνδέονταν με την επιστημονική έρευνα. Η χημεία πέρασε από
 Ιουλίου Βερν (1828-1905), ο καθηγητής έγινε μια πολύ
 τον χώρο του εργαστηρίου στη μαζική παραγωγή. Επαναστατικές
 σημαντικότερη για τη βιομηχανία μορφή από όσο
 επιστημονικές ανακαλύψεις γέννησαν την οργανική χημεία και
 ήταν στο παρελθόν [...]. Εξάλλου, το ερευνητικό εργαστήριο έγινε αναπόσπαστο στοιχείο της βιομηχανιεπέτρεψαν την παραγωγή μεγάλων ποσοτήτων συνθετικών βακής ανάπτυξης. [...] Μια σημαντική συνέπεια αυτής της
 φών, λιπασμάτων, πλαστικών υλών και εκρηκτικών (δυναμίτιδα).
 διείσδυσης της επιστήμης στη βιομηχανία ήταν ότι
 Χάρη στη χημεία αναπτύχθηκαν, ακόμη, οι βιομηχανίες φαρμάκων,
 από τότε το εκπαιδευτικό σύστημα γινόταν όλο και
 ψυγείων, φωτογραφικών και κινηματογραφικών ειδών. Πρωτοπόζωτικότερο για τη βιομηχανική ανάπτυξη.
 ρος αναδείχτηκε η Γερμανία. Παράλληλα, ο ηλεκτρισμός αποτέE.J. Hobsbawm, Η εποχή του κεφαλαίου, 1848−1875, γ´
 λεσε, ίσως, την κυριότερη καινοτομία του δεύτερου μισού του
 ανατύπωση, μτφρ. Δ. Κούρτοβικ, ΜΙΕΤ, Αθήνα 2003, σ.
 19ου αιώνα, τόσο ως πηγή ενέργειας για τους ηλεκτρικούς κινη71-73.
 τήρες όσο και ως μέσο φωτισμού, καθώς άρχισε να αντικαθιστά
 το φωταέριο και τις λάμπες πετρελαίου. Αυτή την εποχή επινοήθηκαν ο ηλεκτρικός λαμπτήρας πυρακτώσεως, καθώς και μέθοδοι μετατροπής της ενέργειας των υδάτων σε ηλεκτρική
",history,12,8,8.00935487550555,0.0049150271774341,8,7.622477132782247,0.0532653509621724,4,4.0675325982560935,0.0198721687137373,7,6.999976914639149,4.5474803311022735e-05,5,5.071100707602454,0.0639368947221463,4,3.991546036521349,0.0040614981957016,8,8.015802703746886,0.006775514506757,7.01798186833912,7,7.001888137184295,0.0011560278317294,7.999288722456072,1.9,15.0,49.76829268292683,0.001019279
95,95,134,135,"παράθεμα 2 Το όνειρο του Πύρρου
 Η μάχη (στη Σπάρτη) σταμάτησε τη νύχτα. Ο Πύρρος έπεσε
 για ύπνο και είδε το εξής όνειρο: του φάνηκε ότι χτυπούσε
 τη Σπάρτη με κεραυνούς και
 καιγόταν ολόκληρη κι αυτός
 χαιρόταν. Από τη χαρά του ξύπνησε κι έδινε διαταγή στους
 αρχηγούς του να προετοιμάζουν τον στρατό. Μιλούσε επίσης και στους φίλους του για
 3. Νόμισμα της εποχής του Πύρρου με παράσταση του Δία.
 το όνειρό του, εκφράζοντας τη
 Στην άλλη όψη διαβάζουμε το όνομα του βασιλιά. (Λονδίνο,
 Βρετανικό Μουσείο)
 σιγουριά του ότι θα κυριεύσει
 την πόλη. Στον Λυσίμαχο όμως
 δεν άρεσε το όνειρο. Εξήγησε μάλιστα πως τα μέρη που τα χτυπάει ο κεραυνός μένουν απάτητα.
 Κι αυτό κατά τη γνώμη του φανέρωνε στον Πύρρο πως δε θα μπορέσει να καταλάβει την πόλη.
 Πλούταρχος, Πύρρος, 29, 5-10 (διασκευή)
",history,4,6,6.007530880619747,0.0038564215410221,7,7.311219261027873,0.0535299859180449,3,3.0000332722256644,4.301959803575663e-05,4,4.133108696382806,0.0315539599716522,4,3.9626029260289215,0.0570628905793497,3,3.0080136600024616,0.0053838847157486,6,5.999174829921685,0.0017841748530921,7.880796258265434,5,4.913182757238246,0.0287543261346473,7.002440429983835,0.9,7.4,35.29183555298205,0.000829344
96,96,26,27,"( Ένας Αιγύπτιος απευθύνεται στον Φαραώ Σέθι Β΄)
 Στρέψε το πρόσωπό σου προς εμέ,
 Ήλιε, που ανατέλλεις και φωτίζεις τα
 όρη με την ομορφιά σου. Δίσκε λαμπρέ,
 ανάμεσα στους ανθρώπους που διώχνεις
 τα σκότη από την Αίγυπτο. Έχεις τη μορφή
 του πατέρα σου, όταν υψώνεται στους
 ουρανούς και οι ακτίνες του εισχωρούν
 σε κάθε σημείο της γης_ δεν υπάρχει
 τόπος που να μη γεύεται την ομορφιά
 σου, γιατί οι λόγοι σου κανονίζουν τις τύχες όλων των χωρών. Άρχοντα γαλήνιε,
 που προσφέρεις σε όλους την πνοή της
 ζωής.
",history,10,8,8.05291112150654,0.0154243687090504,8,8.005162440346794,0.003690783279838,3,3.166529461970047,0.0365838357834822,7,7.000017040120214,6.619588961470943e-05,7,6.746612295181876,0.0500198453481531,3,3.16472410510778,0.0359976053860644,8,8.281001987332033,0.0485172812958584,7.001697542007356,7,7.067536146281867,0.0198768043366417,7.999226941549381,4.6,12.0,45.96212121212121,0.001135142
97,97,262,263,"ΕΝΟΤΗΤΑ 65
 Οι Τέχνες στην Ελλάδα τον 20ό αιώνα
 Η ζωγραφική στις αρχές του 20ού αιώνα βρισκόταν, ακόμη, υπό την επιρροή της σχολής του Μονάχου με κύριο εκπρόσωπο τον Γ. Ιακωβίδη.
 Σχεδόν παράλληλα, όμως, άρχισε η βαθμιαία εισαγωγή και
 στην Ελλάδα νέων καλλιτεχνικών προτύπων. Οι Κωνσταντίνος Παρθένης (1878-1967), Κωνσταντίνος Μαλέας (1879-1928)
 και Γιώργος Μπουζιάνης (1885-1959), οι θεωρούμενοι τρεις
 «πατέρες» της ελληνικής τέχνης του 20ού αιώνα, θα υπερβούν την απλή αποτύπωση της οπτικής πραγματικότητας.
 Δίχως να απορρίψουν την έως τότε ζωγραφική παράδοση,
 θα ακολουθήσουν, επηρεασμένοι από τον ιμπρεσιονισμό,
 σύγχρονους εκφραστικούς δρόμους, δίνοντας ιδιαίτερη σημασία στο φως, δείχνοντας ενδιαφέρον για το τοπίο και
 1. Κωνσταντίνος Παρθένης, Το λιμάνι της Καλαμάτας, 1911.
 χρησιμοποιώντας το χρώμα με λιτότητα.
 Περίπου την ίδια εποχή, η ήττα
 στη Μικρά Ασία, η κατάρρευση της
 Μεγάλης Ιδέας και οι συζητήσεις που
 ακολούθησαν αναφορικά με τη θέση
 και τον ρόλο του ελληνισμού έστρεψαν ορισμένους καλλιτέχνες στη βυζαντινή ζωγραφική παράδοση. Κύριος εκφραστής αυτής της κίνησης
 υπήρξε ο Φώτης Κόντογλου (18991965), που υποστήριξε την επιστροφή
 στη βυζαντινή ελληνικότητα και την
 εγκατάλειψη της δυτικής τέχνης. Γύρω του σχηματίστηκε ένας μικρός
 2. Γιάννης Τσαρούχης, Οι τέσσερις εποχές 1968-1969.
 κύκλος μαθητών, οι οποίοι επέκτειναν τις αναζητήσεις του και σε άλλες μορφές λαϊκής ζωγραφικής (το
 έργο του αυτοδίδακτου ζωγράφου
 Θεόφιλου) και λαϊκής τέχνης (Καραγκιόζης). Σημαντικότερος ανάμεσά
 τους υπήρξε ο Γιάννης Τσαρούχης
 (1910-1989).
",history,12,7,7.205151224119103,0.0604269886855764,7,6.984266422827432,0.0066961279687706,4,3.9996198947083883,0.0002712441811684,7,6.745924899464825,0.049117868483056,4,3.814963699551299,0.081796865654565,3,3.1824320908990558,0.0381751563389551,8,7.10714907446766,0.0797579382541347,7.164512593170173,7,6.998417283487925,0.0009423567573137,7.994080135385502,3.2,16.4,52.78663003663004,0.001190567
98,98,184,185,"Οι επιχειρήσεις στην Άπω Ανατολή Οι ΗΠΑ παρέμειναν ουδέτερες κατά τα δύο πρώτα χρόνια του πολέμου. Όταν, όμως,
 ιαπωνικά πολεμικά αεροπλάνα επιτέθηκαν εναντίον του αμερικανικού πολεμικού στόλου στο Περλ Χάρμπορ της Χαβάης
 (7 Δεκεμβρίου 1941), οι ΗΠΑ κήρυξαν τον πόλεμο τόσο στην Ιαπωνία όσο και στις δυνάμεις του Άξονα. Έτσι, και ο Ειρηνικός
 ωκεανός έγινε ένα από τα πολεμικά μέτωπα, και μάλιστα από τα πιο σκληρά.
 Το τέλος του πολέμου Μόλις κρίθηκε ο πόλεμος στη Β. Αφρική, οι συμμαχικές δυνάμεις που μάχονταν εκεί αποβιβάστηκαν στην Ιταλία. Το φασιστικό καθεστώς κατέρρευσε και ο Μουσολίνι καθαιρέθηκε. Ο διάδοχός του, στρατάρχης
 Μπαντόλιο, έσπευσε να υπογράψει ανακωχή (Σεπτέμβριος 1943), αλλά ο Μουσολίνι διέφυγε στη Β. Ιταλία, όπου σχημάτισε
 νέα κυβέρνηση, στηριγμένος σε γερμανικά στρατεύματα.
 Στις 6 Ιουνίου 1944 ισχυρές συμμαχικές δυνάμεις υπό την ηγεσία του Αμερικανού στρατηγού Αϊζενχάουερ πραγματοποίησαν μία από τις μεγαλύτερες επιχειρήσεις του Β´ Παγκόσμιου πολέμου, την απόβαση στις ακτές της Νορμανδίας (ΒΔ
 Γαλλία). Παρά την αντίσταση των γερμανικών δυνάμεων, οι σύμμαχοι κατόρθωσαν μέχρι τον Σεπτέμβριο του 1944 να έχουν
 απελευθερώσει τη Γαλλία, το Βέλγιο, το Λουξεμβούργο και την Ολλανδία.
 Παράλληλα, στα ανατολικά είχε ξεκινήσει, από τον Ιούνιο του 1944, μεγάλη σοβιετική αντεπίθεση. Τα γερμανικά στρατεύματα των Βαλκανίων και της κεντρικής Ευρώπης, προκειμένου να μην εγκλωβιστούν, άρχισαν να υποχωρούν. Στις αρχές
 Μαΐου 1945 αμερικανικά, αγγλικά και γαλλικά στρατεύματα από τα δυτικά και σοβιετικά από τα ανατολικά βρίσκονταν έξω
",history,12,8,7.605706479488504,0.0608336168155145,6,5.995723307361345,0.0122480157236499,4,3.996839069905036,0.001731582400966,7,6.909306667338882,0.023585532407106,3,3.39728520233416,0.059302851327853,4,3.6224933412719835,0.0532558882605906,6,6.719288992136114,0.0690456718512379,7.9669129086546775,7,6.995725922057318,0.0021133514945248,7.999088230031589,3.0,14.8,58.46969696969697,0.001137759
99,99,129,130,"2. Η 28η Οκτωβρίου 1940 στην Αθήνα
 «Σιγά-σιγά η Αθήνα παίρνει το ύφος των μεγάλων εθνικών εορτών, κάτι που θυμίζει λχ. τα Εκατόχρονα της Ελληνικής Επανάστασης, αλλά πιο αυθόρμητα και πιο νεανικά. Καιρός θαυμάσιος, καταγάλανος ουρανός. Πλήθη
 νέων, με στολές της ΕΟΝ ή με πολιτικά, έχουν χυθεί στους κεντρικούς δρόμους, με λάβαρα, σημαίες, δάφνες,
 μουσικές. Κρατούν εικόνες του βασιλιά, του Μεταξά, του καταδρομικού Έλλη με την επιγραφή: Δεν λησμονούμε.
 Ο κόσμος συμμετέχει σ’ αυτές τις εκδηλώσεις, χειροκροτεί, ζητωκραυγάζει. Είχα πολλά, παρά πολλά χρόνια να
 δω τέτοιο ενθουσιασμό στην Αθήνα. Αισθάνεται κανείς ένα πάθος μες στον αέρα, ένα φανατισμό, μια λεβεντιά. Ξύπνησε το ελληνικό φιλότιμο, είναι κάτι ωραίο. Και μια τέλεια εθνική ενότητα. Είναι η πρώτη φορά στη
 ζωή μου που αισθάνομαι τέτοιαν ομόνοια να βασιλεύει στον τόπο: Κανείς δεν σκέπτεται αυτή τη στιγμή ότι ο
 εχθρός είναι δέκα φορές ισχυρότερος, ότι ο θάνατος κρέμεται από πάνω μας μέσα σ’ αυτόν τον λαμπρό ουρανό. Αισθάνομαι μια μεγάλη αγάπη για τον ελληνικό λαό, μια αγάπη γεμάτη αλληλεγγύη, στοργή και αντρική
 εκτίμηση. Είναι ένας όμορφος, λεβέντικος, ευγενικός και έξυπνος λαός, είναι ένας λαός που αξίζει περισσότερο
 από ορισμένους μεγάλους λαούς του κόσμου και ασφαλώς πολύ περισσότερο απ’ αυτούς τους ξιπασμένους που
 ξεκίνησαν σήμερα να μας κατακτήσουν».
 Γιώργος Θεοτοκάς, Τετράδια Ημερολογίου 1939-1953, εισαγωγή, επιμέλεια Δημήτρης Τζιόβας, Αθήνα χχ, σσ. 170171.
",history,6,8,7.998833035468726,0.0007359257026149,6,6.28147117929575,0.0655827777797348,4,3.999862926239075,0.0001137503345181,7,6.919728596692039,0.0228212792523361,4,3.8184354452969274,0.0743657395714423,3,3.0097315664097657,0.0044423874901534,8,7.991457672184367,0.0040015644617037,7.002178770411319,7,6.986342955482087,0.0057949617992125,7.990220362837135,2.2,12.8,42.39875461254613,0.000876268
100,100,6,7,"παράθεμα 1 Ο ελληνισμός της Μ. Ασίας
 Οι Ίωνες έχουν χτίσει τις πόλεις τους στον πιο ωραίο τόπο, από άποψη
 ατμόσφαιρας και κλίματος, σε σύγκριση μ' όλους τους γνωστούς λαούς.
 Τα μέρη που βρίσκονται βορειότερα υποφέρουν από το κρύο και την υγρασία, ενώ τα μέρη που βρίσκονται νοτιότερα υποφέρουν από καύσωνα και
 ξηρασία. Από τις δώδεκα ιωνικές πόλεις, οι δύο είναι χτισμένες στα νησιά
 Σάμο και Χίο και οι υπόλοιπες στη Μ. Ασία. Στην περιοχή της Μυκάλης ιδρύθηκε το Πανιώνιο, που ήταν κοινό αφιέρωμα των Ιώνων στον Ελικώνιο Ποσειδώνα. Εκεί συγκεντρώνονταν οι Ίωνες και γιόρταζαν τα Πανιώνια.
 Οι Αιολείς έχτισαν δώδεκα πόλεις στη στεριά της Ασίας. Αυτοί έτυχε να
 εγκατασταθούν σε περιοχή πιο εύφορη από τους Ίωνες, αλλά το κλίμα εκεί
 δεν είναι τόσο γλυκό.
 Ηρόδοτος, Ιστορία, Α~, 142, 148, 149 (διασκευή)
",history,4,6,6.085953067474602,0.0236755884163437,6,6.124999477705273,0.0427681133243568,3,3.00001396487653,1.5089462183355965e-05,4,4.176226141733878,0.0387897030452036,4,3.6801210634039307,0.065439075862895,3,2.99594471596809,0.0021394706987852,6,6.00153389463776,0.0009273406417155,7.952571671456099,5,5.699976576048584,0.090044407017819,7.000422079407144,1.9,9.7,42.000816993464056,0.000945107
101,101,18,19,"χαλκός χρησιμοποιείται όλο και περισσότερο για την
 κατασκευή κάθε είδους αντικειμένων και παραμερίζει την
 πέτρα. Γι’ αυτό και η νέα εποχή που αρχίζει ονομάζεται
 Εποχή του Χαλκού. Αυτή την περίοδο, στην περιοχή της
 Μέσης Ανατολής που ονομάστηκε «εύφορη ημισέληνος»
 αναπτύσσονται οι πρώτοι μεγάλοι πολιτισμοί, των Σουμερίων,
 των Βαβυλωνίων, των Αιγυπτίων, των Εβραίων, των
 Φοινίκων, των Χετταίων. Συγχρόνως, σε διάφορες περιοχές
 της Ελλάδας εμφανίζονται οι πρώτοι σημαντικοί πολιτισμοί
 (Κυκλαδικός, Μινωικός, Μυκηναϊκός). Καθένας από τους
 πολιτισμούς αυτούς έχει τη δική του φυσιογνωμία. Η θάλασσα
 του Αιγαίου έπαιζε σπουδαίο ρόλο για την επαφή των
 πολιτισμών αυτών μεταξύ τους αλλά και με τους γειτονικούς
 πολιτισμούς της Ανατολής.
",history,10,6,6.44239354460359,0.0565060462498945,7,6.784952927448558,0.047052668564172,3,3.000020761562837,2.097371116786916e-05,4,4.326719750192581,0.0521646094999129,4,4.058284473461754,0.0506174362525029,3,3.2227328202161516,0.0426028056235308,6,6.01846909944372,0.0074463163038145,7.962672029160046,6,5.646984171936765,0.072180669193066,7.182420762677339,2.9,15.9,53.73118279569893,0.001026526
102,102,255,256,"ΕΝΟΤΗΤΑ 63
 Η ποίηση και η πεζογραφία στον κόσμο τον 20ό αιώνα 1
 Ποίηση
 Η κληρονομιά του συμβολισμού Ο συμβολισμός, που εμφανίστηκε γύρω στα 1870 στη Γαλλία, κυριάρχησε έως τις αρχές
 της δεκαετίας του 1920 κυρίως με τη μορφή της «καθαρής ποίησης», μιας προσπάθειας ποιητικής έκφρασης απαλλαγμένης
 από καθετί μη ποιητικό με κύριο εκφραστή τον Βαλερί. Παράλληλα, οι Ρίλκε στη Γερμανία, Χιμένεθ (Νόμπελ 1956) και Ματσάδο στην Ισπανία, Γέιτς στη Μ. Βρετανία, Ντ’ Ανούντσιο στην Ιταλία είναι οι σημαντικότεροι μόνο από τους Ευρωπαίους
 ποιητές που επηρεάστηκαν.
 Οι ανακατατάξεις των αρχών του 20ού αιώνα – Ο μοντερνισμός Τα κινήματα του μοντερνισμού οδήγησαν τους ποιητές
 στην εγκατάλειψη των παραδοσιακών ποιητικών τεχνικών και στην αναζήτηση νέων λύσεων. Πρωτοπόρος υπήρξε ο Γάλλος
 Απολιναίρ.
 Ο φουτουρισμός και ο ντανταϊσμός υποστήριξαν ότι η ποίηση έπρεπε να απελευθερωθεί πλήρως από τη μορφή. Η φουτουριστική ποίηση, εκτός από την Ιταλία, γνώρισε σημαντική απήχηση και στη Ρωσία (1913-1920), με κύριους εκφραστές τον
 Χλέμπνικοφ και τον ένθερμο υποστηρικτή της ρωσικής επανάστασης Μαγιακόφσκι.
 Ο σουρεαλισμός (υπερρεαλισμός) πρότεινε έναν νέο τρόπο πρόσληψης της πραγματικότητας, τον ψυχικό αυτοματισμό,
 που στηριζόταν στην εξάλειψη κάθε ελέγχου από τη λογική. Μέσα από το έργο κυρίως των Μπρετόν, Ελιάρ και Αραγκόν διαμορφώθηκε η μέθοδος της «αυτόματης γραφής», που επιδίωκε την ανάσυρση από το υποσυνείδητο στοιχείων που είχαν απωθηθεί εκεί από τη λογική.
 Ο αγγλοσαξονικός μοντερνισμός (μέσα δεκαετίας 1910-τέλη δεκαετίας 1940), με κύριους εκφραστές τους Έλιοτ
 (Νόμπελ 1948) και Πάουντ, μιλώντας για παρακμή του πολι1. Ο Αντρέ Μπρετόν εξηγεί τον μηχανισμό της «αυτόματης γραφής»
 τισμού και υποστηρίζοντας τη
 Συγκεντρωθείτε σ’ αυτό που έχετε να γράψετε, αφού εγκατασταθείτε σ’ ένα μέρος όσο το
 θέση ότι ο σύγχρονος καταδυνατόν ευνοϊκότερο γι’ αυτό τον σκοπό. Περάστε στην πιο παθητική ή την πιο δεκτική κατάκερματισμένος άνθρωπος πρέσταση που σας είναι δυνατόν. Αφαιρέστε το μυαλό σας, τα ταλέντα σας, κι όλων των άλλων.
 πει να ολοκληρωθεί για να λυΠείτε στον εαυτό σας ότι η λογοτεχνία είναι ένας από τους πιο θλιβερούς δρόμους που οδηγούν παντού. Γράψτε γρήγορα χωρίς προσχεδιασμένο θέμα, αρκετά γρήγορα ώστε να μη συγτρωθεί, άλλαξε την αγγλόφωκρατήσετε και να μη βρεθείτε στον πειρασμό να ξαναδιαβάσετε αυτά που έχετε γράψει. Η πρώνη ποίηση ασκώντας μεγάλη
 τη φράση θα έρθει τελείως μόνη, αφού αληθεύει πως κάθε δευτερόλεπτο υπάρχει στη συνειεπίδραση και σε μη αγγλόφωδητή σκέψη μας μια παράξενη φράση που δεν επιδιώκει παρά να εξωτερικευτεί. Είναι αρκετά
 νους δημιουργούς. Ξεχωριστές
 δύσκολο να εκφρασθείτε στην περίπτωση της επόμενης φράσης [...]. Λίγο πρέπει να σας ενδιαμορφές της αγγλόφωνης ποίφέρει εξ άλλου· σ’ αυτό εδρεύει, κατά το μεγαλύτερο μέρος, το ενδιαφέρον του σουρεαλιστικού
 ησης κατά τον 20ό αιώνα
 παιχνιδιού.
 υπήρξαν, επίσης, ο Ντίλαν ΤόA. Breton, Μανιφέστα του σουρεαλισμού, μτφρ. Ε. Μοσχονά, Δωδώνη, Αθήνα 1972, σ. 33-34.
",history,12,8,8.01086212123596,0.0051844823315422,8,8.148363289552414,0.0379822000313068,4,4.001924161536863,0.0011243027874773,7,7.000011054085178,1.1985462092086603e-05,7,6.917210046502305,0.0314325076088353,4,4.005706925294362,0.0030627622752634,8,8.002469014426424,0.0022008934501429,7.148044583990156,7,7.000708761212195,0.0004714111544746,7.999796038281374,4.0,15.4,52.652628681530416,0.001113401
103,103,20,21,"4. Ο αποκεφαλισμός του βασιλιά Λουδοβίκου ΙΣΤ´, 21 Iανουαρίου 1793.
 κοινωνικά στρώματα.
 Τότε, η Συμβατική, μετά από πιεστικές
 3. Μια σκιαγράφηση του «μέσου» Ιακωβίνου
 προτάσεις
 των Ορεινών, μεταξύ των οποίΟ μυθικός «μέσος» Ιακωβίνος θα δεχόταν ως δήλωση των επιδιώξεών του
 ων πρωταγωνιστικό ρόλο έπαιζαν τα μέλη
 περίπου τα εξής: ένα ανεξάρτητο εθνικό κράτος, μια μη μοναρχική πολιτική
 της πολιτικής λέσχης των Ιακωβίνων, σύμορφή διακυβέρνησης, καθολική ανδρική ψηφοφορία, χωρισμό εκκλησίας και
 στησε την Επιτροπή Δημόσιας Σωτηρίας,
 πολιτείας· ίσα πολιτικά δικαιώματα για όλους, την κατάργηση των κληρονομιτην Επιτροπή Γενικής Ασφάλειας και επακών διακρίσεων και των κοινωνικών προνομίων· μια ανταγωνιστική βιομηχανική
 και αγροτική κοινωνία, με ατομική ιδιοκτησία, αλλά χωρίς μεγάλες περιουσίες
 ναστατικά δικαστήρια με στόχο την κατακαι χωρίς την εξαθλίωση της φτώχειας.
 στολή αντεπαναστατικών ενεργειών. Οι
 C.C. Brinton, The Jacobins, An essay in the New History, Ν. Υόρκη 1961, σ. 183, Π. ΚιΓιρονδίνοι αντέδρασαν, αλλά η Συμβατική,
 τρομηλίδης (επιμ.), Ρήγα Βελεστινλή, Άπαντα τα σωζόμενα, Βουλή των Ελλήνων,
 μετά από πρόταση των Ορεινών, διέταξε
 Αθήνα 2000, τόμ. 5, σ. 15.
 τη σύλληψη των ηγετών τους (Ιούνιος
",history,12,10,9.948800617838335,0.0143060420340383,8,7.963611673461997,0.0133598041840131,4,3.9944436106355,0.0124411742564585,7,7.000004657154022,7.70839983573292e-06,6,5.7268330343213165,0.0670253922431004,3,3.0001269176567416,0.0001022088981412,8,8.041654538011699,0.0130725535149518,7.006685393463158,7,7.000035114467003,8.504824417442203e-05,7.9975116067428615,3.7,16.5,52.57033639143731,0.000756043
104,104,121,122,"Κύριος αντίπαλος της χώρας μας λογιζόταν η ηττημένη Βουλγαρία, γι’ αυτό στα ελληνοβουλγαρικά σύνορα ο στρατός άρχισε να κατασκευάζει οχυρά.
 Στις αρχές του 20ού αιώνα αυξήθηκε ο ανταγωνισμός ανάμεσα στις Μεγάλες Δυνάμεις.
 Τα οικονομικά συμφέροντα της Γερμανίας την έφεραν αντιμέτωπη με άλλες χώρες, όπως η
 Αγγλία και η Γαλλία. Ο έλεγχος του διεθνούς εμπορίου και η κυριαρχία στα Βαλκάνια ήταν
 δύο από τις αιτίες που οδήγησαν στον Α΄ Παγκόσμιο Πόλεμο, το καλοκαίρι του 1914. Η
 Γερμανία, η Αυστροουγγαρία και αρχικά η Ιταλία συμμάχησαν και αποτέλεσαν τις Κεντρικές
 Δυνάμεις. Από την άλλη πλευρά, στις δυνάμεις της Αντάντ (Εγκάρδια Συνεννόηση) ανήκαν
 η Αγγλία, η Γαλλία, η Ρωσία, κατόπιν η Ιταλία και από το 1917 οι ΗΠΑ.
 Από τα βαλκανικά κράτη, η Τουρκία και η Βουλγαρία εντάχθηκαν στις Κεντρικές Δυνάμεις ενώ η Σερβία, το Μαυροβούνιο και η Ρουμανία προσχώρησαν στις δυνάμεις της
 Αντάντ. Στην Ελλάδα διαμορφώθηκαν δύο απόψεις. Ο πρωθυπουργός της χώρας Ελευθέριος Βενιζέλος, πιστεύοντας στην τελική νίκη των Συμμάχων, υποστήριζε τη συμμετοχή της
 Ελλάδας στον πόλεμο στο πλευρό της Αντάντ. Αντίθετα, ο βασιλιάς Κωνσταντίνος θεωρούσε
 ότι η Ελλάδα έπρεπε να κρατήσει ουδετερότητα, η οποία όμως ευνοούσε περισσότερο τις
 Κεντρικές Δυνάμεις. Η κυβέρνηση των Φιλελευθέρων παραιτήθηκε και η χώρα διχάστηκε.
 Ήταν η εποχή που ονομάστηκε «Εθνικός Διχασμός».
 Το φθινόπωρο του 1915 συμμαχικές δυνάμεις αποβιβάστηκαν στη Θεσσαλονίκη.
 Επίσης, τον Μάιο του 1916 οι Γερμανοί και οι σύμμαχοι τους Βούλγαροι εισέβαλαν στην
 Ανατολική Μακεδονία. Τότε πολιτικοί του κόμματος των Φιλελευθέρων καθώς και αρκετοί
 απογοητευμένοι αξιωματικοί και στρατιώτες επαναστάτησαν και στη Θεσσαλονίκη ανέλαβε
 την εξουσία η βενιζελική «Επιτροπή Εθνικής Άμυνας». Οι αγγλικές και οι γαλλικές πιέσεις
 προς την κυβέρνηση των Αθηνών να εγκαταλείψει την ουδετερότητα εντάθηκαν. Τελικά ο
 βασιλιάς εκθρονίστηκε και εγκατέλειψε τη χώρα. Η Ελλάδα πέρασε το 1917 επίσημα στο
 στρατόπεδο των Συμμάχων.
 Ακολούθησαν σκληρές μάχες εναντίον των Γερμανών και των Βουλγάρων, στις οποίες
 συμμετείχαν και Έλληνες στρατιώτες. Οι Κεντρικές Δυνάμεις ηττήθηκαν και συνθηκολόγησαν το 1918. Η Γερμανία υποχρεώθηκε να πληρώσει αποζημιώσεις, ενώ έχασε και πολλά
 εδάφη. Μετά τη λήξη του πολέμου η Ελλάδα είχε σημαντικά οφέλη: Με τη Συνθήκη των
 Σεβρών (10 Αυγούστου 1920) κατοχύρωσε τα νησιά του Αιγαίου, με εξαίρεση τα Δωδεκάνησα, κέρδισε τη Δυτική και την Ανατολική Θράκη (εκτός από την Κωνσταντινούπολη) και
",history,6,6,6.31911805603648,0.0553030386864724,6,6.059800258112074,0.018548226914684,4,3.985938374433317,0.0059394211629544,5,5.808980847684779,0.0868421560493208,4,4.284884520793639,0.0762508801221886,3,3.1824495034363736,0.0381617137504914,6,6.010239550481813,0.0041460612191513,7.9953903870649015,7,6.983269278134685,0.0066106579235962,7.9996196059532565,2.6,13.9,51.70250935505173,0.000996883
105,105,134,135,"επιβάλλεται ως ο αναμφισβήτητος ηγέτης στην Αθήνα και εφαρμόζει απρόσκοπτα τον
 πολιτικό του σχεδιασμό. Κύρια σημεία του: διεύρυνση της Συμμαχίας της Δήλου, συνέχιση του
 πολέμου κατά των Περσών, φιλικές σχέσεις με τη Σπάρτη. Μετά τη νίκη του Κίμωνα εναντίον
 των Περσών στον Ευρυμέδοντα ποταμό της Παμφυλίας (467 π.Χ.), οι δυνάμεις της
 Συμμαχίας της Δήλου κυριαρχούν απόλυτα στο Αιγαίο. Οι πόλεις που συμμετέχουν σ’ αυτή,
 σύμφωνα με διάφορους υπολογισμούς, ανέρχονταν σε 400. Όμως, αντιδράσεις αρχίζουν
 να εκδηλώνονται σε πολλές από αυτές με αιτία την αλαζονική συμπεριφορά των Αθηναίων.
 Τάσεις απομάκρυνσης από τη Συμμαχία αναπτύσσονται, οι οποίες καταλήγουν σε εξεγέρσεις
 (Νάξος, Θάσος). Ο Κίμων τις καταπνίγει βίαια. Γίνεται πλέον φανερό ότι καμία πόλη δεν έχει
 τη δυνατότητα να αποχωρήσει από τη Συμμαχία χωρίς τη θέληση των Αθηναίων.
 Η αυτονομία των πόλεων είχε ουσιαστικά καταργηθεί και η Συμμαχία της Δήλου είχε
 μεταβληθεί σε όργανο επιβολής της πανελλήνιας αθηναϊκής ηγεμονίας. Το 454 π.Χ. ο
 νέος ισχυρός άνδρας της Αθήνας, ο Περικλής, με μία συμβολική κίνηση ιδιαίτερης σημασίας,
 μεταφέρει το ταμείο της Συμμαχίας από τη Δήλο στην Ακρόπολη της Αθήνας. Το συνέδριο
 δε συνέρχεται πια. Οι αποφάσεις λαμβάνονται μόνο από την Αθήνα και ο φόρος ορίζεται
 από την αθηναϊκή Εκκλησία του Δήμου. Το 449 π.Χ. υπογράφεται ανάμεσα στην Αθήνα και
 τον Πέρση βασιλιά η λεγόμενη Ειρήνη του Καλλία. Με αυτήν ουσιαστικά τερματίζονται
 οι ελληνοπερσικοί πόλεμοι. Ο κύριος όρος της Ειρήνης υποχρεώνει τους Πέρσες να
 αναγνωρίσουν την αυτονομία των ελληνικών πόλεων. Η Συμμαχία της Δήλου δεν είχε πια
 κανέναν λόγο ύπαρξης, αφού ο πόλεμος κατά των Περσών είχε τερματιστεί. Όμως, η
 απόκρουση της περσικής απειλής ήταν, από καιρό,
 απλώς μία πρόφαση.
",history,10,8,7.993493512199009,0.0033892260781372,8,7.777291671202356,0.0426257755298998,4,3.999925354080915,9.943165827273504e-05,7,6.99431840051966,0.0028025119557429,4,3.842614081584543,0.0575545920820325,3,3.377650099583093,0.0532828069422782,8,7.993954035651598,0.0031693334389722,7.042083243321713,7,7.000024318640669,9.302406918618605e-05,7.992392922446015,1.4,11.2,43.60533980582524,0.000892481
106,106,122,123,"ε τη Συνθήκη των Σεβρών (1920), που τερμάτισε τον Α΄ Παγκόσμιο Πόλεμο, δημιουργήθηκε μία περιορισμένη εδαφικά Τουρκία, καθώς οι νικήτριες δυνάμεις της Αντάντ
 διεκδικούσαν περιοχές της: η Βρετανία τα στενά του Βοσπόρου και την Κωνσταντινούπολη,
 η Ιταλία την Αττάλεια, η Γαλλία την Κιλικία και η Ελλάδα την περιοχή της Σμύρνης, όπου
 κατοικούσαν εκατοντάδες χιλιάδες Έλληνες. Από τις 2 Μαΐου του 1919 είχαν αποβιβαστεί
 στο λιμάνι της Σμύρνης ελληνικά στρατεύματα, αναλαμβάνοντας τη διοίκησή της για πέντε
 χρόνια. Αμέσως μετά, οι κάτοικοι της θα αποφάσιζαν αν θα ενωνόταν με την Ελλάδα.
 Ο ελληνικός στρατός ήρθε αμέσως στην Πέργαμο και στο Αϊδίνι σε σύγκρουση με
 Τούρκους στρατιώτες και αντάρτες. Οι επιτιθέμενοι εξορμούσαν από την ενδοχώρα είτε από
 εδάφη που κατείχαν οι Ιταλοί. Προκειμένου να προστατευθούν οι ελληνικοί πληθυσμοί και
 να αντιμετωπιστούν οι τουρκικές επιθέσεις, η γραμμή κατοχής αποφασίστηκε να επεκταθεί.
 Προκρίθηκε, λοιπόν, από το ελληνικό Στρατηγείο η κατάληψη των σημαντικών κέντρων
 Αφιόν Καραχισάρ και Εσκί Σεχιρ, που απείχαν περισσότερο από 300 χιλιόμετρα από τη
 βάση της Σμύρνης. Αυτό σήμαινε τη δημιουργία ενός εκτεταμένου μετώπου επιχειρήσεων
 με τεράστιες δυσκολίες στον ανεφοδιασμό, χωρίς χάρτες ακριβείας και με τους Τούρκους
 να υπερτερούν σε ιππικό και πυροβολικό.
 Το Νοέμβριο του 1920 ο Βενιζέλος έχασε τις εκλογές. Την εξουσία ανέλαβαν οι πολιτικοί του αντίπαλοι, οι οποίοι επανέφεραν στον θρόνο τον βασιλιά Κωνσταντίνο, προκαλώντας με την ενέργειά τους αυτή τη δυσαρέσκεια των Άγγλων και των Γάλλων. Επίσης
 συνέχισαν τον πόλεμο, αντικαθιστώντας την ηγεσία του στρατεύματος.
 Οι όροι της Συνθήκης των Σεβρών προκάλεσαν την αντίδραση των Τούρκων. Στο εσωτερικό της Οθωμανικής Αυτοκρατορίας ξέσπασε εμφύλιος πόλεμος ανάμεσα στους οπαδούς του Σουλτάνου κι εκείνους του αξιωματικού Μουσταφά Κεμάλ. Ο Κεμάλ, διατηρώντας
 επαφές με τους Ιταλούς και τους Γάλλους, από τα λιμάνια των οποίων προμηθευόταν όπλα
 και πυρομαχικά, οργάνωσε αντίσταση εναντίον του ελληνικού στρατού. Η κατάσταση στη
 Μικρά Ασία σταδιακά άλλαζε, καθώς οι περισσότεροι Σύμμαχοι άρχισαν να εγκαταλείπουν
 τα εδάφη που κατείχαν. Αλλά και οι Σοβιετικοί άρχισαν να υποστηρίζουν τον Κεμάλ.
 Παρά τις αντίξοες συνθήκες, τα ελληνικά στρατεύματα προχώρησαν νικηφόρα στο
 εσωτερικό της Μικράς Ασίας και στη διάρκεια του 1921 κατέλαβαν τους δύο στρατηγικούς
 στόχους που είχαν θέσει. Αλλά οι Τούρκοι του Κεμάλ υποχώρησαν κι άλλο και οχυρώθηκαν στην περιοχή της Άγκυρας. Η ανάγκη καταδίωξης και οριστικής εξολόθρευσής τους
 ανάγκασε τον ελληνικό στρατό να περάσει τον ποταμό Σαγγάριο και την Αλμυρά έρημο. Ο
",history,6,8,7.999673516324492,0.0026572077934025,7,6.946408560565544,0.0212700136377776,4,4.0533820172310016,0.0167558634383496,7,7.0000161004267,2.561277195610497e-05,4,4.063458446879849,0.0541312336276595,3,3.10669026418185,0.0272677773577663,8,7.99856813362203,0.0033960083988967,7.085094354854505,7,7.014054134628395,0.0059620721758014,7.998668142503689,4.0,15.8,56.84739952718676,0.001076037
107,107,131,132,"Τον 3ο αιώνα π.Χ. η Ήπειρος αρχίζει να παίζει σημαντικό ρόλο στη
 ζωή της Ελλάδας. Ο Πύρρος δημιούργησε ένα μεγάλο κράτος στην
 περιοχή με πρωτεύουσα την Αμβρακία. Ίδρυσε νέες πόλεις που τις
 στόλισε με ναούς και θέατρα και τις οχύρωσε με μεγάλα τείχη. Για
 να μην ασχολούνται οι κάτοικοι μόνο με την κτηνοτροφία, έστρεψε το
 ενδιαφέρον τους στη γεωργία και το εμπόριο.
 Ο Πύρρος θέλησε να μεγαλώσει το κράτος του εκστρατεύοντας στη
 Δύση, όπως ο Αλέξανδρος στην Ανατολή. Η ευκαιρία τού παρουσιάστηκε, όταν τον επισκέφτηκαν αντιπρόσωποι από τον Τάραντα και του
 ζήτησαν να τους προστατέψει από τους Ρωμαίους. Για τον λόγο αυτό
 ετοίμασε πολύ στρατό, ιππικό και ελέφαντες. Αποβιβάστηκε στην Ιταλία το 280 π.Χ. και κατάφερε να νικήσει δύο φορές τους Ρωμαίους.
 Έχασε όμως πολλούς στρατιώτες. Από τότε έμεινε γνωστή η φράση
 1. Χάρτης με τις εκστρατείες του Πύρρου
",history,4,6,6.18272619394903,0.0382728705791138,6,5.921381505744279,0.0246842013606225,3,3.003172346448224,0.0017204915774393,4,4.053420241987624,0.016826869598171,3,3.2206954925146647,0.0458354406232084,3,3.0000097179081857,0.0001337861998622,6,6.000146042481447,0.0001147273011692,7.994779022565098,5,4.965020219493226,0.020333124812469,7.000858100080222,0.4,8.0,36.28074473297403,0.000731243
108,108,38,39,"Η κήρυξη της ελληνικής επανάστασης στις Ηγεμονίες Η επανάσταση αποφασίστηκε να ξεκινήσει από τις παραδουνάβιες ηγεμονίες (σημερινή Ρουμανία), γιατί εκεί δεν υπήρχε τουρκικός στρατός (σύμφωνα με παλαιότερες ρωσοτουρκικές
 συνθήκες), αλλά και γιατί λίγο βορειότερα βρισκόταν ρωσικός στρατός, που υπήρχε ελπίδα ότι θα βοηθούσε.
 Παράλληλα, προσεγγίστηκαν διάφοροι βαλκάνιοι ηγέτες για να εξασφαλιστεί η συμμετοχή τους στην επανάσταση. Ο
 Σέρβος ηγέτης Καραγεώργεβιτς έγινε μέλος της Φιλικής Εταιρείας· οι οθωμανικές αρχές, ωστόσο, τον συνέλαβαν και τον
 εκτέλεσαν. Ο Βλαντιμηρέσκου, τοπικός ηγέτης στις Ηγεμονίες, συμμετείχε, αλλά μόνο στην αρχή.
 Ο Αλέξανδρος Υψηλάντης, ξεκινώντας από ρωσικό έδαφος, πέρασε τον ποταμό Προύθο, μπήκε στις Ηγεμονίες και στις
 24 Φεβρουαρίου 1821 κήρυξε την επανάσταση στο Ιάσιο της Βλαχίας (σημερινή Ρουμανία). Κυκλοφόρησε προκηρύξεις με
 τις οποίες κήρυττε την επανάσταση, αφήνοντας να εννοηθεί ότι πίσω απ’ αυτή βρισκόταν η Ρωσία. Παράλληλα, συγκροτούσε το στράτευμά του.
 Γρήγορα, όμως, προέκυψαν σοβαρά προβλήματα. Οι πλούσιοι Έλληνες των Ηγεμονιών δεν ανταποκρίθηκαν υλικά και η
 στρατολόγηση δεν προχωρούσε. Ο τσάρος αποκήρυξε την επανάσταση και επέτρεψε την είσοδο τουρκικού στρατού στις
 Ηγεμονίες για την καταστολή της. Ο πατριάρχης Γρηγόριος Ε´ πιεζόμενος από τον σουλτάνο αφόρισε όσους συμμετείχαν
 στο κίνημα. Επιπλέον, ο Βλαντιμηρέσκου θεωρήθηκε προδότης και με εντολή της Φιλικής Εταιρείας εκτελέστηκε.
 Παρά τις δυσκολίες, ο Υψηλάντης συνέχισε τον αγώνα. Η κρίσιμη μάχη δόθηκε στο Δραγατσάνι (7 Ιουνίου 1821), όπου και
 διακρίθηκε ιδιαίτερα, ο Ιερός Λόχος, μια μονάδα που είχε συγκροτηθεί από εθελοντές σπουδαστές. Η ήττα, ωστόσο, δεν
 αποφεύχθηκε. Ο Υψηλάντης πέρασε στην Αυστρία όπου οι αρχές τον συνέλαβαν. Ο τραγικός επίλογος γράφτηκε λίγους
 μήνες αργότερα, όταν ένα τελευταίο απομονωμένο τμήμα αγωνιστών με επικεφαλής τους οπλαρχηγούς Γιωργάκη Ολύμπιο
 και Ιωάννη Φαρμάκη εγκλωβίστηκε στη μονή Σέκκου. Τότε, ο Ολύμπιος αποφάσισε να ανατιναχθεί μαζί με τους συμπολεμιστές του, ενώ ο Φαρμάκης, μετά από σκληρή αντίσταση δύο εβδομάδων, πιάστηκε αιχμάλωτος και αποκεφαλίστηκε.
 ΑΣΚΗΣΕΙΣ – ΔΡΑΣΤΗΡΙΟΤΗΤΕΣ
 1. Αφού μελετήσετε την πηγή 1, να συνθέσετε σύντομο κείμενο στο οποίο θα παρουσιάζετε τις κύριες επιδιώξεις
 και τις αρχές λειτουργίας της Φιλικής Εταιρείας.
 2. Να μελετήσετε την επαναστατική προκήρυξη του Αλέξανδρου Υψηλάντη (πηγή 2) και να καταγράψετε τα κύρια
 επιχειρήματα με τα οποία αυτή προτρέπει σε επανάσταση.
 ΝΕΟΤΕΡΗ ΚΑΙ ΣΥΓΧΡΟΝΗ ΙΣΤΟΡΙΑ
",history,12,8,7.982355898776632,0.007689479494742,7,7.016997021456461,0.0203045093539929,4,4.000009104376659,0.0001339187044582,7,6.996091091706148,0.0020388726560452,4,4.608579697908681,0.0933610528107009,3,3.43784148139531,0.055050676045651,8,7.994318969961455,0.0030158185163157,7.731055906338838,7,6.999878077882897,0.0002989467658048,7.999903205348581,2.4,15.4,53.635988575055535,0.001014121
109,109,158,159,"ΓΙΑ ΜΙΑ ΑΛΛΗ ΜΑΤΙΑ
 ΣΤΟ ΠΑΡΕΛΘΟΝ…
 ...διαβάστε
 0 Έρνεστ Χεμινγουέι,
 Αποχαιρετισμός στα όπλα (1929)
 Η μεταπολεμική εμπειρία κοινωνικής προσαρμογής δοσμένη από τον Έ. Χεμινγουέι,
 στρατιώτη στη διάρκεια του Α´ Παγκόσμιου πολέμου.
 ...δείτε κινηματογραφική ταινία
 0 J. Huston, Ch. Vidor,
 Αποχαιρετισμός στα όπλα (1957)
 Ταινία βασισμένη στο ομότιτλο μυθιστόρημα
 του Έ. Χεμινγουέι.
",history,12,8,7.987005565525806,0.0056015436045118,4,4.028730088844895,0.0072538936791336,3,3.033081685508023,0.0116772740982701,7,6.990381858033317,0.0043268065374258,3,3.408767780289054,0.0722834665839986,3,3.3558649439146393,0.0540416658306431,8,7.981910267000103,0.007507861556952,7.001021469099214,7,6.999619119039076,0.0002929709337924,7.999817131765916,0.2,13.4,52.30303030303031,0.001107886
110,110,143,144,"3. «Θα πάρω μιαν ανηφοριά...»
 Ο Ευαγόρας Παλληκαρίδης αποτελεί έναν από τους σημαντικότερους ήρωες της Ε.Ο.Κ.Α.
 Το παρακάτω σημείωμά του με ημερομηνία 5 Δεκεμβρίου 1955 γράφηκε μία ημέρα πριν από
 τη δίκη του από τις αγγλικές αρχές του νησιού, με την κατηγορία ότι συμμετείχε σε παράνομες ενέργειες εναντίον τους.
 «Παλιοί συμμαθηταί,
 Αυτή την ώρα κάποιος λείπει ανάμεσά σας, κάποιος που φεύγει αναζητώντας λίγο ελεύθερο
 αέρα, κάποιος που μπορεί να μη τον ξαναδείτε παρά μόνο νεκρό. Μην κλάψετε στον τάφο
 του, Δεν κάνει να τον κλαίτε... Λίγα λουλούδια του Μαγιού σκορπάτε του στον τάφο. Του
 φτάνει αυτό ΜΟΝΑΧΑ...
 Θα πάρω μιαν ανηφοριά,
 θα πάρω μονοπάτια,
 να βρω τα σκαλοπάτια
 που παν στη Λευτεριά.
",history,6,6,6.165171677300492,0.036239887880436,3,3.447052546776831,0.0659299780377253,3,3.2224628534082065,0.0427372123625902,5,4.9960311891568665,0.0054750715106457,4,4.036868142429739,0.0872784167465292,3,2.995519697190546,0.0069706893081753,6,6.215766710914721,0.0437287283063378,7.914900367109908,5,5.915312185238577,0.0882748866084038,7.010605783318169,1.7,10.1,50.61538461538461,0.000942852
111,111,60,61,"ΣΤΑ ΑΡΧΑΙΑ ΧΡΟΝΙΑ
 Για τον σκοπό αυτό προετοίμασαν μεγάλη εκστρατεία. Στρατός και
 στόλος ετοιμάστηκαν γρήγορα και με αρχηγό τον Μαρδόνιο κινήθηκαν κατά της Ελλάδας (492 π.Χ.). Ο στρατός πέρασε τον Ελλήσποντο
 και έφτασε στη Μακεδονία. Ο στόλος έπλεε στο Αιγαίο έχοντας την
 ίδια κατεύθυνση. Οι Πέρσες υπέταξαν τη Μακεδονία, αλλά ο στόλος
 τους έπαθε μεγάλη καταστροφή σε θαλασσοταραχή που ξέσπασε κοντά στα παράλια του Άθω. Μετά το γεγονός αυτό ο Μαρδόνιος αναγκάστηκε να γυρίσει στην Περσία.
 Ο βασιλιάς των Περσών, ο Δαρείος, αποφάσισε να συνεχίσει τον
 πόλεμο. Πιο πολύ όμως ήθελε να τιμωρήσει τους Αθηναίους και τους
 Ερετριείς. Το 490 π.Χ. ο στόλος των Περσών με αρχηγούς τον Δάτη
 και τον Αρταφέρνη πλέοντας στο Αιγαίο πέλαγος έφτασε στην Ερέτρια και την κατέστρεψε. Στη συνέχεια κατευθύνθηκε στα παράλια
 του Μαραθώνα, όπου αγκυροβόλησε. Οι Αθηναίοι ανησύχησαν πολύ.
 Έκαναν σύσκεψη, και αποφάσισαν να αμυνθούν στον Μαραθώνα. Δεν
 ήθελαν να αφήσουν τους Πέρσες να προχωρήσουν και να φτάσουν
 στην Αθήνα.
 Δέκα χιλιάδες Αθηναίοι και χίλιοι Πλαταιείς παρατάχτηκαν με αρχηγό τον Μιλτιάδη απέναντι από τους Πέρσες. Ο Μιλτιάδης εφάρμοσε
 ένα σπουδαίο σχέδιο. Παρέταξε τον στρατό του σε κατηφορικό έδαφος σε μικρή απόσταση από τον περσικό, έχοντας ενισχύσει περισσότερο τα πλάγια της παράταξης. Στο κέντρο έβαλε λιγότερους στρατιώτες.
 Οι Αθηναίοι δεν είχαν τόξα. Έπρεπε λοιπόν να τρέξουν για να γλιτώσουν από τα βέλη. Όταν δόθηκε η διαταγή για επίθεση, όρμησαν προς
 τους Πέρσες, οι οποίοι στην αρχή τους πέρασαν για τρελούς. Η σύγκρουση έγινε σώμα με σώμα και σ’ αυτό οι Αθηναίοι ήταν καλύτεροι.
 Τα δύο άκρα της ελληνικής παράταξης κατάφεραν να νικήσουν γρήγορα και άρχισαν να κυκλώνουν το περσικό κέντρο. Οι Πέρσες υποχώρησαν, έτρεξαν προς τα πλοία και βιάστηκαν να φύγουν. Οι Αθηναίοι πέτυχαν λαμπρή νίκη. Ένας στρατιώτης τρέχοντας μετέφερε τη χαρούμενη
 είδηση στην Αθήνα.           
",history,4,6,6.0025339812594325,0.0014197157546122,7,6.819486706181323,0.0407927683861488,3,3.0001082544666247,8.899405604193353e-05,4,4.0475302853757285,0.0154608266746291,4,4.125990831342278,0.0456022522780556,3,3.0001581402965627,0.000159102608004,6,6.000283352383633,0.000205895146806,7.98201267894882,5,4.989789786283467,0.0299136817818191,7.002456961539792,0.6,9.7,41.32228657228657,0.00081941
112,112,75,76,"Οι Λυδοί έχουν παραπλήσια
 έθιμα με τους Έλληνες.
 Πρώτοι αυτοί, όσο ξέρουμε
 από τους ανθρώπους, έκοψαν
 και έθεσαν σε κυκλοφορία
 νομίσματα σε χρυσό και ασήμι,
 κι αυτοί πάλι πρώτοι έγιναν
 μεταπράτες.
 Ηροδότου, Ιστορία, 1. 94
 (μετ. Δ. Μαρωνίτη)
 Η εγκατάσταση σε έναν τόπο δε γινόταν τυχαία. Η θέση
 επιλεγόταν από πριν και η αναχώρηση ήταν οργανωμένη. Ως
 αρχηγός της αποστολής (οικιστής) οριζόταν ένα άτομο που
 είχε ξεχωριστές ικανότητες και ενέπνεε εμπιστοσύνη σε όλους.
 Η τελετή της αναχώρησης γινόταν με τη συμμετοχή όλων των
 κατοίκων μέσα σε ένα κλίμα μεγάλης συγκίνησης. Η πόλη που
 ιδρυόταν είχε τις περισσότερες φορές πλούσια ενδοχώρα και
 απάνεμο λιμάνι. Συνήθως προτιμούσαν περιοχή που είχε φυσική
 οχύρωση. Αυτό τους απασχολούσε ιδιαίτερα, γιατί είχαν να
 αντιμετωπίσουν και την πιθανή έχθρα των κατοίκων της περιοχής.
 Η συμβίωση γενικά ήταν ειρηνική, αλλά δεν είναι λίγες οι φορές που οι άποικοι πολέμησαν για
 να κρατήσουν τη θέση τους.
 Η νέα πόλη αποκτούσε δική της οργάνωση και νέους θεσμούς. Σταδιακά γινόταν ανεξάρτητη
 και ανέπτυσσε συμμαχικές και οικονομικές σχέσεις με άλλες πόλεις. Οι δεσμοί όμως με τη
",history,10,7,7.020664163558081,0.0167586096320939,7,7.492581098173105,0.0579946340307582,4,3.952575528207632,0.0153287963803524,7,6.663516135125519,0.0565486978097306,5,4.701373959668672,0.0800157573844874,3,3.0007925219069875,0.0005342180712414,6,6.503601042785704,0.0710297758910619,7.904649964870998,7,6.98466937901685,0.0059464021190784,7.9968129109465735,1.0,10.2,42.41239530988275,0.000813563
113,113,87,88,"Αθηναϊκό πολεμικό
 πλοίο του 6ου
 αιώνα π.Χ.
 (Λονδίνο, Βρετανικό
 Μουσείο). Τα ιστία
 αξιοποιούσαν τη
 δύναμη του αέρα.
 Την κίνηση του πλοίου
 υποβοηθούσε
 πλήρωμα από
 δυνατούς κωπηλάτες.
",history,10,5,5.00005542781048,0.0001100087203288,4,3.999420266771729,0.0004546747788408,2,2.0293117627099875,0.0106282927042484,4,4.014011262413817,0.007678236254471,2,2.3827770057160933,0.0548938115444155,2,2.5000009914307526,0.0556626548513437,5,5.001740978468206,0.001051490511672,7.991421886760918,4,4.201974946164,0.0430981064947465,7.16447505227552,-1.4,9.9,37.91176470588235,0.000697647
114,114,145,146,"Μερικοί ισχυρίζονται ότι η δουλεία δεν είναι έργο της δικαιοσύνης, αλλά
 της βίας. Η οικογένεια, για να είναι πλήρης, οφείλει να αποτελείται
 από άτομα ελεύθερα και δούλους. Πράγματι, η περιουσία αποτελεί
 αναπόσπαστο τμήμα της οικογένειας, γιατί χωρίς τα αναγκαία αντικείμενα
 είναι αδύνατον να ζήσεις. Δεν μπορούμε να φανταστούμε οικογένεια
 χωρίς ορισμένα βοηθητικά εργαλεία. Ανάμεσα στα εργαλεία, άλλα είναι
 άψυχα και άλλα έμψυχα. Ο δούλος είναι ένα εργαλείο έμψυχο. Εάν κάθε
 εργαλείο μπορούσε, με μια απλή εντολή, να εκτελέσει μόνο του μια
 εργασία, τότε ο κύριος δε θα χρειαζόταν τους δούλους. Χρήσιμη για τους
 ίδιους τους δούλους, η δουλεία είναι δίκαιη.
",history,10,8,7.9974592808761855,0.0017405643690678,7,7.367950984680647,0.0562462311931079,4,3.9994871659546334,0.0004131708318316,7,6.920095365138778,0.0228589074913274,4,4.510740372611963,0.0748681482382316,4,3.9400083161283703,0.0183187540081266,8,7.9955119671307955,0.0024607654949369,7.0046032480740905,7,6.994937733600636,0.0025530343141012,7.999365850620052,1.1,11.0,44.41101694915254,0.000813898
115,115,172,173,"1. Είναι γνωστό ότι κάθε κράτος εφαρμόζει την πολιτική που εξυπηρετεί τα συμφέροντά του. Το
 ίδιο έκαναν και οι Πέρσες παρεμβαίνοντας στην Ελλάδα. Ποια σφάλματα των ελληνικών πόλεων
 εκμεταλλεύτηκαν; Να συγκρίνετε τη θέση των ελληνικών πόλεων απέναντι στην Περσία τον
 προηγούμενο αιώνα.
 2. Έχει υποστηριχθεί ότι οι Πέρσες πέτυχαν με τη διπλωματία (βλ. παράθεμα: «Η “Ειρήνη του
 βασιλέως”», 386 π.Χ.) ό,τι δεν πέτυχαν με τα όπλα. Μπορείτε να εξηγήσετε τη φράση «Η διπλωματία
 αποτελεί συνέχιση του πολέμου με άλλα μέσα»;
 3. Ποια διαφορά από πλευράς συνεπειών έχει ο εμφύλιος πόλεμος από έναν πόλεμο με εξωτερικό εχθρό;
 (Χρήσιμες πληροφορίες μπορούν να αντληθούν από ανθρώπους μεγάλης ηλικίας με εμπειρίες από
 τον πόλεμο του 1940 και τον Εμφύλιο [1946-1949]).
",history,10,7,7.437422083232036,0.0552734300511738,7,7.500006467813215,0.0556936898321514,4,4.000059319494085,6.362146853155614e-05,7,6.997533507269509,0.0013631651039535,,,0.0550464400866727,,,0.0153513438874221,8,7.866278449843605,0.0319952990332402,7.014058214486795,7,6.999980529250706,5.675674139319906e-05,7.998406742742873,1.9,11.8,41.15135135135135,0.000758722
116,116,81,82,"τους το κράτος, αλλά και στην Πελοπόννησο. Πολλές πόλεις τότε, για να αντιμετωπίσουν τον περσικό κίνδυνο, ζήτησαν βοήθεια από την Αθήνα. Ο ισχυρός της στόλος αποτελούσε γι’ αυτές μεγάλη ασφάλεια. Έτσι έγινε η Α΄ Αθηναϊκή συμμαχία (478 π.Χ.), στην
 οποία έλαβαν μέρος πολλές παραθαλάσσιες και νησιωτικές πόλεις.
 Η Συμμαχία έβαλε ως στόχο της να προστατεύσει την ελευθερία των πόλεων που ανήκαν
 σ’ αυτή. Για να το πετύχει όμως αυτό, χρειαζόταν χρήματα. Κάθε πόλη έπρεπε να δίνει χρήματα ή πλοία για τον συμμαχικό στόλο. Οι αντιπρόσωποι των πόλεων συνεδρίαζαν στο ιερό
 νησί της Δήλου. Γι’ αυτό η Συμμαχία ονομάστηκε Δηλιακή. Τα χρήματα τα διαχειρίζονταν 10
 Αθηναίοι που ονομάζονταν ελληνοταμίες. Ο Αριστείδης ανέλαβε να κανονίσει τις υποχρεώσεις που θα είχε η κάθε πόλη. Τα κατάφερε τόσο καλά, που καμιά δεν είχε παράπονο. Όλες
 ήταν ίσες. Από τότε ο Αριστείδης ονομάστηκε δίκαιος.
 Ο συμμαχικός στόλος με αρχηγό τον Κίμωνα στράφηκε εναντίον των Περσών, τους
 οποίους τελικά νίκησε στον Ευρυμέδοντα ποταμό (465 π.Χ.). Λίγα χρόνια αργότερα σε
 μια εκστρατεία στην Κύπρο, ο Κίμωνας σκοτώθηκε πολεμώντας εναντίον των Περσών.  
 Οι Αθηναίοι, χωρίς τον αρχηγό τους, συνέχισαν τη μάχη και νίκησαν. Οι Πέρσες υπέγραψαν ειρήνη (448 π.Χ.), με την οποία οι ελληνικές πόλεις της Μικράς Ασίας εξασφάλισαν
 την ελευθερία τους. Η δύναμη της Αθήνας συνεχώς αυξανόταν. Τα αθηναϊκά πλοία έπλεαν σ’ όλη τη Μεσόγειο. Ο Πειραιάς έγινε το πιο μεγάλο λιμάνι. Αυτά έκαναν τους Αθηναίους να μη συμπεριφέρονται με καλό τρόπο στους συμμάχους τους. Μετέφεραν μάλιστα το
 ταμείο της Συμμαχίας από τη Δήλο στην Αθήνα. Οι σύμμαχοι άρχισαν να έχουν παράπονα.
 Ήταν φανερό ότι η Συμμαχία είχε καταλήξει να είναι ηγεμονία της Αθήνας.
 Η Σπάρτη, βλέποντας τη δύναμη της Αθήνας να μεγαλώνει, θέλησε να πάρει με το μέρος της τις δυσαρεστημένες πόλεις.
",history,4,7,6.6063801324335145,0.0643818379386615,7,6.856408305869451,0.0356287562665389,3,3.0024727778771805,0.0013905603310262,5,4.9422119394585025,0.023866649311839,4,4.029381527522901,0.0334814002822517,3,3.00149554585127,0.0009111850651181,6,6.0040519379831565,0.0020855006625422,7.994779017873952,5,5.386323922977226,0.0713999508418157,7.009661460419011,0.2,8.6,34.60012099213552,0.000751283
117,117,69,70,"Ο Ξέρξης, έχοντας χάσει πολλούς στρατιώτες, πέρασε το στενό των
 Θερμοπυλών και συνέχισε τον δρόμο προς την Αθήνα. Η πόλη όμως
 ήταν άδεια. Οι κάτοικοί της την είχαν εγκαταλείψει. Τα γυναικόπαιδα και
 οι ηλικιωμένοι είχαν μεταφερθεί για μεγαλύτερη ασφάλεια στα γύρω νησιά, ενώ οι άντρες είχαν μπει στα καράβια έτοιμοι για νέα σύγκρουση.
 Στο μεταξύ οι Πελοποννήσιοι ύψωσαν τείχος στον Ισθμό, για να
 εμποδίσουν τους Πέρσες να μπουν στην Πελοπόννησο. Εκεί διαφώνησαν οι αρχηγοί του στόλου. Ο Σπαρτιάτης Ευρυβιάδης πίστευε πως
 ήταν καλύτερο ο ελληνικός στόλος να εμποδίσει τους Πέρσες να κάνουν απόβαση στην Πελοπόννησο. Αντίθετα ο Αθηναίος Θεμιστοκλής
 υποστήριζε ότι η απόκρουση του περσικού στόλου έπρεπε να γίνει στο
 στενό της Σαλαμίνας. Στον μικρό αυτό χώρο οι Πέρσες δε θα μπορούσαν να παρατάξουν όλο τον στόλο τους. Τα ελληνικά, εξάλλου, πλοία
 (τριήρεις), θα μπορούσαν να κινηθούν πιο εύκολα. Έτσι και έγινε. Οι
 Σπαρτιάτες υποχώρησαν και δέχτηκαν τη γνώμη του Θεμιστοκλή.
 Οι αρχηγοί των Περσών, μόλις είδαν τον ελληνικό στόλο να συγκεντρώ-
",history,4,7,6.950810179466544,0.0756737271216095,6,5.999329541583101,0.0012890385141814,3,3.5000004968237306,0.0556623915996558,5,4.981532540638,0.0174966213799733,4,3.6678292857668566,0.0636929034850005,3,3.004050270430639,0.0021461526548387,6,6.020156939261042,0.0077859809822385,7.987566428490538,5,5.620561191824436,0.0741736663535471,7.000871404481586,1.1,10.3,40.78428093645485,0.000855834
118,118,77,78,"δρασης σ’ αυτή την κατάσταση υπήρξαν το κίνημα των Τάιπινγκ (αγροτικό,
 εξισωτικό και αντιδυναστικό κίνημα που συγκλόνισε τη ΝΑ Κίνα κατά τη
 δεκαετία του 1850) και η επανάσταση του 1911, με την οποία καταργήθηκε
 η μοναρχία και καθιερώθηκε η προεδρική δημοκρατία. Η κατάσταση,
 ωστόσο, δεν άλλαξε ουσιαστικά. Η Κίνα, δείχνοντας μεγάλη δυσκολία στην
 αποδοχή και αφομοίωση του εκσυγχρονισμού, παρέμεινε εύκολο θήραμα
 των αποικιοκρατών.
 H Ιαπωνία
 Λίγο μετά τα μέσα του 19ου αιώνα άρχισαν να συντελούνται στην Ιαπωνία σημαντικές μεταρρυθμίσεις. Το παλαιό φεουδαλικού τύπου καθεστώς
 που στηριζόταν στους ισχυρούς ευγενείς κυβερνήτες γαιοκτήμονες ανατράπηκε, δόθηκε έμφαση στη βιομηχανία και υιοθετήθηκαν δυτικοί θεσμοί
 (σύνταγμα, κοινοβουλευτισμός, εκπαίδευση). Η Ιαπωνία άρχισε να ενσωματώνεται, βαθμιαία, στον δυτικό κόσμο. Ταυτόχρονα, η εκβιομηχάνιση γέννησε και τον ιμπεριαλισμό. Εκτός από τον πόλεμο εναντίον της Κίνας
 (1895), που προαναφέρθηκε, η Ιαπωνία εκτόπισε τη Ρωσία από τη Μαντζουρία (βόρεια Κίνα) και κατέλαβε την Κορέα.
",history,12,8,8.000002728166692,0.0078767561472236,7,7.268903359100019,0.0467903789415191,4,4.000074399063124,8.090873291154319e-05,7,6.997280602001865,0.0014925473255696,6,5.427662508203412,0.0763726747121998,4,3.8175972776801643,0.0381661890291859,8,7.9990807619183215,0.0067834425706582,7.022971952130774,7,6.999975482659579,0.0001176777019402,7.998957037435098,3.2,16.6,53.93390804597701,0.001130159
119,119,200,201,"Ο Σοφοκλής.
 Αντίγραφο
 ρωμαϊκής εποχής
 έργου,
 πιθανόν, του
 Λεωχάρη.
 Το άγαλμα στήθηκε
 στο διονυσιακό
 θέατρο της Αθήνας
 μαζί με τα αγάλματα
 των δύο άλλων
 τραγικών από τον
 Λυκούργο, διαχειριστή
 των οικονομικών της
 Αθήνας, το 330 π.Χ.
 (Ρώμη, Μουσείο
 Λατερανού)
",history,10,7,7.047360514072523,0.0153802728547265,4,5.591641159961,0.1041734984468341,3,3.0229681603774736,0.0087963271995626,7,6.999973479342707,6.576504868641333e-05,3,3.526509085428188,0.0622938452099986,3,3.0140630290237596,0.005940998878184,7,7.145298247233427,0.0349466855023408,7.999087926049469,7,6.99992619632792,0.0002662413146806,7.998279204941355,1.3,11.4,40.5,0.000748773
120,120,37,38,"2. Μία από τις επαναστατικές προκηρύξεις
 του Αλέξανδρου Υψηλάντη (αποσπάσματα)
 ΜΑΧΟΥ ΥΠΕΡ ΠΙΣΤΕΩΣ ΚΑΙ ΠΑΤΡΙΔΟΣ
 Η ώρα ήλθεν, ω Άνδρες Έλληνες! Προ πολλού οι λαοί της Ευρώπης, πολεμούντες υπέρ των ιδίων Δικαιωμάτων και ελευθερίας αυτών, μας επροσκάλουν εις μίμησιν […]
 Οι φωτισμένοι λαοί της Ευρώπης […] πλήρεις ευγνωμοσύνης
 διά τας προς αυτούς των Προπατόρων μας ευεργεσίας, επιθυμούσι την ελευθερίαν της Ελλάδος.
 Ημείς φαινόμενοι άξιοι της προπατορικής αρετής και του παρόντος αιώνος, είμεθα Εύελπεις, να επιτύχωμεν την υπεράσπισιν
 αυτών και βοήθειαν· πολλοί εκ τούτων φιλελεύθεροι θέλουσιν έλθη, διά να συναγωνισθώσι με ημάς. Κινηθήτε, ω φίλοι, και θέλετε
 ιδή μίαν Κραταιάν δύναμιν να υπερασπισθή τα δίκαιά μας! [...]
 Ας καλέσωμεν λοιπόν εκ νέου, ω Ανδρείοι και μεγαλόψυχοι Έλληνες, την ελευθερίαν εις την κλασσικήν γην της Ελλάδος!
 Εις τα όπλα λοιπόν φίλοι, η Πατρίς μάς προσκαλεί!
 Αλέξανδρος Υψηλάντης
 Την 24ην Φεβρουαρίου 1821.
 Εις το γενικόν στρατόπεδον του Ιασίου.
 Πηγή: Δ. Κόκκινος, Η Ελληνική Επανάστασις, Μέλισσα, Αθήνα
 1956-1960, τόμ. 1, σ. 103-106.
 3. Π. φον Ες, Ο Ιερός Λόχος μάχεται στο Δραγατσάνι.
",history,12,8,7.99978412671544,0.0002116537961759,7,6.487867060865028,0.1066899931275035,3,3.0085772844552423,0.0039642835354506,7,6.938458223267276,0.0186592557072583,4,3.467381830792874,0.1046215623924497,3,3.000039490722589,9.51162189731082e-05,8,7.999129300019604,0.0006402920482396,7.014061709381522,7,6.986483161161686,0.0057466240029174,7.998294747897944,2.6,13.8,41.50536552649229,0.000811529
121,121,18,19,"παράθεμα 2 Τα σχήματα και η χρησιμότητα των αγγείων
 Στην αρχαιότητα υπήρχαν πολλά είδη αγγείων που εξυπηρετούσαν τις καθημερινές ανάγκες του νοικοκυριού αλλά και τις
 θρησκευτικές ανάγκες των ανθρώπων. Τα πιο συνηθισμένα είδη αγγείων είναι τα εξής:
 Αμφορέας: μεγάλο κλειστό αγγείο με δύο κάθετα χερούλια· το
 χρησιμοποιούσαν για να μεταφέρουν ή να αποθηκεύουν υγρά  και στερεά.  
 Κρατήρας: μ
  εγάλο ανοικτό αγγείο για το ανακάτεμα του κρασιού με το νερό. Οι αρχαίοι έπιναν νερωμένο κρασί.
 Λεκάνη: μ
  εγάλο χαμηλό και ανοικτό αγγείο με οριζόντιες λαβές, χωρίς σκέπασμα. Στο εσωτερικό της ίσως προετοίμαζαν το φαγητό.
 Λήκυθος: ε
  λαιοδοχείο με στενό στόμιο και κάθετη λαβή. Λευκά
 τέτοια αγγεία αφιέρωναν στους νεκρούς.
 Πινάκιο: ανοικτό ρηχό αγγείο σαν το σημερινό πιάτο.
 Μ. Τιβέριος, Ελληνική Τέχνη, Αρχαία Αγγεία (διασκευή)
 5. Αμφορέας των γεωμετρικών χρόνων
 (Αθήνα, Εθνικό Αρχαιολογικό Μουσείο)
",history,4,6,6.002343428972694,0.0048139487003637,6,5.459894482824893,0.0493006369503821,3,2.9999966525553106,3.657384867257203e-06,4,3.999175137427386,0.0009750292084927,3,2.9895338375819307,0.0078082161770785,3,2.9994600619502307,0.0003901510422593,6,6.000165450597706,0.0002418551964968,7.99781645766339,4,4.154282454114252,0.0355919512873715,7.042067640362802,0.9,11.7,44.450028232636924,0.000945752
122,122,32,33,"Στα παράλια της Παλαιστίνης, ήδη από την 3η χιλιετία, έχουν εγκατασταθεί οι Φοίνικες, λαός
 σημιτικής καταγωγής. Η εγκατάστασή τους σε παραλιακή περιοχή και η ανυπαρξία εύφορων
 και εκτεταμένων πεδιάδων τούς έκαναν να στραφούν προς τη θάλασσα και να γίνουν άριστοι
 ναυτικοί και έμποροι. Οι Φοίνικες δε σχημάτισαν ενιαίο κράτος. Κάθε πόλη τους, ανάμεσα
 στις οποίες, αρχικά, πρωτεύουσα θέση είχε η Βύβλος, αποτελούσε κρατική οντότητα. Κατά
 τη 2η χιλιετία οι φοινικικές πόλεις Σιδώνα και Τύρος έγιναν εμπορικά κέντρα ολόκληρης της
 Μεσογείου και ανέπτυξαν εμπορικές σχέσεις με τους Μυκηναίους. Οι Φοίνικες, πολιτιστικά,
 επηρεάστηκαν από τους γύρω λαούς, αλλά η μεγάλη
 συμβολή τους στην εξελικτική πορεία της ιστορίας ήταν
 η επινόηση ενός αλφάβητου, το οποίο σχηματιζόταν
 από 22 σύμφωνα. Εξέλιξη αυτού του αλφάβητου αποτελεί
 το ελληνικό αλφάβητο.
 Οι Εβραίοι, σημιτικής καταγωγής και αυτοί, αφού
 έζησαν ως νομάδες για μεγάλο χρονικό διάστημα,
 εγκαταστάθηκαν τελικά στο εσωτερικό της Παλαιστίνης
 (Χαναάν). Κατά τα μέσα της 2ης χιλιετίας, ένα
 μεγάλο μέρος των Εβραίων βρίσκεται
 στην Αίγυπτο. Γύρω στα 1300 π.Χ. οι
 Εβραίοι της Αιγύπτου, με ηγέτη τον
 Μωυσή, αναχωρούν από την
 Αίγυπτο και εγκαθίστανται και
 αυτοί στην Παλαιστίνη. Προς το
 τέλος της 2ης χιλιετίας, οι Εβραίοι,
",history,10,7,6.998370672073435,0.011177646326584,7,7.064814715792636,0.039198834459374,3,3.3775412220639964,0.0532291131707327,5,5.6327669281002954,0.0825702416769197,4,4.085403773145117,0.0566349007715361,3,3.000485388139168,0.000340099043709,7,6.940457569162845,0.0444903968081718,7.998672087068599,7,6.995885120162711,0.0021104947649865,7.997195825261315,2.4,13.2,50.48198198198198,0.000961766
123,123,184,185,"Πορτρέτο του
 Αλέξανδρου που
 βρέθηκε στη
 Βεργίνα σε τάφο
 που αποδίδεται
 στον Φιλίππο Β´
 (Bιργίνα,
 Αρχαιολογικό
 Μουσείο).
 Οι μεγάλες
 συγκρούσεις
",history,10,5,5.025668137594607,0.0085643611798607,4,4.000173188262579,0.0001106741319727,3,2.989013077040795,0.0048577908757883,4,4.46128989173485,0.0674407124651339,4,3.598731725011021,0.0638452783483585,3,3.000319796221443,0.0008641307703764,5,5.004935514173155,0.0024942192502021,7.979666598173111,7,6.01116694763914,0.0941504728268353,7.996355864681391,0.1,12.5,56.5,0.000847688
124,124,107,108,"Η Μίλητος, που πρωταγωνίστησε στην επανάσταση, υπέστη ολοκληρωτική καταστροφή. Ο
 χαμός της Μιλήτου προξένησε μεγάλη θλίψη στην Αθήνα. Ο ποιητής Φρύνιχος παρουσίασε
 το έργο του «Μιλήτου Άλωσις» και έκανε τους Αθηναίους να κλάψουν με τη συμφορά που είχε
 βρει την ιωνική αυτή πόλη. Οι Αρχές της Αθήνας οργίστηκαν με την παράσταση και τιμώρησαν
 τον Φρύνιχο επιβάλλοντάς του πρόστιμο.
 Η Ιωνική επανάσταση υπήρξε η αφορμή μιας σειράς ελληνοπερσικών συγκρούσεων που
 Η εκστρατεία του
 Μαρδόνιου
 ακολούθησαν. Ο Μαρδόνιος, γαμπρός του βασιλιά Δαρείου, τέθηκε επικεφαλής μίας μεγάλης
 εκστρατείας. Το 492 π.Χ., ο στρατός του πέρασε τον Ελλήσποντο και κατευθύνθηκε προς
 τη Μακεδονία. Παράλληλα κινήθηκε και ο περσικός στόλος. Στην επιστροφή, όμως, μεγάλη
 θαλασσοταραχή προκάλεσε, κοντά στον Άθω, μεγάλη καταστροφή του στόλου. Η εκστρατεία
 έληξε, αφού οι Πέρσες πέτυχαν να επαναφέρουν τη Θράκη υπό τον έλεγχό τους, ο οποίος είχε
 διασαλευθεί λόγω της Ιωνικής επανάστασης. Η μεγάλη σύγκρουση ανάμεσα στους Πέρσες και
 τους Έλληνες είχε ήδη αρχίσει.
 Ο Δαρείος δεν ξέχασε ότι τους Έλληνες της Μικράς Ασίας στην επανάσταση εναντίον
 Η μάχη του
 Μαραθώνα
 του βοήθησαν οι Αθηναίοι και οι Ερετριείς. Έπρεπε για τον λόγο αυτό να τιμωρηθούν. Την
 επιχείρηση ανέθεσε στους στρατηγούς Δάτη και Αρταφέρνη.
 Το 490 π.Χ. ισχυρές περσικές δυνάμεις, πλέοντας στο Αιγαίο, αγκυροβόλησαν στην
 Ερέτρια, την οποία και κατέστρεψαν. Στη συνέχεια κατευθύνθηκαν στον Μαραθώνα, όπου και
 στρατοπέδευσαν. Οι Αθηναίοι ζήτησαν βοήθεια από τους Σπαρτιάτες, οι οποίοι επικαλέστηκαν
 θρησκευτικούς λόγους, με αποτέλεσμα η σπαρτιατική δύναμη να φθάσει μετά τη μάχη. Οι
 Αθηναίοι αποφάσισαν να αντιμετωπίσουν τους Πέρσες στο σημείο, όπου είχε γίνει η απόβαση.
 Δέκα χιλιάδες Αθηναίοι και χίλιοι Πλαταιείς που έσπευσαν να τους βοηθήσουν έμελλε να
",history,10,8,7.830062769887268,0.0375001670451619,8,7.562194480967889,0.0551504245033981,4,3.9525752815721944,0.0153281968844631,5,5.114342673485567,0.0352208214509498,5,4.846899552125251,0.0714354993924725,3,3.0004774895496666,0.0003483463750692,8,7.741268724998008,0.0497115441168474,7.095346290394559,7,6.970956255378731,0.0094811579183886,7.997195681480207,1.1,11.9,45.56367302621374,0.000919692
125,125,108,109,"Όταν τα στρατεύματα έλαβαν θέση και οι θυσίες έδειξαν καλά αποτελέσματα, οι Αθηναίοι,
 μόλις δόθηκε το σύνθημα της επίθεσης, όρμησαν τρέχοντας εναντίον των εχθρών. Το διάστημα
 που τους χώριζε δεν ήταν λιγότερο από οχτώ στάδια. Οι Πέρσες, όταν τους είδαν να έρχονται
 εναντίον τους τρέχοντας, ετοιμάζονταν να τους δεχτούν και προς στιγμή νόμισαν ότι οι
 Αθηναίοι έχασαν τα λογικά τους. Τους έβλεπαν να είναι λίγοι και, παρά το γεγονός αυτό, να
 ορμούν κατά πάνω τους, χωρίς μάλιστα να διαθέτουν ιππικό και τοξότες. Αυτά έβαλαν με το
 νου τους οι βάρβαροι. Οι Αθηναίοι, όταν άρχισε η σύγκρουση, πολεμούσαν γενναία. Πρώτοι,
 απ' όσο ξέρουμε, όρμησαν εναντίον των βαρβάρων και πρώτοι άντεξαν να αντικρίσουν την
 περσική ενδυμασία και αυτούς που τη φορούσαν. Ως τότε και το όνομα μόνο των Μήδων
 προκαλούσε τρόμο στους Έλληνες. 
 Ηρόδοτος, Ιστορία, 6. 112
 Μόλις δόθηκε το σύνθημα, οι Αθηναίοι, για να αποφύγουν τα πυκνά βέλη του εχθρού,
 όρμησαν τρέχοντας. Το κατηφορικό έδαφος που είχαν διαλέξει τους βοήθησε να φθάσουν
 πιο γρήγορα στον σκοπό τους. Οι Πέρσες κυκλώθηκαν και πολλοί υποχώρησαν πανικόβλητοι
 προς τα καράβια. Η περιφανής ελληνική νίκη έδειξε ότι οι Πέρσες δεν ήταν ακατανίκητοι.
",history,10,7,7.1815559044051245,0.0386165576236693,7,6.85449935903398,0.0738090436202111,4,3.817576491352355,0.038149979904802,5,5.16670832307301,0.0443188763675111,4,3.7159233178390423,0.0594601130998175,4,3.731245986086037,0.0468633092318595,7,7.052083412931864,0.0458045635934134,7.993301363424678,7,6.943585748555051,0.0174022552226454,7.977006739320132,1.8,10.7,43.33017211099403,0.000880961
126,126,100,101,"Η είσοδος γινόταν συνήθως πάνω σε
 άρμα, όχι από την πύλη, αλλά από ένα
 άνοιγμα του τείχους που το γκρέμιζαν
 συμβολικά, με την πεποίθηση ότι το κενό στο εξής θα το κάλυπτε ο ίδιος με
 την ανδρεία του. Στη Σπάρτη μάλιστα ο
 ολυμπιονίκης αποκτούσε το προνόμιο να
 πολεμάει στη μάχη δίπλα στον βασιλιά.
 Σε όλες τις εποχές οι άνθρωποι αισθάνονταν
 την ανάγκη να προβλέψουν το μέλλον.
 Ο ναός του
 Απόλλωνα
 Την απάντηση σε αυτό το ερώτημα οι
 στους Δελφούς
 αρχαίοι την αναζητούσαν στα μαντεία. Πιο
 ονομαστό μαντείο υπήρξε το μαντείο των
 Τα μαντεία
 Δελφών, το οποίο ήταν αφιερωμένο στον Απόλλωνα. Ο θεός αυτός της μαντικής έδινε τους
 χρησμούς μέσω της ιέρειας Πυθίας. Από τα λόγια της Πυθίας συντάσσονταν οι χρησμοί,
 οι οποίοι πολλές φορές είχαν αμφίσημο* νόημα. Οι απαντήσεις συνάγονταν με πλάγιο
 (μεταφορικό) τρόπο, γι’ αυτό και ο Απόλλωνας ονομαζόταν Λοξίας. Το μαντείο απέκτησε
 μεγάλη φήμη. Βασιλείς από την Αίγυπτο και τη Λυδία, μάλιστα, είχαν ζητήσει τη βοήθειά του.
",history,10,8,7.678815327125179,0.05056251716401,7,6.994171891264287,0.0074576271519054,4,3.592668306004981,0.0542765246274155,7,6.715753185164488,0.0531780519160664,4,4.268547003656977,0.067543031216634,3,3.5000898723248497,0.0557121844598259,7,7.341098206633191,0.054422160247563,7.993303377595623,7,6.993965287777797,0.0029695307925403,7.997165096354095,2.4,10.2,45.72430939,0.00096588
127,127,103,104,"απομάκρυνση του Όθωνα οδήγησε στην εκλογή του Δανού πρίγκιπα Γεώργιου, ο
 οποίος ανακηρύχθηκε βασιλιάς των Ελλήνων (1863). Την ίδια χρονιά οι Άγγλοι παραχώρησαν τα Επτάνησα στην Ελλάδα, ως δώρο στο νέο βασιλιά.
 Ο Γεώργιος Α΄ βασίλεψε για πενήντα περίπου χρόνια. Στη διάρκεια της βασιλείας του
 κατέβαλε προσπάθειες για τον εκσυγχρονισμό της χώρας και την εδαφική της επέκταση.
 Το 1864 ψηφίστηκε νέο, πιο δημοκρατικό Σύνταγμα που περιόριζε ακόμη περισσότερο
 την εξουσία του βασιλιά και αναγνώριζε για την Ελλάδα το πολίτευμα της βασιλευομένης
 δημοκρατίας. Επίσης την εποχή αυτή, εκτός από τα Επτάνησα, ενσωματώθηκε στο ελληνικό
 κράτος η Θεσσαλία (1881) καθώς και ο σημερινός νομός της Άρτας, με αποτέλεσμα να
 αυξηθεί ο πληθυσμός αλλά και οι καλλιεργήσιμες εκτάσεις.
 Για την προσάρτηση του νομού της Άρτας στην Ελλάδα συνέβαλε αποφασιστικά ο Χαρίλαος Τρικούπης. Ο Τρικούπης, που ήταν νομικός και διπλωμάτης, διετέλεσε υπουργός
 και αργότερα πρωθυπουργός της χώρας. Γνωρίζοντας καλά τις περιορισμένες δυνατότητες
 του ελληνικού κράτους, δεν ενθάρρυνε τα ένοπλα επαναστατικά κινήματα στις περιοχές της
 Οθωμανικής Αυτοκρατορίας που κατοικούσαν υπόδουλοι Έλληνες. Αντί γι’ αυτό, προτίμησε να τονώσει την ελληνικότητα των αλύτρωτων περιοχών ιδρύοντας σχολεία και εκκλησίες.
 Ο Τρικούπης ενίσχυσε τη δημοκρατία και ασχολήθηκε κυρίως με την οργάνωση του
 κράτους. Τις περιόδους της πρωθυπουργίας του πραγματοποίησε σημαντικά έργα για τον
 εκσυγχρονισμό της χώρας, όπως η διάνοιξη της διώρυγας της Κορίνθου και η αποξήρανση
 της λίμνης Κωπαΐδας, παίρνοντας δάνεια και από το εξωτερικό. Παράλληλα, βελτίωσε τις
 συγκοινωνίες με την κατασκευή οδικού και σιδηροδρομικού δικτύου.
 Καθώς όμως η Ελλάδα είχε δανειστεί μεγάλα ποσά και οι φόροι δεν συλλέγονταν σωστά, τα έξοδα του κράτους ήταν περισσότερα από τα έσοδα. Το 1893 ο Τρικούπης κήρυξε
 πτώχευση και λίγο αργότερα η χώρα δέχτηκε Διεθνή Οικονομικό Έλεγχο, προκειμένου να
 πληρωθεί το υπέρογκο δημόσιο χρέος της.
",history,6,7,6.886785454502814,0.0800526700575271,6,6.268221275880304,0.0475532440419346,4,3.9914231852130797,0.0039647564910399,5,4.661065244967176,0.0550102693047536,4,3.9242405682659864,0.0415921632480579,3,2.9999439314196934,8.126009351843902e-05,7,6.80578731470105,0.0565999170154097,7.999618391299919,5,5.213765660695344,0.0478445057094409,7.002763320568192,3.6,15.6,56.73459119496856,0.001101488
128,128,67,68,"προκάλεσε σύγκρουση με τη Γαλλία (1870). Στις αρχές του 1871 και ενώ οι γερμανικές δυνάμεις πολιορκούσαν το
 Παρίσι, οι Γερμανοί ηγεμόνες ανακήρυξαν αυτοκράτορα της Γερμανίας τον βασιλιά της Πρωσίας, γεγονός που σήμανε τη δημιουργία ενός ενιαίου γερμανικού κράτους και επισφραγίστηκε με την επικράτηση επί της Γαλλίας.
 Τα νέα έθνη-κράτη στα Βαλκάνια Το πρώτο, χρονικά, εθνικό κράτος που δημιουργήθηκε στα Βαλκάνια του 19ου αιώνα ήταν η Ελλάδα. Στη διάρκεια του 19ου αιώνα, ιδίως μετά τα μέσα του, διατυπώθηκαν εθνικές διεκδικήσεις και
 από άλλους βαλκανικούς λαούς. Κύριο ρόλο σε αυτό έπαιξε η όλο και μεγαλύτερη οικονομική και πολιτισμική σύνδεση
 των Βαλκανίων με τη δυτική Ευρώπη, που είχε ως αποτέλεσμα την εμφάνιση νέων αστικών στρωμάτων, τη διάδοση
 των ιδεών του Διαφωτισμού και τη διαμόρφωση των εθνικών συνειδήσεων. Συνέβαλαν, επίσης, τα εσωτερικά προβλήματα της Οθωμανικής αυτοκρατορίας, οι ανταγωνισμοί των ευρωπαϊκών Δυνάμεων στην περιοχή και η γενικότερη
 ανάδυση των εθνικών ιδεών στον ευρωπαϊκό χώρο.
 Οι Σέρβοι είχαν, και λόγω της θέσης της χώρας τους, στενή επαφή με τη Δύση. Στις αρχές του 19ου αιώνα, πριν
 ακόμη από τους Έλληνες, οι Σέρβοι, με επικεφαλής τον Μίλος Ομπρένοβιτς, εξεγέρθηκαν εναντίον του σουλτάνου και
 εξασφάλισαν περιορισμένη αυτονομία (1812-1815). Στα χρόνια που ακολούθησαν, το σερβικό κράτος, υπό διάφορους
 ηγεμόνες, οργανώθηκε, απέκτησε σύνταγμα, διοικητικούς θεσμούς και εκπαιδευτικό σύστημα. Τελικά, η σερβική ανεξαρτησία αναγνωρίστηκε από το συνέδριο του Βερολίνου (1878).
 Οι Βούλγαροι επιδίωξαν την εθνική τους ανεξαρτησία στρεφόμενοι, ταυτοχρόνως, εναντίον τόσο της οθωμανικής πολιτικής κυριαρχίας όσο και της ελληνικής πνευματικής ηγεμονίας, που θεωρούσαν ότι ασκούνταν μέσω του Πατριαρχείου
 Κωνσταντινουπόλεως, το οποίο ελεγχόταν από Έλληνες. Με3. Τα πρώτα βήματα διαμόρφωσης
 τά από πολύχρονες προσπάθειες πέτυχαν, το 1870, την ανατης βουλγαρικής εθνικής ιδέας
 γνώριση από την οθωμανική διοίκηση της αυτόνομης βουλΟι προσπάθειες διάδοσης και ανάδειξης της βουλγαρικής
 γαρικής εκκλησίας, της Εξαρχίας. Μάλιστα, προβλεπόταν ότι,
 εθνικής γλώσσας και κουλτούρας συνέβαλαν στη σταδιακή αφύαν τα δύο τρίτα των ορθόδοξων κατοίκων μιας εκκλησιαστιπνιση του αισθήματος της κοινής γενιάς του λαού εμπνέοντάς
 κής περιφέρειας επιθυμούσαν να υπαχθούν στην Εξαρχία,
 τον περηφάνια για την καταγωγή του. [...] Στο εξωτερικό, Βούλτότε η περιφέρεια εντασσόταν σ’ αυτή και όχι στο Πατριαργαροι, συνήθως έμποροι που είχαν εγκατασταθεί στη Ρουμανία
 χείο. Οι ρυθμίσεις αυτές δεν αναγνωρίστηκαν από το Παή στη Ρωσία [...] ενθάρρυναν αυτή την κίνηση. [...] Στο Βουκουρέτριαρχείο και προκάλεσαν ένταση στις ελληνοβουλγαρικές
 στι βρισκόταν μια βουλγαρική παροικία σχετικά πολυάριθμη και
 οικονομικά ισχυρή· το ίδιο και στην Οδησσό της Ρωσίας. Και οι
 σχέσεις. Παράλληλα, οι Βούλγαροι στήριξαν πολλές ελπίδες
 δυο ονειρεύονταν την πολιτική χειραφέτηση. [...] Το 1835 [...] με οιστη Ρωσία. Πράγματι, μετά τον ρωσοτουρκικό πόλεμο των
 κονομική ενίσχυση που στάλθηκε από την Οδησσό [...] άνοιγε με
 ετών 1877-1878 η νικήτρια Ρωσία επιχείρησε να δημιουργήσει
",history,12,8,7.973037667068411,0.012561701648572,7,7.244831923289496,0.0450075619286672,4,3.985946430947479,0.0059471655489733,7,6.976519851918056,0.0087536977768002,5,5.327154742972198,0.0740200422412701,3,3.0075714516001426,0.0035821934543224,8,7.939010496387368,0.0194908115492402,7.67917557352132,7,6.9969681623233555,0.0016648554272465,7.997525430205997,3.8,17.2,57.90476190476191,0.001137059
129,129,82,83,"παράθεμα 1 Το τέλος του Παυσανία
 Ο Παυσανίας, ενώ ήταν αρχηγός ελληνικού στόλου, κατηγορήθηκε
 πως πρόδωσε την πατρίδα του και ήρθε σε συνεννόηση με τους Πέρσες για να τους παραδώσει την Ελλάδα. Φαίνεται πως ο απλός Σπαρτιάτης θαμπώθηκε από τον πλούτο και την πολυτέλεια των Περσών και
 άρχισε να φοράει περσικά ρούχα και να συμπεριφέρεται σαν Πέρσης
 αρχηγός. Τότε οι άρχοντες της Σπάρτης του ζήτησαν να γυρίσει πίσω
 και τον καταδίκασαν σε θάνατο. Εκείνος κατέφυγε ικέτης* στον ναό
 της Χαλκιοίκου Αθηνάς. Οι συμπολίτες του έχτισαν την πόρτα του
 ναού και αφαίρεσαν τη στέγη, για να πεθάνει από την πείνα και το
 κρύο. Λένε πως ακόμα και η μητέρα του συμμετείχε σ’ αυτή την πράξη.
 Λίγο πριν αφήσει την τελευταία του πνοή τον έβγαλαν έξω από τον
 ναό, για να μην τον μολύνει.
",history,4,7,7.007781429622611,0.0054938664845641,7,6.988154190701607,0.0531333182746985,3,3.0474256913046105,0.0153278773926419,5,4.636189356269824,0.057199647438023,4,3.6140589442584314,0.0661458492082078,2,2.4378637511764225,0.0550616847526,6,6.312387323928306,0.0564722016556176,7.982013177301553,5,5.198319634111272,0.0466448007581035,7.007478617146262,3.6,10.7,43.47290640394088,0.000972224
130,130,114,115,"Σε αυτές τις συνθήκες ιδρύθηκε, τον Μάιο του 1909, ο Στρατιωτικός Σύνδεσμος, μια οργάνωση κατώτερων αξιωματικών.
 Τα μέλη του Συνδέσμου δυσφορούσαν τόσο για το ότι η βασιλική οικογένεια προωθούσε τους ευνοούμενούς της στο
 στράτευμα όσο και για την κακή κατάσταση των ενόπλων δυνάμεων.
 Η πολιτική ηγεσία επιχείρησε, αρχικά, να διαπραγματευτεί με τον Σύνδεσμο. Όταν, όμως, προσπάθησε, στις 12 Αυγούστου 1909, να συλλάβει την ηγεσία του, ο Σύνδεσμος, αφού ανέθεσε την αρχηγία του στον συνταγματάρχη Νικόλαο
 Ζορμπά, προχώρησε, στις 15 Αυγούστου 1909, στην εκδήλωση κινήματος με κέντρο το στρατόπεδο στο Γουδί (περιοχή
 της Αθήνας). Καθώς η κυβέρνηση δεν διέθετε δυνάμεις για να αντιμετωπίσει τους κινηματίες, δέχτηκε τους όρους τους.
 Τότε αυτοί επέστρεψαν στις θέσεις τους, διατηρώντας, ωστόσο, στο ακέραιο την οργάνωσή τους.
 Ο Σύνδεσμος ζητούσε, κυρίως, την αναδιοργάνωση των ενόπλων δυνάμεων. Αυτό πρακτικά σήμαινε την απομάκρυνση από το στράτευμα των πριγκίπων, δηλαδή του διαδόχου Κωνσταντίνου και των άλλων γιων του βασιλιά, αίτημα
 που ικανοποιήθηκε αμέσως. Η κίνηση αυτή αποτελούσε προϋπόθεση για την κατάργηση της ευνοιοκρατίας και την
 ανεμπόδιστη βαθμολογική εξέλιξη όλων των αξιωματικών. Παράλληλα, η ηγεσία του κινήματος διατύπωσε και κάποια
 γενικότερα, αν και θολά, αιτήματα που αφορούσαν μεταρρυθμίσεις στη διοίκηση του κράτους, στην οικονομία, στη
 δικαιοσύνη και στην εκπαίδευση.
 Το γεγονός ότι οι μη στρατιωτικοί στόχοι του κινήματος ήταν γενικοί και αόριστοι δεν εμπόδισε την υιοθέτηση
 τους από την ελληνική κοινωνία. Αντιθέτως, μάλλον συνέβαλε στο να λειτουργήσει το κίνημα του 1909 ως καταλύτης
 που προκάλεσε μια έκρηξη γενικότερων λαϊκών αιτημάτων, τα οποία στρέφονταν κατά της «συναλλαγής» και συνοψίζονταν στο αόριστο αλλά σίγουρα επιτακτικό αίτημα της «Ανόρθωσης» του κράτους.
 Στις 14 Σεπτεμβρίου 1909 ο λαός της Αθήνας, μ’ ένα εντυπωσιακό συλλαλητήριο που οργανώθηκε από τον Σύνδεσμο
 και διάφορες επαγγελματικές οργανώσεις, εξέφρασε την υποστήριξή του προς το κίνημα.
 Αρχικά, ο Σύνδεσμος δοκίμασε να υλοποιήσει τις επιδιώξεις του μέσω της κυβέρνησης Μαυρομιχάλη, που διορίστηκε από τον Γεώργιο αμέσως μετά την εκδήλωση του κινήματος. Ωστόσο, η αμοιβαία καχυποψία δεν άφησε να προκύψει κάποιο ουσιαστικό αποτέλεσμα. Έτσι, η ηγεσία του Συνδέσμου κάλεσε στην Αθήνα τον Ελευθέριο Βενιζέλο, που
 είχε διακριθεί στην πολιτική ζωή της Κρήτης και στους αγώνες των Κρητικών για ένωση με την Ελλάδα.
",history,12,8,7.84266833370706,0.0360837556975323,6,6.024884966049285,0.017874054897722,4,3.999581151887469,0.0003140303583449,7,6.987664665402008,0.005195082998375,4,3.9059283359711117,0.0574696862330892,3,3.2689585085754516,0.0467635942788726,6,6.644470744778758,0.0739904958290977,7.979666697702214,7,6.994875318069717,0.0025654921019324,7.996397512621115,4.8,17.2,58.32533618581907,0.00119863
131,131,89,90,"πολιτικής αστάθειας ήταν ο βασιλιάς, που, όταν διαφωνούσε με μια κυβέρνηση, δεν δίσταζε να την ανατρέψει. Την αντίθεσή του σε αυτή την πρακτική εξέφρασε ένας νέος πολιτικός, ο Χαρίλαος Τρικούπης, σε άρθρο του υπό τον χαρακτηριστικό τίτλο «Τις πταίει;» (1874). Σύμφωνα με τον Τρικούπη, ο βασιλιάς θα έπρεπε να διορίζει πρωθυπουργό μόνο εκείνον
 που είχε τη «δεδηλωμένη» εμπιστοσύνη της Βουλής, δηλαδή την υποστήριξη της πλειοψηφίας των βουλευτών.
 Αντιμέτωπος με αυτή την κριτική, ο Γεώργιος διόρισε, το 1875, τον επικριτή του Χαρίλαο Τρικούπη προσωρινό πρωθυπουργό για να πραγματοποιήσει εκλογές. Κατά την έναρξη των εργασιών της νέας Βουλής, ο Γεώργιος εκφώνησε
 λόγο γραμμένο από τον Τρικούπη (Λόγος του Θρόνου) στον οποίο αναγνώριζε την αρχή της δεδηλωμένης. Έτσι άρχισε μια νέα φάση στην πολιτική ζωή της Ελλάδας.
 Ο δικομματισμός Η καθιέρωση της αρχής της δεδηλωμένης οδήγησε τα μικρά κόμματα, που δεν μπορούσαν, πλέον,
 να παίζουν αυτόνομα κάποιο σημαντικό ρόλο, είτε στην εξαφάνιση είτε στην ενσωμάτωση σε μεγαλύτερα κόμματα.
 Έτσι, τη δεκαετία 1885-1895 εναλλάσσονταν στην εξουσία δύο κόμματα, με επικεφαλής, το ένα τον Χαρίλαο Τρικούπη
 και το άλλο τον Θεόδωρο Δηλιγιάννη. Το σύστημα αυτό ονομάστηκε δικομματισμός.
 Το πρόγραμμα του Χαρίλαου Τρικούπη Οι στόχοι του Χ. Τρικούπη συνοψίζονταν στη δημιουργία ενός κράτους σύγχρονου και οικονομικά αναπτυγμένου. Κύριες πλευρές της πολιτικής του ήταν η κατασκευή μεγάλων έργων υποδομής
 (σιδηροδρομικό δίκτυο, οδοποιία, διάνοιξη της διώρυγας της Κορίνθου κ.ά.) που θα στήριζαν την οικονομική ανάπτυξη,
 η ανασυγκρότηση των ενόπλων δυνάμεων, η εξυγίανση της δημόσιας διοίκησης μέσω της θέσπισης αντικειμενικών
 κριτηρίων πρόσληψης και η επιδίωξη ειρηνικής συμβίωσης με την Οθωμανική αυτοκρατορία. Για να πετύχει τα παραπάνω, ο Τρικούπης επέβαλε βαρύτατη φορολογία και σύναψε μεγάλα δάνεια με τράπεζες του εξωτερικού. Επίσης,
 προσέφερε στους Έλληνες κεφαλαιούχους του εξωτερικού προνομιακούς όρους για επενδύσεις.
",history,12,8,7.532717931526352,0.0615337227135317,7,6.816816525016092,0.0389464072022292,4,3.998968608825919,0.0006536498277788,5,5.452764143287482,0.0732875180944851,4,4.59181720813649,0.0722486264197019,3,3.0002264762888444,0.0001781203362271,7,7.000019621506045,0.0844031818111501,7.9933038249664605,7,6.985970058672137,0.0058958871116645,7.997192823571822,3.5,16.0,60.46127366609294,0.001137189
132,132,17,18,"Ματιά στο παρελθόν
 Η άλωση της Πόλης
 Η άλωση της Κωνσταντινούπολης αποτέλεσε ένα συγκλονιστικό γεγονός, που
 συντάραξε όχι μόνο τους κατοίκους της άλλοτε πανίσχυρης Βυζαντινής Αυτοκρατορίας αλλά και όλο τον τότε γνωστό κόσμο. Είναι χαρακτηριστικό ότι ο Πάπας
 της Ρώμης Πίος ο Β΄ χαρακτήρισε την Άλωση ως τον δεύτερο θάνατο του Ομήρου
 και του Πλάτωνα. Ο ίδιος, μάλιστα, επιχείρησε να οργανώσει μια Σταυροφορία
 για την απελευθέρωση της Πόλης, χωρίς όμως αποτέλεσμα. Άλλοι, πάλι, πίστευαν
 πως η κατάκτηση της Κωνσταντινούπολης δεν ήταν παρά τιμωρία των Βυζαντινών, σταλμένη από τον Θεό. Η
 πτώση της «δεύτερης Ρώμης», όπως αποκαλούσαν τη Βασιλεύουσα, είχε ως συνέπεια να προβληθεί η Μόσχα ως
 «τρίτη Ρώμη», ως νέο δηλαδή θρησκευτικό και πολιτικό κέντρο των Ορθοδόξων Χριστιανών.
",history,6,7,7.372463898139074,0.05498896506361,7,6.835532274950424,0.0448966515993526,4,3.562176916344697,0.0550399832407274,5,5.057202930692483,0.0547790003037254,4,4.031634697881145,0.0522242431868165,4,3.9772260742459338,0.0089362915407334,7,6.881168160046855,0.062315470139562,7.998496136751612,6,5.686820390095022,0.0700688785118158,7.11919733364266,5.4,16.5,52.94744525547445,0.001162298
133,133,178,179,"Ο διάδοχος του Αλέξανδρου Περδίκκας Β´ φιλοξένησε στην αυλή του τον Μελανιππίδη,
 ποιητή διθυράμβων, και τον πρωτοπόρο της ιατρικής Ιπποκράτη τον Κώο. Ο Αρχέλαος,
 διάσημος στην Ελλάδα για τις νίκες των τεθρίππων του στα Πύθια και τα Ολύμπια,
 εξασφάλισε τις υπηρεσίες του διαπρεπούς ζωγράφου Ζεύξιδος, του μεγάλου μουσικού
 Τιμοθέου και του καλύτερου επικού ποιητή Χοιρίλου… Δύο από τους διασημότερους
 Αθηναίους τραγικούς ποιητές έζησαν και δημιούργησαν στη Μακεδονία επί σειράν ετών:
 ο Αγάθων (περίπου 407-401 π.Χ.) και ο Ευριπίδης (408-406 π.Χ.) Εκεί βρήκαν κοινό
 δεκτικότερο από ό,τι στην εμπόλεμη Αθήνα και – αν και λείπουν τα σχετικά αρχαιολογικά
 τεκμήρια – κάποια θεατρική παράδοση. Ο Ευριπίδης κατά την παραμονή του στη Μακεδονία
 έγινε εταίρος του βασιλέως και συνέγραψε δύο τραγωδίες, τον «Αρχέλαο»… και τις
 «Βάκχες».
 N.G.L. Hammond, Πνευματικός βίος [Μακεδονία, Εποπτεία Μ.Β. Σακελλαρίου], Εκδοτική
 Αθηνών, Αθήνα 1982, σ. 91
",history,10,8,7.999857611113667,0.0004486398834702,8,7.776549826172811,0.0428890942273327,4,4.010973642165482,0.0048703249467791,7,6.999013949664459,0.0006770810976883,4,4.284276920303455,0.0598278230574935,4,3.6226564643370978,0.0533344473506579,8,7.989007478551571,0.0049799037610223,7.001906841742311,7,7.000075740531287,0.0003804117768303,7.994587120861979,3.7,15.9,55.285714285714285,0.000905003
134,134,66,67,"2. Ο χαρακτήρας του γερμανικού εθνικού κινήματος
 [Η ενοποίηση της Γερμανίας] σηματοδοτεί το θρίαμβο μιας αντίληψης του
 έθνους που θεμελιώνεται περισσότερο στη δύναμη παρά στη λαϊκή συναίνεση. [...] Γεννημένο από την ορμή ενός λαού, το γερμανικό ενωτικό κίνημα
 ολοκληρώθηκε χάρη στο συνδυασμό της βούλησης ενός ανθρώπου ―[του
 Μπίσμαρκ] με αντιλήψεις αριστοκράτη του Παλαιού Καθεστώτος που πάνω
 απ’ όλα λογαριάζει το μεγαλείο της βασιλεύουσας δυναστείας― και της
 ισχύος του πρωσικού στρατού, που νίκησε διαδοχικά τους Δανούς, τους Αυστριακούς και τους Γάλλους. [...] Ήδη στην τροχιά των εθνικών κινημάτων
 διαγράφεται το φάσμα ενός απόλυτου και κατακτητικού εθνικισμού [...] που
 δεν θα αργήσει να φέρει σε αντιπαράθεση τους λαούς της γηραιάς ηπείρου.
 S. Berstein & P. Milza, Ιστορία της Ευρώπης, μτφρ. Α.Κ. Δημητρακόπουλος,
 Αλεξάνδρεια, Αθήνα 1997, τόμ. 2, σ. 141.
",history,12,8,8.009504990697451,0.0045754432694144,8,8.000910852161647,0.0009624022515371,4,3.9999616708560097,4.736492892885291e-05,7,6.999904255436064,8.110445156701668e-05,6,6.282099775198731,0.0836606780321961,3,3.472547237330332,0.0567507602325835,8,8.00891733129015,0.0049152228213022,7.0021787256887364,7,6.999960306467557,4.680010167893024e-05,7.997149323437043,4.2,17.0,50.41883116883117,0.000726535
135,135,176,177,"Οι Μακεδόνες για πολλά
 χρόνια έζησαν απομονωμένοι
 στο βόρειο τμήμα της χώρας.
 Πιστοί στις παραδοσιακές τους
 συνήθειες διατήρησαν τον θεσμό
 της βασιλείας. Τα παράλια της
 Μακεδονίας είχαν αποικιστεί από
 τους νότιους Έλληνες, οι οποίοι σταδιακά ανέπτυξαν εμπορικές σχέσεις Ιωνικό κιονόκρανο από ναό στην περιοχή της αρχαίας Θέρμης,
 στο κέντρο της σημερινής Θεσσαλονίκης (Θεσσαλονίκη,
 με τους κατοίκους του εσωτερικού
 Αρχαιολογικό Μουσείο). Οι Μακεδόνες βρίσκονται σε στενή
 της περιοχής.
 πολιτισμική σχέση με τις πόλεις της νότιας Ελλάδας.
 Οι Μακεδόνες, αναγκασμένοι να
 αποκρούουν επιθετικές ενέργειες των γειτόνων τους, Ιλλυριών και Παιόνων, απέκτησαν νωρίς
 πολεμική πείρα, γεγονός που απέβη καθοριστικό για τον τρόπο ζωής τους. Η απόκρουση των
 επιδρομών αυτών είχε αναμφισβήτητα θετική επίδραση στον βίο των νότιων Ελλήνων.
 Οι σχέσεις των Μακεδόνων με τους νότιους Έλληνες έγιναν στενότερες μετά την απόκρουση
 του περσικού κινδύνου. Οι Αθηναίοι την περίοδο αυτή κάνουν αποκλειστική εισαγωγή ξυλείας
 από τη Μακεδονία, ύλη απαραίτητη για τη ναυπηγική.
 Σημαντική ήταν η συμβολή του Αλέξανδρου Α´ (495-450 π.Χ.) στην αναδιοργάνωση του
 κράτους. Είναι γνωστό, εξάλλου, ότι ο ίδιος έλαβε μέρος στους Ολυμπιακούς αγώνες. Είναι
 αυτός που, ακολουθώντας αναγκαστικά τους Πέρσες, την παραμονή της μάχης των Πλαταιών
 πλησίασε το ελληνικό στράτευμα και ανακοίνωσε στους αρχηγούς την απόφαση του Μαρδόνιου
 για την επικείμενη σύγκρουση. Αργότερα, στην προσπάθειά του να επεκτείνει τη δράση του
 πέραν της Μακεδονίας, οργάνωσε το πεζικό και το ιππικό των Μακεδόνων και πέτυχε τη
",history,10,8,7.9316866242743345,0.0201392040463641,7,6.990620333568899,0.0126839030821009,4,3.6513560777588623,0.0519255386761338,5,5.506996486843889,0.0719435320725945,5,4.856994796005893,0.06432964230854,3,3.005903690273044,0.0029151067967105,6,6.6678665248223865,0.0813189058899913,7.835480875534245,7,6.8774866531673595,0.030262518986669,7.97701061146563,2.4,14.6,52.86293436293436,0.000974246
136,136,22,23,"«Δώρον του Νείλου» ονόμαζαν οι αρχαίοι Έλληνες την
 Αίγυπτο και είχαν απόλυτο δίκιο. Ο Νείλος, που πηγάζει σχεδόν
 από τον Ισημερινό, διασχίζει την Αίγυπτο σε μία απόσταση
 1.000 χιλιομέτρων και την μεταβάλλει σε αληθινό σιτοβολώνα.
 Ο Νείλος είναι η μόνη οδός επικοινωνίας για την Αίγυπτο.
 Πλήθος πλοίων τον διασχίζουν. Συνηθισμένοι στη ναυσιπλοΐα
 οι Αιγύπτιοι διακινδυνεύουν και ταξίδια στην ανοιχτή θάλασσα.
 Πλέουν προς τις ακτές της Παλαιστίνης, απ’ όπου προμηθεύονται
 ξυλεία. Όμως τακτικά ο Νείλος πλημμυρίζει και τα νερά του
 κατακλύζουν τις γύρω περιοχές.
 Η χλωρίδα και η πανίδα στις όχθες του Νείλου καλύπτουν
",history,10,6,6.00477048400856,0.0036439717450335,6,5.967355666008189,0.0277037724100896,3,2.998967886721857,0.0006531325232546,4,4.015712315993795,0.0067442593518103,3,3.513208030077294,0.0603562697094145,3,3.0005901867043576,0.0004535072351687,6,5.9989810832670685,0.0010337839937383,7.979666384478293,5,4.537205079450359,0.0574675323556427,7.003047149046324,0.2,10.1,43.43867924528302,0.00092934
137,137,231,232,"αποτελεσματικό τρόπο τα προβλήματά τους.
 Η Αιτωλική συμπολιτεία αναφέρεται για πρώτη φορά τον 4ο αιώνα π.Χ. Αποτελεί ομοσπονδία
 Η Αιτωλική
 συμπολιτεία
 πόλεων βασισμένη σε δημοκρατικές αρχές. Κύρια πηγή εξουσίας ήταν η ομοσπονδιακή
 συνέλευση, στην οποία λάμβαναν μέρος οι πολίτες, όσοι δηλαδή ήταν «Αιτωλοί». Η
 συνέλευση αποφάσιζε για πόλεμο ή ειρήνη, εξέλεγε τους άρχοντες και ψήφιζε τους νόμους.
 Η Αχαϊκή συμπολιτεία εμφανίζεται στο ιστορικό προσκήνιο το 280 π.Χ. ως ένωση
 Αχαϊκή
 τεσσάρων πόλεων της βόρειας Πελοποννήσου. Στη συνέχεια προστέθηκαν κι άλλες. Οι πόλεις
 συμπολιτεία
 χρησιμοποιούσαν κοινό νόμισμα και κοινά σταθμά. Σε μια προσπάθεια προώθησης της ιδέας
 της ένωσης είχε θεσπιστεί και διαιτητικό δικαστήριο, αρμόδιο για επίλυση των διαφορών που
 αναφύονταν ανάμεσα στις ίδιες τις πόλεις. Σπουδαίος στρατηγός της Αχαϊκής πολιτείες ήταν
 ο Άρατος. Ιδιαίτερη προσπάθεια για ανάπτυξη της συμπολιτείας κατέβαλε και ο στρατηγός
 Φιλοποίμην, ο οποίος για την αξιοπρεπή στάση που τήρησε απέναντι στους Ρωμαίους έμεινε
 γνωστός ως «ο τελευταίος Έλληνας» («έσχατος των Ελλήνων»).
 Η κατάσταση
 στο κράτος της
 Μακεδονίας
",history,10,7,7.002622876602459,0.0053271820970702,7,7.237764611996681,0.0549457439228491,3,3.119203709935306,0.0293382088056483,7,6.79693459930462,0.0416733596413987,4,3.975424178854155,0.0588431899487863,3,3.037332859466005,0.0128030244708813,6,6.137498300615533,0.0327732293097958,7.9669128074544915,7,6.976907071439655,0.0084972655042033,7.9984913780585885,1.0,13.0,48.71629445822994,0.000893941
138,138,155,156,"από τα αριστερά, με την άνοδο του κομμουνισμού, όσο και από τα δεξιά, με την ενίσχυση αυταρχικών εθνικιστικών και
 φασιστικών τάσεων που κατηγορούσαν τον κοινοβουλευτισμό ότι αδυνατούσε να υπερασπιστεί τα εθνικά συμφέροντα.
 Η κατάσταση στην Ευρώπη κατά τη δεκαετία του
 1920 Τα πρώτα μεταπολεμικά χρόνια η πολιτική
 ατμόσφαιρα στην Ευρώπη σφραγίστηκε από την
 αμοιβαία καχυποψία και τον ανταγωνισμό ΓαλλίαςΓερμανίας. Η αναθέρμανση, όμως, της ευρωπαϊκής
 οικονομίας και η σχετική ευφορία που την ακολούθησε καλλιέργησαν τόσο στους ευρωπαϊκούς λαούς
 όσο και στους Ευρωπαίους ηγέτες την αντίληψη ότι
 τέτοιοι ανταγωνισμοί ήταν αδιέξοδοι. Έτσι, το 1925
 υπογράφηκαν, με πρωτεργάτες τους υπουργούς
 Εξωτερικών της Γαλλίας Μπριάν και της Γερμανίας
 Στρέζεμαν, οι συνθήκες του Λοκάρνο (1925), για τον
 σεβασμό των υφιστάμενων συνόρων. Λίγο αργότερα, το 1928, υπογράφτηκε το σύμφωνο ΚέλογκΜπριάν (υπουργοί Εξωτερικών των ΗΠΑ και της
 2. Η είσοδος των γυναικών στην αγορά εργασίας, δυναμική την εποχή
 Γαλλίας αντίστοιχα), με το οποίο καταδικαζόταν ο
 του Α´ Παγκόσμιου πολέμου, ενισχύθηκε μεταπολεμικά.
 πόλεμος.
 Η έκρηξη της οικονομικής κρίσης του 1929 Η διεθνής διπλωματική προσέγγιση στηρίχτηκε, όπως
 ήδη είπαμε, στην οικονομική ευημερία που σημειωνόταν από τις αρχές της δεκαετίας του 1920 στον
 δυτικό κόσμο. Χώρα-καθρέφτης αυτού του «οικονομικού θαύματος» ήταν οι ΗΠΑ, όπου την περίοδο
 1921-1929 τόσο η βιομηχανική παραγωγή όσο και το
 μέσο εισόδημα διπλασιάστηκαν. Η γενικότερη αισιοδοξία που επικρατούσε στις ΗΠΑ εκφράστηκε με τη
 συνεχή άνοδο των τιμών των μετοχών στο χρηματιστήριο της Νέας Υόρκης. Το φθινόπωρο του 1929,
 ωστόσο, μεγάλοι επενδυτές, θέλοντας να εισπράξουν μέρος από τα κέρδη τους, άρχισαν να πουλούν
 3. Το «αμερικανικό θαύμα»: διαφήμιση αυτοκινήτου Ford το 1926.
 μετοχές. Γρήγορα επικράτησε πανικός, κυρίως ανάμεσα στους μικροεπενδυτές, που έσπευσαν να πουλήσουν τις μετοχές τους. Αποτέλεσμα ήταν η γενική
",history,12,8,7.993296912877824,0.0032993597297747,7,7.052078620171869,0.0174956497419252,4,3.9999906614393694,0.0001196125738011,7,6.999820268240342,0.0001420754682633,5,4.639168937723298,0.0704082960926327,3,3.003169489951688,0.0017225211582082,8,8.000818723336351,0.0015676627544945,7.008574287984857,7,6.999940486698847,7.997993870170088e-05,7.998071567501711,4.4,17.2,54.58974358974359,0.001097716
139,139,94,95,"νομης Κρητικής Πολιτείας με ύπατο αρμοστή (γενικό
 διοικητή) τον πρίγκιπα Γεώργιο, δευτερότοκο γιο του
 βασιλιά της Ελλάδας Γεώργιου. Υπουργός Δικαιοσύνης της Κρητικής Πολιτείας διορίστηκε ένας νέος πολιτικός, ο Ελευθέριος Βενιζέλος.
 Η ολιγωρία, ωστόσο, του ύπατου αρμοστή στο ζήτημα της ένωσης με την Ελλάδα προκάλεσε την έκρηξη το 1905 νέας επανάστασης στο Θέρισο των Χανίων
 με επικεφαλής τους Ελευθέριο Βενιζέλο, Κωνσταντίνο
 Φούμη και Κωνσταντίνο Μάνο, οι οποίοι κήρυξαν την
 ένωση της Κρήτης με την Ελλάδα. Ο Γεώργιος αντικαταστάθηκε στη θέση του αρμοστή από τον Αλέξανδρο Ζαΐμη. Η άμεση, ωστόσο, ανάμειξη των Δυνάμεων,
 που επιθυμούσαν τη διατήρηση των ισορροπιών στην
 περιοχή, απέτρεψε την ένωση της Κρήτης με την Ελλάδα. Η οριστική διευθέτηση του κρητικού ζητήματος
 έμελλε να γίνει αργότερα.
",history,12,8,7.96682303762287,0.0117722229991072,8,7.622439278427009,0.0532786188472432,4,3.999054865958314,0.0010816946043397,7,6.999353308270855,0.0004503014353879,4,4.4999420920813975,0.0724069651303898,3,3.2019063135628585,0.0404299788418396,8,7.947543571208371,0.0168996574932802,7.0140599442793246,7,7.001141340067168,0.0007539826743581,7.99392099956458,3.8,15.6,55.09259259,0.001132564
140,140,134,135,"Η οκτωβριανή επανάσταση στη λογοτεχνία και στον κινηματογράφο
 …διαβάστε
 0 Μαξίμ Γκόρκι, Η μάνα (1906).
 Η ζωή στην τσαρική Ρωσία και οι διεργασίες που οδήγησαν στην επανάσταση.
 0 Τζον Ριντ, Δέκα μέρες που συγκλόνισαν τον κόσμο (1919).
 Η ρωσική επανάσταση με τα μάτια ενός αυτόπτη Αμερικανού δημοσιογράφου.
 0 Μιχαήλ Μπουλγκάκοφ, Η λευκή φρουρά (1925).
 Διεισδυτική ματιά στην ψυχολογία των λευκοφρουρών (τσαρικοί) κατά τον εμφύλιο.
 0 Μιχαήλ Σόλοχοφ, Ο ήρεμος Ντον (1940).
 Επικό μυθιστόρημα-τοιχογραφία των αλλαγών που έγιναν στα 1912-1922 στη Ρωσία.
 0 Μπόρις Πάστερνακ, Δόκτωρ Ζιβάγκο (1957).
 Κριτική ματιά στα πεπραγμένα της οκτωβριανής επανάστασης.
 …δείτε κινηματογραφικές ταινίες
 0 Η απεργία (1925), Θωρηκτό Ποτέμκιν (1925) και Οχτώβρης (1927).
 Τρεις κλασικές ταινίες του Σεργκέι Αϊζενστάιν, ενός από τους σημαντικότερους σκηνοθέτες στην ιστορία του
 κινηματογράφου, που αναφέρονται τόσο στην επανάσταση όσο και στα χρόνια πριν από αυτή.
 0 Ουόρεν Μπίτι, Οι Κόκκινοι (1981).
 Ταινία βασισμένη στο βιβλίο του Τζον Ριντ Δέκα μέρες που συγκλόνισαν τον κόσμο.
 ΑΣΚΗΣΕΙΣ – ΔΡΑΣΤΗΡΙΟΤΗΤΕΣ
 1. Να μελετήσετε τις πηγές 1 και 2. Ποιοι λόγοι έκαναν τους μπολσεβίκους να προτάξουν τη λήψη των συγκεκριμένων μέτρων; Να τεκμηριώσετε την απάντησή σας.
 2. Ποιοι παράγοντες ευνόησαν τη διάδοση, κατά τα χρόνια μετά τον Α´ Παγκόσμιο πόλεμο, του πολιτικού μηνύματος
 της οκτωβριανής επανάστασης;
 3. Διαθεματική δραστηριότητα: Να διαβάσετε το βιβλίο του Τζον Ριντ, Δέκα μέρες που συγκλόνισαν τον κόσμο και να
 το παρουσιάσετε στην τάξη σας.
",history,12,8,8.007361501309788,0.0043506344049776,7,7.093103671522385,0.0375934873753297,4,4.033084909113427,0.0116704678455389,7,6.999999240014006,1.570684745515024e-05,4,3.935062096337788,0.0789621284015755,4,3.6517099204365877,0.0521267347616138,8,8.004789093321051,0.0030561151701436,7.025953854152618,7,7.001165351414379,0.0007327618211782,7.999959545285577,0.8,11.7,38.77552447552448,0.000891857
141,141,61,62,"η σύσκεψη: η
 συζήτηση
 ανάμεσα σε
 ανθρώπους
 που θέλουν να
 αντιμετωπίσουν
 κάποιο δύσκολο
 θέμα.
 παρατάσ­
 σομαι:
 ετοιμάζομαι,
 έχοντας μπει σε
 παράταξη, να
 δώσω μάχη.
",history,4,8,7.892600490586298,0.0275283558444478,4,4.000550920281967,0.0004919176009078,2,2.2226315041100815,0.0426340177009286,7,6.658069361303205,0.0515369169616489,3,3.109219446661882,0.0503089100606639,3,2.985803816450769,0.0075442142218555,8,7.981824891950737,0.0073200470334081,7.3486438230806925,7,6.9759493053607,0.0066629397088156,7.999858020571708,0.9,11.7,48.333333333333336,0.001005789
142,142,142,143,"παράθεμα 2 Ο κολοσσός της Ρόδου
 Ο κολοσσός  ήταν τεράστιο ολόσωμο άγαλμα, που βρισκόταν στην είσοδο του λιμανιού της Ρόδου. Παρίστανε τον
 θεό Ήλιο. Εσωτερικά το άγαλμα ήταν χτισμένο με πέτρα και
 εξωτερικά ήταν καλυμμένο με ορείχαλκο*. Υπήρξε ένα από
 τα εφτά θαύματα του αρχαίου κόσμου. Δημιουργός του
 ήταν μάλλον ο γλύπτης Χάρης από τη Λίνδο της Ρόδου,
 μαθητής του Λύσιππου. Είχε ύψος 31 μέτρα περίπου. Η
 κατασκευή του λένε ότι κράτησε 12 χρόνια. Ήταν έργο που
 φανέρωνε την οικονομική δύναμη της Ρόδου αλλά και την
 αγάπη των ανθρώπων της εποχής αυτής για έργα με τεράστιες διαστάσεις. Πιθανότατα ο κολοσσός γκρεμίστηκε
 από μεγάλο σεισμό το 227 π.Χ. και από τότε βρισκόταν διαλυμένος στη γη μέχρι την εποχή που κατακτήθηκε η Ρόδος
 από τους Σαρακηνούς πειρατές, οι οποίοι τον κομμάτιασαν
 και τον πούλησαν ως μέταλλο.
 * ο ορείχαλκος: μπρούντζος
 Εγκυκλοπαίδεια Κόσμος, τόμος 15ος, σ. 145 (διασκευή)
",history,4,6,6.0025739970978975,0.0014546138043652,6,5.997523930514952,0.0087096707268947,3,3.001032193434469,0.0006530599794656,4,4.042189661371594,0.014087497662325,4,3.618261687173799,0.0670271967137612,3,3.001842766140271,0.0011929586033226,6,6.00003993115115,4.190295187127101e-05,7.957910128607637,5,4.907364441638492,0.0324058424337367,7.002439593634335,1.3,9.6,39.06636726546906,0.000805922
143,143,17,18,"Άσκηση αυτοαξιολόγησης
 Συνδέστε με μία γραμμή τις λέξεις που σχετίζονται μεταξύ τους.
 Αφρική
 Κυνηγός
 Ανατολική Ευρώπη
 τάφος
 Νεολιθική εποχή
 εργαλείο
 Τροφή
 οικισμός
 λιμναίος οικισμός
",history,10,5,4.982505327701801,0.0371595576521579,4,4.360518271103501,0.0428896733810461,2,1.999983402588441,1.634369848785203e-05,3,3.022709480157573,0.0246663193914218,3,2.9915963221169477,0.027667094270372,3,2.974093416077366,0.0097121283680708,3,3.856955560389906,0.0710624573915177,,3,3.2063113956246525,0.0806434786411173,7.294144826964157,0.9,15.6,52.5,0.000957024
144,144,140,141,"ο νησί της Κύπρου, αφού γνώρισε πολλούς κατακτητές, κυριεύθηκε τελικά από τους Οθωμανούς Τούρκους (1571). Το 1878 η Τουρκία παραχώρησε την Κύπρο στη Βρετανία, που την
 διοίκησε ως αποικία της. Ωστόσο, οι Ελληνοκύπριοι δεν έπαψαν να επιθυμούν την ελευθερία
 τους και να αγωνίζονται για την ένωση του νησιού με την Ελλάδα.
 Μετά το τέλος του Β΄ Παγκοσμίου Πολέμου τόσο οι Κύπριοι όσο και οι ελληνικές Κυβερνήσεις άρχισαν να ζητούν επιτακτικά την ένωση, οργανώνοντας διαμαρτυρίες και συλλαλητήρια και
 προσφεύγοντας ακόμη και στον Οργανισμό Ηνωμένων Εθνών (Ο.Η.Ε.). Ηγέτης του κυπριακού
 αγώνα ήταν ο αρχιεπίσκοπος του νησιού Μακάριος.
 Για ν’ απαλλαγούν από τη βρετανική κυριαρχία, οι Κύπριοι ξεκίνησαν ένοπλο απελευθερωτικό αγώνα. Το 1955 ανέλαβε στρατιωτική και πολιτική δράση η Εθνική Οργάνωση Κυπρίων Αγωνιστών (Ε.Ο.Κ.Α.), με αρχηγό τον απόστρατο αξιωματικό του ελληνικού στρατού Γεώργιο Γρίβα
 (Διγενή), έχοντας τη συναίνεση του Μακαρίου. Αντιδρώντας, το ίδιο έτος οι Τούρκοι λεηλάτησαν
 και κατέστρεψαν στην Κωνσταντινούπολη χιλιάδες ελληνικά καταστήματα και δεκάδες εκκλησίες
 (Σεπτεμβριανά).
 Η δράση της Ε.Ο.Κ.Α. αλλά και η γενικευμένη ταραχή ανάγκασαν τους Βρετανούς να αποδεχθούν την ανεξαρτησία της Κύπρου, με την προϋπόθεση να δημιουργήσουν δύο στρατιωτικές
 βάσεις στο νησί. Το 1960 η Κύπρος κηρύχθηκε ανεξάρτητη με τις συμφωνίες της Ζυρίχης και του
 Λονδίνου, ενώ η Ελλάδα και η Τουρκία είχαν το δικαίωμα να διατηρούν εκεί μικρές μονάδες
 στρατού. Πρώτος Πρόεδρος της Κυπριακής Δημοκρατίας εκλέχθηκε ο αρχιεπίσκοπος Μακάριος.
 Τα προβλήματα έμελλε να συνεχιστούν, καθώς οι Τουρκοκύπριοι, αν και μειοψηφία στο
 νησί, ζητούσαν όλο και μεγαλύτερα προνόμια. Το 1963 ξέσπασαν ταραχές ανάμεσα στις δύο
 κοινότητες. Κλήθηκαν τότε στην Κύπρο στρατιώτες του Ο.Η.Ε., οι οποίοι παρέμειναν έκτοτε επί
 τόπου, χωρίς όμως να κατορθώσουν να βάλουν τέλος στις συγκρούσεις.
 Το 1967 ανακλήθηκε από την Κύπρο, με εντολή της δικτατορίας των Αθηνών, η ελληνική
 μεραρχία που είχε σταλεί στη Μεγαλόνησο. Οι σχέσεις του Μακαρίου με τους δικτάτορες μοιραία
 επιδεινώθηκαν. Το 1974 η ελληνική χούντα ανέτρεψε με πραξικόπημα τον Μακάριο. Αμέσως
 μετά τουρκικά στρατεύματα, με το πρόσχημα της προστασίας της τουρκικής μειονότητας, εισέβαλαν στο νησί και κατέλαβαν το βόρειο τμήμα του (σχέδιο Αττίλας). Η Εθνική Φρουρά της Κύπρου
 αντιστάθηκε στη στρατιωτική μηχανή της Τουρκίας, δίνοντας σκληρές μάχες και προσμετρώντας
 στο τέλος πληθώρα νεκρών, τραυματιών και αγνοουμένων.
 Οι Τούρκοι κατέλαβαν το 37% της Κύπρου εκδιώκοντας τους Ελληνοκύπριους, που κατέφυγαν στο ελεύθερο τμήμα του νησιού για να σωθούν. Ταυτόχρονα, μετέφεραν εποίκους από την
 Τουρκία προς μόνιμη εγκατάσταση, αλλοιώνοντας έτσι την πληθυσμιακή σύνθεση του νησιού.
",history,6,7,7.490723226192983,0.0584176938524163,6,6.024660455094092,0.0104855408866822,4,3.989020335170082,0.0048656420582307,5,5.2115405442095835,0.0620810229727016,4,4.210438554298889,0.0512413954031928,3,3.4378381449209883,0.0550503745028085,8,7.592568532401078,0.0596565227909718,7.893308363989206,7,6.95274040975346,0.0153062895576345,7.999286718269445,2.6,14.5,54.76190476190476,0.001094904
145,145,255,256,"Η Αφροδίτη από τη
 Ρόδο (γύρω στο 100
 π.Χ.). Μαρμάρινο
 πρωτότυπο αγαλμάτιο
 που παριστάνει τη
 θεά να έχει μόλις
 αναδυθεί από τη
 θάλασσα και να
 στραγγίζει τα μακριά
 βρεγμένα μαλλιά της.
 Η λεία επιδερμίδα
 και το κλασικό
 κάλλος σώματος
 και προσώπου
 μαρτυρούν μία
 ακόμη καλλιτεχνική
 τάση της εποχής,
 την κλασικιστική που
 εμπνέεται από τα
 κλασικά έργα του 5ου
 και 4ου αιώνα π.Χ.
",history,10,8,7.979664827348643,0.0079898789873153,6,6.099854231108111,0.0810840949571621,4,3.9740542142236563,0.0096792392577611,7,6.993907390847198,0.0029290830681415,4,3.658139921068141,0.0619290597392556,3,2.997836177607997,0.0012671175760439,8,7.9043961686729745,0.0254004278347286,7.042083697939859,7,6.997733388764573,0.0013150754522893,7.9976999936225255,4.3,12.5,39.55211267605634,0.001078814
146,146,46,47,"Καμαραϊκό
 κύπελλο με
 ολόγλυφα άνθη.
 Χαρακτηριστικό των
 καμαραϊκών αγγείων
 είναι η πολυχρωμία:
 κόκκινο, κίτρινο, λευκό.
 Μερικά είχαν πολύ
 λεπτά τοιχώματα
 που θυμίζουν
 κέλυφος αυγού
 (ωοκέλυφα).
 (Μουσείο Ηρακλείου).
",history,10,7,6.997920097064224,0.0062937483620958,4,3.999357191615673,0.0005244447775402,2,2.49998991291136,0.0556694946088351,7,6.916337713277244,0.0212683048950033,3,2.877247934926345,0.0471491096234401,2,2.0202666647951446,0.00803150266897,7,6.783097466696347,0.0540705756523702,7.998071257803161,7,6.993950735124315,0.0027927504036653,7.997334840924566,-0.4,15.5,48.97368421052632,0.000785068
147,147,11,12,"ατά την Αμερικανική Επανάσταση, οι άποικοι του Νέου Κόσμου εξεγέρθηκαν εναντίον
 των Βρετανών διεκδικώντας την ανεξαρτησία τους και σχημάτισαν τις Ηνωμένες Πολιτείες
 της Αμερικής (ΗΠΑ). Οι φιλελεύθερες ιδέες και τα αιτήματα των επαναστατών εκφράστηκαν
 στη Διακήρυξη της Αμερικανικής Ανεξαρτησίας. Οι Αμερικανοί επαναστάτες ήταν εναντίον
 του θεσμού της βασιλείας. Οι ιδέες τους επηρέασαν διάφορα επαναστατικά κινήματα σε όλο
 τον κόσμο.
 Η Γαλλική Επανάσταση ξέσπασε σε μια εποχή που η μεγάλη οικονομική κρίση και
 η κοινωνική ανισότητα ταλαιπωρούσαν τη γαλλική κοινωνία. Ιδιαιτέρα οι αγρότες ζούσαν
 σε κατάσταση απόλυτης φτώχειας και δεν είχαν καθόλου πολιτικά δικαιώματα. Ο βασιλιάς
 Λουδοβίκος ΙΣΤ΄, για να κατανείμει δικαιότερα τους φόρους ανάλογα με το εισόδημα του
 καθενός, συγκάλεσε στο Παρίσι τη Γενική Συνέλευση των Τριών Τάξεων, με τη συμμετοχή
 των κληρικών, των ευγενών και των αστών. Οι αντιπρόσωποι της «τρίτης τάξης», οι αστοί,
 ξεσηκώθηκαν διεκδικώντας την εξουσία. Ο γαλλικός λαός, εξοργισμένος, κατέλαβε το βασιλικό μεσαιωνικό φρούριο της Βαστίλης. Αλλά και στην ύπαιθρο οι χωρικοί εξεγέρθηκαν και
 έκαψαν τις κατοικίες των μεγαλοϊδιοκτητών.
 Η Γαλλική Επανάσταση πέρασε από τρία στάδια. Στο πρώτο κυριαρχούσαν οι μετριοπαθείς και φιλελεύθερες απόψεις. Τότε, η πρώτη Εθνοσυνέλευση ψήφισε τη «Διακήρυξη των
 Δικαιωμάτων του Ανθρώπου και του Πολίτη», ένα κείμενο που εξέφραζε φιλελεύθερες ιδέες,
 όπως η ελευθερία, η ισότητα και η αδελφοσύνη. Σύμφωνα με τη διακήρυξη, η εξουσία πηγάζει από το έθνος και όχι από τον μονάρχη. Την περίοδο αυτή η εκκλησιαστική περιουσία δόθηκε στο κράτος και καταργήθηκαν κάποιοι φόροι. Η χώρα χωρίστηκε σε νομούς, επαρχίες
 και κοινότητες. Επίσης, το 1791 ψηφίστηκε φιλελεύθερο σύνταγμα που περιόρισε τις εξουσίες του βασιλιά προς όφελος του Κοινοβουλίου. Δικαίωμα ψήφου όμως δόθηκε μόνο στους
 «ενεργούς» πολίτες, δηλαδή σε όσους πλήρωναν φόρους, ενώ αποκλείσθηκαν οι γυναίκες.
 Κατά το δεύτερο στάδιο η εξουσία πέρασε στα χέρια ακραίων ριζοσπαστών, οι οποίοι
 επέβαλαν καθεστώς τρομοκρατίας. Την περίοδο αυτή χιλιάδες Γάλλοι πολίτες εκτελέστηκαν,
 ως εχθροί του λαού, ενώ την ίδια τύχη είχαν ο βασιλιάς Λουδοβίκος και η βασίλισσα Αντουανέτα.
 Στην τρίτη φάση της επανάστασης επικράτησαν και πάλι οι μετριοπαθείς. Εξαιτίας όμως
 των δυσκολιών που αντιμετώπιζε η χώρα, η εξουσία παραχωρήθηκε στον Ναπολέοντα Βοναπάρτη. Ο Ναπολέων, ο οποίος έγινε τελικά αυτοκράτορας, προχώρησε σε πολλές μεταρρυθμίσεις στο εσωτερικό της Γαλλίας. Παράλληλα συνέχισε μια σειρά από πολέμους εναντίον
 των εχθρών της Γαλλίας, που κράτησαν περισσότερο από είκοσι χρόνια. Στο διάστημα αυτό
 ο Ναπολέων κατέλαβε το μεγαλύτερο μέρος της Ευρώπης φτάνοντας μέχρι τη Ρωσία. Οι πόλεμοι τελείωσαν το 1815 με την ήττα του Ναπολέοντα στο Βατερλό. Οι ιδέες και τα μηνύματα
",history,6,8,7.209547246472837,0.085697777029994,6,6.3811592301207725,0.0543977304909247,4,3.998301210497175,0.0010096857696945,5,4.776706642521276,0.0630670010582143,4,3.9774700726775336,0.063274204068573,3,3.067546803226435,0.0198571849063007,6,6.590021055201337,0.0697798712360369,7.974041243114129,6,6.025199783129864,0.0539607183298072,7.14804551402392,2.0,13.7,52.43199164457299,0.001009938
148,148,56,57,"παράθεμα 1 Αλίμονο στους Αθηναίους
 Στον βασιλιά των Περσών, τον Δαρείο,
 έφτασε η είδηση πως οι Σάρδεις έπεσαν
 στα χέρια των Αθηναίων και των Ιώνων.
 Αυτοί παρέδωσαν την πόλη στις φλόγες.  
 Μόλις λοιπόν πληροφορήθηκε ο Δαρείος
 τα νέα, ρώτησε να μάθει ποιοι ήταν αυτοί οι
 Αθηναίοι. Στη συνέχεια ζήτησε το τόξο
 του, έβαλε ένα βέλος και τόξεψε ψηλά
 στον ουρανό. Την ίδια στιγμή παρακάλεσε
 τον Δία να τον βοηθήσει να εκδικηθεί τους
 Αθηναίους. Τέλος πρόσταξε έναν υπηρέτη του, κάθε φορά που του στρώνει το
 τραπέζι, να του λέει τρεις φορές: «Βασιλιά
 μου, μην ξεχνάς τους Αθηναίους».
   Ηρόδοτος, Ιστορία, Ε ´, 105 (διασκευή)
",history,4,6,6.399482983698121,0.0569396696438294,4,5.648476521655539,0.1164798830526872,3,3.000001671447535,2.4233650023099616e-05,4,4.0074829066813855,0.0036895552705438,4,3.8387768908723956,0.0569931097364756,3,2.9994752361408246,0.0044764968318664,6,6.009683737473097,0.0045481635141048,7.952573006097396,5,4.740121791614001,0.0635136721630811,7.0007350438972935,1.8,9.6,37.05714285714286,0.000862148
149,149,16,17,"το φοινικικό
 αλφάβητο:
 έτσι ονο‑
 μαζόταν το
 αλφάβητο που
 χρησιμοποιούμε σήμερα.
 Οι ειδικοί
 επιστήμονες
 έχουν τη
 γνώμη ότι τα
 περισσότερα
 γράμματα τα
 πήραμε παλιά
 από τους
 Φοίνικες.
",history,4,5,5.019474573004118,0.0073142590860697,4,4.001727823830152,0.0007724817144898,2,2.0000375130319608,4.818491680362376e-05,7,6.366624078335008,0.0633987556217158,3,2.9702581951833054,0.0458494216810337,2,2.320825198772468,0.0503935095803703,6,6.10243461610844,0.0932929424194465,7.984094997582588,7,6.9249376301740995,0.0166196486388336,7.9994370312892045,1.5,12.2,48.333333333333336,0.000995035
150,150,96,97,"B Οι πηγές αφηγούνται...
 1. Επιστολή του Ιωάννη Καποδίστρια προς τον Αδαμάντιο Κοραή, Αγκόνα, 2 Δεκεμβρίου 1827
 «Να είσαι βέβαιος ότι πάω στην Ελλάδα με σκοπούς σαφείς οι οποίοι, εάν λάβουν τη βοήθεια των
 ομογενών μας και σε κάποιο βαθμό των περιστάσεων, μπορούν να αποδείξουν, ελπίζω, ορθή την καλή
 σου γνώμη για μένα. Σου εύχομαι λοιπόν, άνδρα σεβάσμιε, υγεία και μακροβιότητα για να κρίνεις τους
 σκοπούς μου αυτούς, και – τολμώ να πω – για να χαρείς τους καρπούς τους. Ωστόσο, πρόσφερε τη βο­
 ήθειά σου στα σχολεία, τα οποία εδρεύουν προσωρινά στην Τεργέστη, τη Βενετία και την Αγκώνα, προς
 όφελος των Ελληνοπαίδων, τα οποία έριξαν στα παράλια της Αδριατικής οι συμφορές της πατρίδας».
 Αδαμάντιος Κοραής, Αλληλογραφία, επιμέλεια Κ.Θ. Δημαράς, τόμ. 6, Αθήνα 1984, σσ. 64-65.
 (Απόδοση στα νέα ελληνικά)
",history,6,8,7.999229615417789,0.0006971672762634,6,5.855960009219302,0.0575734791940416,4,4.000009375447007,2.011330069726972e-05,6,5.924912507358158,0.0735323134458776,3,3.3902568571156735,0.0569381427840395,3,3.148024376068406,0.0336993200295056,8,8.000154466538305,0.0005812866503786,7.000549251657958,7,6.95266768459976,0.0153193073536018,7.998058712641068,3.3,12.5,41.84739263803681,0.000788855
151,151,12,13,"παράθεμα 2 Οι δώδεκα θεοί του Ολύμπου
 Δίας: ο μεγαλύτερος από τους δώδεκα θεούς, κυρίαρχος του ουρανού, της γης και της θάλασσας. Σύμβολό
 του ήταν ο φοβερός κεραυνός.
 Ήρα: η σύζυγος του Δία, προστάτευε τον γάμο.
 Ποσειδώνας: αδελφός του Δία, ο θεός της θάλασσας.
 Σύμβολό του ήταν η τρίαινα.
 Αθηνά: κόρη του Δία, γεννήθηκε από το κεφάλι του.
 Ήταν η θεά της σοφίας και της εργασίας. Σύμβολά της
 ήταν η περικεφαλαία, το κοντάρι και η ασπίδα.
 Απόλλωνας: γιος του Δία και της Λητώς, θεός της μουσικής και της μαντικής.
 Άρτεμη: δίδυμη αδελφή του Απόλλωνα, θεά του φεγγαριού, του κυνηγιού και των  δασών.
 Ήφαιστος: γιος του Δία και της Ήρας, θεός της φωτιάς
 και της μεταλλοτεχνίας. Οι αρχαίοι πίστευαν πως ήταν
 κουτσός.
 Άρης: γιος του Δία και της Ήρας, θεός του πολέμου.
 Αφροδίτη: θεά της γυναικείας ομορφιάς.
 Δήμητρα: αδελφή του Δία, θεά της γεωργίας.
 Εστία: αδελφή του Δία, προστάτευε την οικογενειακή
",history,4,5,4.998854828751178,0.0008739822169224,4,4.053922725477605,0.0109191977853774,2,2.000058161198929,5.048411086462403e-05,4,3.989806295429844,0.0055994238301248,3,3.0865644332629927,0.0412270283705291,3,2.939932276461299,0.0182621022448878,5,5.29437550752823,0.0488277076862447,7.992422018073,4,4.035109049857056,0.0142269839623625,7.119191954478083,-0.2,6.7,32.92763157894737,0.000756483
152,152,123,124,"B Οι πηγές αφηγούνται...
 1. Διάγγελμα του Ελευθερίου Βενιζέλου προς τον λαό της Σμύρνης με αφορμή την αποβίβαση του ελληνικού στρατού, Μάιος 1919
 «Η κατάλληλη στιγμή έφτασε. Η Ελλάδα κλήθηκε από το Συνέδριο της Ειρήνης να καταλάβει τη Σμύρνη για
 να εξασφαλίσει την τάξη. Οι ομογενείς καταλαβαίνουν ότι η απόφαση αυτή πάρθηκε γιατί στη συνείδηση
 αυτών που διηύθυναν το Συνέδριο είναι αποφασισμένη η ένωση της Σμύρνης με την Ελλάδα. Έχοντας διατελέσει μέχρι τους Βαλκανικούς Πολέμους υπόδουλος κάτω από τον ίδιο σκληρότατο ζυγό, γνωρίζω ποια
 αισθήματα χαράς θα πλημμυρίσουν σήμερα τις ψυχές των Ελλήνων της Μικρασίας. Την έκφραση των αισθημάτων αυτών δε σκοπεύω, βεβαίως, να παρεμποδίσω. Αλλά είμαι βέβαιος ότι η έκφραση αυτή δε θα λάβει
 κανένα χαρακτήρα ούτε εχθρικότητας, ούτε υπεροψίας απέναντι στους σύνοικους πληθυσμούς».
 (απόδοση στα νέα ελληνικά)
 2. Οι Τούρκοι μπαίνουν στη Σμύρνη
 «Γύρω στις 11 το πρωί της 9ης Σεπτεμβρίου του 1922 άκουσα από το δρόμο ουρλιαχτά τρομοκρατημένων
 ανθρώπων. Βγήκα στην εξώπορτα του προξενείου και είδα ένα πλήθος πανικόβλητων κατοίκων της
 πόλης να τρέχουν αλαφιασμένοι προς το προξενείο για να ζητήσουν άσυλο. Τους σταμάτησαν οι
 ναύτες που φρουρούσαν το οίκημα, αλλά ο κόσμος συνέχιζε να φωνάζει υστερικά. Έριξα μια ματιά
 από την ταράτσα του κτιρίου που είχε θέα σε όλη την προκυμαία και διαπίστωσα την αιτία που είχε
 προκαλέσει τον πανικό: ήταν το τουρκικό ιππικό».
 Τζορτζ Χόρτον, Αναφορικά με την Τουρκία, Αθήνα 1992, σ. 146.
",history,6,7,7.434916652097058,0.0560991740138457,6,6.478461721548186,0.0618866570719244,4,3.999942746908573,5.1634701165431015e-05,6,5.826047322712554,0.0604595553125684,3,3.097631392083713,0.0374345455789568,3,2.5930246455646966,0.0544533196746232,7,7.431687285553835,0.0570249201131641,7.9820060544720945,7,6.755625764864817,0.0484593515653347,7.999373063228575,3.0,12.9,47.84362934362935,0.001013071
153,153,24,25,"αθώς οι Οθωμανοί Τούρκοι επέκτειναν την κυριαρχία τους στη Βαλκανική Χερσόνησο,
 είχαν να αντιμετωπίσουν διάφορες εξεγέρσεις από ομάδες Ελλήνων που συνέχιζαν την
 παράδοση των πολεμιστών του Βυζαντίου.
 Ένας από τους σημαντικότερους πολεμιστές ήταν ο Κορκόδειλος Κλαδάς, ο οποίος
 είχε για ορμητήριο του τη Μάνη, μια από τις λίγες περιοχές που δεν υποτάχθηκαν στους
 Τούρκους. Οι Μανιάτες ήταν ορεσίβιοι, που «αγρυπνούν νύχτα μέρα για να διατηρήσουν
 την ελευθερία τους και δεν εννοούν να αναγνωρίσουν κανένα ηγεμόνα επί της γης», όπως
 τους περιέγραψε Γάλλος περιηγητής.
 Άλλοι ένοπλοι Έλληνες κατά την περίοδο της Τουρκοκρατίας ήταν οι Κλέφτες. Οι κλέφτες ζούσαν στην ύπαιθρο και είχαν τα λημέρια τους σε δύσβατα μέρη. Ήταν οργανωμένοι
 σε μικρές ομάδες, η καθεμιά με τον καπετάνιο της και το δικό της μπαϊράκι. Βασικό χαρακτηριστικό των κλεφτών ήταν η εχθρότητα που ένιωθαν για τους Τούρκους και γενικά για
 την εξουσία, στοιχείο που τους έκανε αγαπητούς στον λαό. Έτσι, οι κλέφτες έγιναν σύμβολο
 της αντίστασης των υπόδουλων Ελλήνων ενάντια στους κατακτητές.
 Προκειμένου να αντιμετωπίσουν τους κλέφτες και να αποκαταστήσουν την ασφάλεια
 στην ύπαιθρο, οι Οθωμανοί Τούρκοι χρησιμοποιούσαν ένοπλους Έλληνες, πρώην κλέφτες, τους αρματολούς. Ωστόσο οι Αρματολοί, παρόλο που ήταν βοηθητικά στρατεύματα
 των Τούρκων, συνεργάζονταν συνήθως με τους κλέφτες. Παρατηρήθηκε έτσι το φαινόμενο,
 ιδιαίτερα κατά τους τελευταίους αιώνες της Τουρκοκρατίας, πολλοί αρματολοί να εγκαταλείπουν τις θέσεις τους και να προσχωρούν στις τάξεις των κλεφτών.
 Φημισμένοι αρματολοί ήταν ο Γεώργιος Ανδρίτζος, ο Κατσαντώνης στη Ρούμελη, ο
 Νικοτσάρας στον Όλυμπο, οι Σουλιώτες Γεώργιος Μπότσαρης και Λάμπρος Τζαβέλλας και
 πολλοί άλλοι. Αρκετοί από τους γιους, τους συγγενείς ή τα πρωτοπαλίκαρά τους συμμετείχαν αργότερα στη Μεγάλη Επανάσταση του 1821.
",history,6,8,7.920287303035366,0.0227108810672143,7,6.56289066371755,0.0555513137465398,4,3.9975286571509514,0.0013918018020544,5,5.163110974509209,0.0511365398627001,3,3.224835034857506,0.0443410134412674,3,3.0140642382584133,0.0059389544895076,8,7.591496507926422,0.0635814331475497,7.268937361137773,7,6.943905337811884,0.0175612341135743,7.996398625160964,4.1,16.5,58.536389536389535,0.001198585
154,154,95,96,"Καποδίστριας έφτασε στο Ναύπλιο, την πρώτη πρωτεύουσα του ελληνικού κράτους,
 αναλαμβάνοντας τη διακυβέρνηση μιας χώρας που έβγαινε από πολύχρονο αγώνα
 ενώ οι κάτοικοί της και ιδιαίτερα οι πρόσφυγες ήταν εξαθλιωμένοι.
 Ο Κυβερνήτης επιχείρησε να οργανώσει το κράτος, βελτιώνοντας τη διοίκηση και την
 οικονομία του. Προκειμένου να πετύχει το στόχο του, συγκέντρωσε όλες τις εξουσίες στο
 πρόσωπο του αναβάλλοντας για δύο χρόνια τη σύγκληση της Δ΄ Εθνοσυνέλευσης, που
 τελικά πραγματοποιήθηκε στο Άργος. Επίσης, για να διευκολύνει τις συναλλαγές, ίδρυσε
 Εθνική Τράπεζα και έκοψε νομίσματα (φοίνικας) που αντικατέστησαν τα τουρκικά γρόσια.
 Ο Καποδίστριας, επειδή πίστευε ότι η πρόοδος της χώρας στηριζόταν στη γεωργία,
 ίδρυσε Γεωργική Σχολή στην Τίρυνθα για την εκπαίδευση των Ελλήνων αγροτών, εισήγαγε
 την καλλιέργεια της πατάτας και στήριξε την παραγωγή μεταξιού. Παράλληλα, αναπτύχθηκαν το εμπόριο και η ναυτιλία και οργανώθηκε τακτικός στρατός.
 Ιδιαίτερη βαρύτητα δόθηκε στη βασική εκπαίδευση των Ελλήνων. Αρμόδια Επιτροπή
 ανέλαβε τη σύνταξη βιβλίων και τη δημιουργία αλληλοδιδακτικών σχολείων, στα οποία οι
 καλύτεροι μαθητές των μεγαλύτερων τάξεων μάθαιναν στους μικρότερους με τη βοήθεια
 του δασκάλου γραφή και ανάγνωση. Ιδρύθηκε επίσης το πρώτο ελληνικό Γυμνάσιο, ενώστο Ορφανοτροφείο της Αίγινας λειτούργησαν αλληλοδιδακτικά, ελληνικά και χειροτεχνικά
 σχολεία. Στην Αίγινα λειτούργησε και το Κεντρικό Σχολείο.
 Καθώς οι διαπραγματεύσεις με τις Μεγάλες Δυνάμεις της εποχής (Αγγλία, Γαλλία, Ρωσία) συνεχίζονταν, η χώρα δεν είχε ακόμη καθορισμένα σύνορα. Ο Κυβερνήτης χρησιμοποίησε το κύρος και την εμπειρία του στη διεθνή διπλωματία για να πετύχει την κατοχύρωση
 όσο το δυνατόν περισσοτέρων εδαφών στο ελληνικό κράτος, προτείνοντας να είναι εντελώς
 ανεξάρτητο και με δικό του ηγεμόνα. Προσπάθησε επίσης να κρατά επαναστατημένη την
 Κρήτη και τη Στερεά Ελλάδα, προκειμένου οι περιοχές αυτές να συμπεριληφθούν στο νέο
 κράτος. Στην τελευταία μάχη της Επανάστασης, που δόθηκε στην Πέτρα της Βοιωτίας τον
 Σεπτέμβριο του 1829, οι εξεγερμένοι Έλληνες με επικεφαλής τον Δημήτριο Υψηλάντη νίκησαν τους Τούρκους και τους ανάγκασαν να συνθηκολογήσουν. Μετά τη σημαντική αυτή
 νίκη, η Λειβαδιά και ουσιαστικά ολόκληρη η Στερεά Ελλάδα παραδόθηκε στους επαναστάτες.
 Η συγκεντρωτική διακυβέρνηση του Καποδίστρια και η σύγκρουσή του με πολλά τοπικά συμφέροντα προκάλεσαν τη δυσαρέσκεια πολιτικών ομάδων, που αντέδρασαν στην
 πολιτική του. Στις 27 Σεπτεμβρίου του 1831 ο Καποδίστριας δολοφονήθηκε στο Ναύπλιο,
 με αποτέλεσμα στη χώρα να επικρατήσει αναρχία.
",history,6,8,7.769057876862718,0.0465169130881157,6,6.0319449593683805,0.0123990635591812,4,3.9986761399941315,0.0008130437888406,5,5.147932832953984,0.0552566537390623,4,3.9059284256072715,0.0574809055413886,3,3.095355640567277,0.0252811628541185,8,7.406738869831798,0.0769288202280835,7.348640993624997,7,6.688473349903717,0.0549250331946019,7.997523508485756,4.4,17.9,60.99471908464135,0.001232883
155,155,207,208,"–το ευρύ κοινό– απεικονίζονταν
 και σκηνές από την καθημερινή
 ζωή στο σπίτι, στο σχολείο, στο
 γυμναστήριο, στο εργαστήριο.
 Η κλασική τέχνη επηρέασε
 έντονα την ευρωπαϊκή και παγκόσμια τέχνη διαμέσου της Ρωμαϊκής
 αυτοκρατορίας που τη διέδωσε σε
 ολόκληρη τη Μεσόγειο, στη Βόρεια
 Αφρική και την Εγγύς Ανατολή.
 Οι Ευρωπαίοι αρχιτέκτονες από
 την εποχή της Αναγέννησης μέχρι
 σήμερα υιοθετούν τις δωρικές,
 τις ιωνικές και τις κορινθιακές
 κιονοστοιχίες που περιβάλλουν
 τα οικοδομήματα, τα αετώματα
 στις στέγες, τον πλούσιο γλυπτό
 διάκοσμο. Στη γλυπτική μεγάλοι
 δημιουργοί εμπνέονται από τα
 κλασικά αγάλματα και ανάγλυφα
 και το ίδιο συμβαίνει και στη
 μεγάλη ζωγραφική αλλά και στη
 μικροτεχνία*. Αυτή η τάση
 απομίμησης της κλασικής τέχνης,
 που σε ορισμένες εποχές, όπως
 π.χ. ο 19ος αιώνας, ήταν πολύ
 έντονη και σφράγισε την καλλιτεχνική δημιουργία εκείνης της
",history,10,8,7.995437784025512,0.0024081842609225,7,7.027536036755805,0.0169736970305056,4,3.998685033442598,0.0008216029089187,7,6.999930224206835,8.806884227940906e-05,4,4.080571231939757,0.0715192756523549,4,3.7063548524238286,0.0489432608180552,8,7.979694260813318,0.0081333756874985,7.067542724172256,7,6.9999275135629375,0.0001266893886896,7.997165043336281,4.4,16.1,55.94444444444444,0.001201439
156,156,266,267,"Πλούταρχος, Πλωτίνος), γιατροί (Γαληνός) συνεχίζουν την καλλιέργεια και προαγωγή όλων
 των επιστημών μέσα στις νέες πολιτικές και οικονομικές συνθήκες. Πολλοί από αυτούς
 έζησαν στη Ρώμη και έβαλαν τη σφραγίδα τους στην πνευματική ζωή της αυτοκρατορίας.
 Ακόμα προφανέστερη είναι η ελληνική επιρροή στην τέχνη της ελληνορωμαϊκής περιόδου. Οι
 πλούσιοι και ισχυροί Ρωμαίοι είχαν αρχίσει από τον 2ο αιώνα π.Χ. να συγκεντρώνουν πρωτότυπα
 ελληνικά έργα τέχνης ή να παραγγέλνουν αντίγραφα ονομαστών έργων για να στολίσουν τους
 ναούς, τα δημόσια κτίρια και τις επαύλεις τους. Νέες δημιουργίες της εποχής παρατηρούνται
 στην αρχιτεκτονική και στην τέχνη του πορτρέτου. Όμως και αυτές οι δημιουργίες αποτελούν
 συνέχεια και εξέλιξη των επιτευγμάτων της κλασικής και ελληνιστικής εποχής.
 Αρχιτεκτονική: Στην αρχιτεκτονική νέα,
 ελαφριά και πιο εύπλαστα υλικά, όπως
 τα τούβλα –οπτές πλίνθοι– και χυτό
 τσιμέντο αντικαθιστούν συχνά τον λίθο και
 έτσι διευκολύνεται η κατασκευή μεγάλων
 οικοδομών που στεγάζονται με θόλους
 και καμάρες. Οι ίδιοι αρχιτεκτονικοί
 ρυθμοί συνεχίζονται σε πολύπλοκους
 συνδυασμούς που ανταποκρίνονται
 ικανοποιητικότερα στο «αυτοκρατορικό»
 πνεύμα του μεγάλου και ισχυρού κράτους.
 Μεγάλες πλατείες που περιβάλλονται από
",history,10,8,7.991754726412552,0.0042047633540593,8,7.851747427673061,0.0338079137439666,4,3.9999997640989022,3.6177732474203154e-05,7,6.991754979986126,0.003820259135293,4,4.399763615058873,0.0775672390760313,4,3.7551046990022314,0.0448328298174139,8,7.967233791225283,0.012006088619057,7.075852754718596,7,6.99972012284519,0.0002481838381223,7.998488167710093,2.8,16.5,55.22565445026178,0.001115695
157,157,42,43,"3. Ο Κολοκοτρώνης γράφει για τα επαναστατικά σχέδια των Ελλήνων
 «Εις τα 1805 πηγαίνω εις την Ζάκυνθον. Ο Αυτοκράτωρ Αλέξανδρος κάμνει πρόσκλησιν διά να γραφθούν οι Έλληνες εις τα στρατεύματα. Κάμνομεν όλοι μία αναφορά, Σουλιώται, Ρουμελιώται και Πελοποννήσιοι, εις τον Αυτοκράτορα και του ζητούμεν βοήθειαν διά να ελευθερώσωμεν τον τόπον μας.
 Ο Αναγνωσταράς ενήργησε να γίνη η αναφορά... Ομιλώ με τον Αρχηγόν των Ρωσικών στρατευμάτων και με λέγει, ότι ο Αυτοκράτωρ τον διέταξε να παραδεχθή* εις την δούλευσιν* όσους θέλουν
 να έμβουν* και να υπάγουν* να κτυπήσουν τον Ναπολέοντα. Του αποκρίνομαι: “Όσον διά το
 μέρος μου, δεν εμβαίνω εις την δούλευσιν. Τι έχω να κάμω με τον Ναπολέοντα; Αν θέλετε όμως
 στρατιώτας διά να ελευθερώσωμεν την πατρίδα μας σε υπόσχομαι και πέντε και δέκα χιλιάδας
 στρατιώτας. Μια φορά εβαπτισθήκαμεν με το λάδι, βαπτιζόμεθα και μιαν με το αίμα και άλλην
 μιαν διά την ελευθερίαν της πατρίδος μας”».
 Κολοκοτρώνη Απομνημονεύματα, Καταγραφή Γ. Τερτσέτη, επιμέλεια Τάσος Βουρνάς, Αθήνα 1983, σσ.
 44-45.
 * να παραδεχθή = να δεχθεί
 * εις την δούλευσιν = στην υπηρεσία του
 * να έμβουν = να μπουν
 * να υπάγουν = να πάνε
",history,6,6,6.5067345945159065,0.0671309178787987,3,3.122550592757761,0.017518065623151,4,3.9399066248836334,0.0182535681038051,5,5.127525580693813,0.0333707484182306,3,3.087970890410361,0.028633780793555,3,3.0000584540538853,5.12485316927702e-05,6,6.014777133069117,0.0059604388187377,7.962672645415324,6,6.2938999750548135,0.0784128609343378,7.085094921815198,2.5,11.9,45.964970809007504,0.001003335
158,158,155,156,"Αρχίδαμος,
 βασιλιάς της
 Σπάρτης:
 μαρμάρινο
 αντίγραφο
 ρωμαϊκών χρόνων.
 (Μουσείο
 Ερκολάνου, Ιταλία).
 Η προτομή
 εκφράζει την
 περίσκεψη
 αλλά και την
 αποφασιστικότητα
 του Σπαρτιάτη
 βασιλιά.
 Τα πρώτα
 έπη του
 πολέμου
",history,10,7,7.039400182391319,0.0153726313761856,4,4.001611607924133,0.0005626600229231,3,2.9995142039244627,0.000340514861716,7,6.994180449501954,0.0027813539987759,3,3.001838802853399,0.0410833743176324,3,2.939988175542929,0.0183040825129198,7,6.785419291492985,0.0627398845108144,7.996826153219956,7,7.00009717328847,0.0002737966755174,7.9995817679515255,-1.2,12.7,50.66666666666666,0.000671118
159,159,14,15,"η μυκηναϊκή
 τέχνη: η τέχνη
 που είχε
 αναπτυχθεί
 στις Μυκήνες,
 αλλά και σε
 άλλες περιοχές
 της χώρας πριν
 από την
 κάθοδο των
 Δωριέων.
",history,4,7,6.9989231487903965,0.0086050760448928,4,3.999943543454208,0.0001145270391785,3,2.8354736574419466,0.0359127282554871,7,6.892249435572921,0.023241381082301,3,2.927409911475479,0.0466531817345678,3,2.851953698905504,0.0336752875435963,8,7.658980035065554,0.0543737171505928,7.1192019075571125,7,6.970456638200176,0.0081632774894496,7.9993603144227095,5.2,12.2,45.230769230769226,0.001039939
160,160,238,239,"και αποφάσισαν να καλέσουν τον Αννίβα να
 επιστρέψει. Η μάχη που έκρινε την πορεία της
 φονικής διαμάχης δόθηκε στη Ζάμα (202 π.Χ.),
 όπου ο ρωμαϊκός στρατός με ηγέτη τον Σκιπίωνα
 εξήλθε νικητής. Εκεί για πρώτη φορά ο Αννίβας
 γεύτηκε την πίκρα της ήττας (202 π.Χ.).
 Οι Καρχηδόνιοι υποχρεώθηκαν να πληρώσουν
 μεγάλη πολεμική αποζημίωση και να καταστρέψουν
 τον στόλο τους. Αργότερα, όταν και πάλι η Καρχηδόνα άρχισε να αναπτύσσεται, προκάλεσε εκ
 νέου την οργή των Ρωμαίων, οι οποίοι και την
 «Μή μου τοὺς
 κατέστρεψαν από τα θεμέλια (146 π.Χ.).
 κύκλους τάραττε»
 Η Ρώμη ταυτόχρονα με τις κατακτήσεις της επιδόθηκε σε μια μεγάλη μεταρρυθμιστική
 (Φρανκφούρτη,
 Δημοτικό Ινστιτούτο προσπάθεια, την οποία ανέλαβαν οι αδελφοί Γάιος και Τιβέριος Γράκχος στα τέλη του 2ου
 Τέχνης). π. Χ. αιώνα. Η ρωμαϊκή δημοκρατία όμως από τα τέλη του 2ου μέχρι το τέλος του 1ου π.Χ.
 αιώνα συγκλονίστηκε από εμφύλιους πολέμους, μέσα από τους οποίους αναδεικνύονταν
 ισχυροί άνδρες, οι οποίοι κυριαρχούσαν προσωρινά. Τέτοιοι ήταν ο Μάριος, ο Σύλλας, ο
 Μάρκος Αντώνιος, ο Πομπήιος και ο Ιούλιος Καίσαρας. Στα χρόνια του Ιούλιου Καίσαρα,
 στρατηγού με εξαιρετικές ικανότητες, που όμως έπεσε θύμα συνωμοσίας και δολοφονήθηκε
 (44 π.Χ.), το ρωμαϊκό κράτος κατέκτησε ολόκληρη τη Νοτιοδυτική Ευρώπη. Στο τέλος,
 μετά από πολλούς αγώνες, επικράτησε στη Ρώμη ο θετός γιος του Καίσαρα, ο Οκταβιανός
 (γνωστός με την προσωνυμία Αύγουστος) που εγκαθίδρυσε ένα μοναρχικό πολίτευμα το
 οποίο με το πέρασμα του χρόνου εξελίχθηκε σε Αυτοκρατορία.
",history,10,8,7.816707860037823,0.0385258698103806,7,7.146387938785939,0.0345062797876464,4,3.9796684026427442,0.0079773446171749,7,6.033243739288537,0.0900117638085178,4,4.13220397963596,0.0818149677979048,3,3.0021731014767283,0.0012583302047864,8,7.629387026918724,0.0569546941356177,7.437820706744617,7,6.99667865597803,0.0017498757009291,7.996405353645514,3.2,13.2,43.818558409279206,0.000974204
161,161,139,140,"σκονταν στα Στενά. Έτσι, η Βρετανία υποστήριξε
 τα ελληνικά αιτήματα.
 Πράγματι, το συμβούλιο του Παρισιού έδωσε εντολή στην Ελλάδα, τον Απρίλιο του 1919, να στείλει
 στρατεύματά της στη Μικρά Ασία. Στις 2 Μαΐου 1919
 Έλληνες στρατιώτες αποβιβάστηκαν στη Σμύρνη και
 κατέλαβαν την πόλη και μια περιοχή περίπου 17.000
 τετραγωνικών χιλιομέτρων γύρω από αυτή.
 Οι Έλληνες της Μικράς Ασίας δέχτηκαν το γεγονός με ενθουσιασμό, ενώ οι Τούρκοι αντέδρασαν
 αρνητικά. Με ευθύνη και των δύο πλευρών σημειώθηκαν από την πρώτη στιγμή επεισόδια με νεκρούς και τραυματίες. Οι Ιταλοί, που είχαν καταλάβει εδάφη νότια της ελληνικής ζώνης, δυσαρεστήθηκαν, καθώς διεκδικούσαν και εκείνοι τη Σμύρνη.
 Σε αρκετές περιπτώσεις οι τουρκικές επιθέσεις
 εναντίον των ελληνικών δυνάμεων προέρχονταν
 από περιοχές που ήταν υπό ιταλική διοίκηση.
",history,12,7,7.128438843490926,0.0334513895898297,6,6.029140528466087,0.0676790701161585,3,3.294201145506804,0.0486714606298772,7,6.972992277007563,0.0084129112872061,4,4.040332363451853,0.042536423120628,3,3.1825647547534572,0.0382141822050895,7,6.785508035736029,0.0642463111833299,7.997815150192309,7,6.998843851467647,0.000750361991413,7.9995636062307085,1.4,12.5,51.68981481481482,0.00098081
162,162,99,100,"Ματιά στο παρελθόν
 Επαναστάσεις στην Ευρώπη
 Το 1830 ήταν μια χρονιά σημαντικών εξελίξεων, όχι μόνο
 σε ελληνικό αλλά και σε ευρωπαϊκό επίπεδο. Τον Ιούλιο
 στη Γαλλία ο λαός ξεσηκώθηκε λόγω της βαθύτατης οικο­
 νομικής, κοινωνικής και πολιτικής κρίσης. Οι μνήμες της
 Γαλλικής Επανάστασης του 1789 ξύπνησαν και οδήγησαν
 σε καθεστωτική αλλαγή και σε δημοκρατικές μεταρρυθμί­
 σεις. Ο απόηχος της επανάστασης στο Παρίσι έφτασε σε
 πολλά σημεία της Ευρώπης. Την ίδια χρονιά η Σερβία κέρ­
 δισε την αυτονομία της.
 Eυγένιος Ντελακρουά, Η Ελευθερία οδηγεί το λαό, Παρίσι,
 Μουσείο Λούβρου
",history,6,7,7.0649270553672,0.0259030159913051,7,6.762330378167064,0.0566945679632,4,3.9770236689627723,0.0087871714255168,6,6.044728715521217,0.0767524080924219,4,4.1465280931697635,0.0666718356534454,3,3.004070467589443,0.0021255488725897,6,6.439741301380039,0.0557317943173782,7.932452934196334,7,6.959032527478854,0.0137403536444678,7.99507500891923,1.9,11.9,44.90476190476191,0.000949056
163,163,20,21,"η ακρόπολη:
 η οχυρωμένη
 τοποθεσία σ’
 ένα ψηλό
 σημείο της
 πόλης.
 τα δημόσια
 κτίρια: τα
 κτίρια στα
 οποία
 λειτουργούν
 υπηρεσίες του
 κράτους.
",history,4,5,4.984803088387707,0.0080706709303356,4,3.9999543557291872,0.0001653319880378,2,1.9820238608359029,0.0072447672217531,7,6.625837469182443,0.050846455648198,2,2.332763968341169,0.0540639943601724,2,1.9929096744162962,0.0039115748636873,8,7.755920047990003,0.0278991458468724,7.053403747825087,7,6.982751916049892,0.0047863210340166,7.999837645472532,0.5,8.9,39.42592592592592,0.000843698
164,164,123,124,"του αυστριακού θρόνου Φραγκίσκος Φερδινάνδος από έναν νεαρό Σέρβο εθνικιστή (Ιούνιος 1914). Σχεδόν αμέσως η Αυστροουγγαρία κήρυξε τον πόλεμο στη Σερβία (Ιούλιος 1914). Η Ρωσία και η Γαλλία εκδήλωσαν τη συμπαράστασή τους
 στη Σερβία, ενώ η Γερμανία τάχθηκε στο πλευρό της Αυστροουγγαρίας. Στα επόμενα τέσσερα χρόνια έγιναν συνολικά
 εξήντα κηρύξεις πολέμων. Αυτός ήταν ο Μεγάλος Πόλεμος ή Α´ Παγκόσμιος πόλεμος, όπως ονομάστηκε αργότερα.
 Τα κύρια μέτωπα Οι Γερμανοί εισέβαλαν στο Βέλγιο και κινήθηκαν προς το Παρίσι, αλλά αποκρούστηκαν από τον γαλλικό στρατό (μάχη του Μάρνη). Αμέσως,
 η Βρετανία κήρυξε τον πόλεμο στη Γερμανία. Γερμανοί και Γάλλοι έσκαψαν σε
 μια γραμμή εκατοντάδων χιλιομέτρων
 (δυτικό μέτωπο) χαρακώματα, όπου οι
 συνθήκες ζωής ήταν τραγικές.
 Παράλληλα, η ρωσική προέλαση
 στην Α. Πρωσία ανακόπηκε από γερμανικές δυνάμεις. Εκεί διαμορφώθηκε το
 ανατολικό μέτωπο. Στα τέλη του 1914
 τα μέτωπα σταθεροποιήθηκαν. Τον
 Οκτώβριο του 1914 μπήκε στον πόλεμο
 και η Οθωμανική αυτοκρατορία στο
 2. Η ζωή στα χαρακώματα.
 πλευρό των Κεντρικών Δυνάμεων.
 «Τρως, πίνεις δίπλα στους νεκρούς, κοιμάσαι ανάμεσα στους ετοιμοθάνατους, γελάς και
 Συμμαχίες και ανακατατάξεις Το 1915
 τραγουδάς συντροφιά με τα πτώματα […]. Οι νεκροί ήταν χωμένοι στα τοιχώματα των χαη
 Βουλγαρία
 συμμάχησε με τις Κεντριρακωμάτων, κεφάλια, πόδια και κορμιά μισά, έτσι όπως τα είχανε παραμερίσει οι αξίνες
 και τα φτυάρια της ομάδας που έσκαβε». A. Horne, Ιστορία του 20ού αιώνα, σ. 578.
 κές Δυνάμεις, οι οποίες, έχοντας και τη
",history,12,8,7.988241440387846,0.0052170854547909,7,7.022641291402175,0.0090223311668325,4,3.999202862695256,0.0005319379526445,7,6.30543424017651,0.0837948981018768,4,4.2238473757306565,0.0675783021564199,4,3.9779327509732525,0.0093518977498279,8,7.877990883798141,0.0302179935534543,7.468788204495809,7,6.9887166701300885,0.0049367224071642,7.999088583153366,0.8,11.2,40.46241988735677,0.000855008
165,165,19,20,"B Οι πηγές αφηγούνται...
 1. Το Παιδομάζωμα
 «Ανάθεμά σε, βασιλιά, και τρις ανάθεμά σε,
 με το κακό οπόκαμες, και το κακό που κάνεις.
 Στέλνεις, δένεις τους γέροντας, τους πρώτους τους παπάδες
 Να μάσης παιδομάζωμα, να κάμης γενιτσάρους.
 Κλαιν’ οι γοναιοί τα παιδιά, κ’ οι αδελφές τ’ αδέλφια,
 Κλαίγω κ’ εγώ και καίγομαι και όσο θα ζω θα κλαίγω.
 Πέρσι πήραν τον γιόκα μου, φέτο τον αδελφό μου».
 Δημοτικό τραγούδι από την Ήπειρο
",history,6,8,7.997529691377007,0.0013957187179359,8,8.445603851323085,0.0659374926768166,3,3.2450957757365586,0.0447259065545726,7,6.922887374946356,0.0222790693235316,7,6.8949619360791985,0.0415870178741578,3,3.080512365217146,0.0407709663599953,8,7.999626686995896,0.0003539494853204,7.000091531052021,7,6.9943926104024285,0.0028004322674084,7.9871150356775615,0.9,7.5,34.815602836879435,0.000832873
166,166,89,90,"ως ικέτες στους βωμούς των
 θεών, θανατώθηκαν. Το ανόσιο
 αυτό έργο έμεινε στην ιστορία
 γνωστό ως «Κυλώνειο άγος».
 Η αναστάτωση στην Αθήνα
 κορυφώθηκε. Οι Μεγαρείς βρήκαν την ευκαιρία και κατέλαβαν
 τη Σαλαμίνα. Καθημερινά προβάλλονταν τα αιτήματα για την
 κατάργηση των χρεών και τη
 σύνταξη γραπτών νόμων. Οι
 νόμοι μέχρι τότε ήταν άγραφοι.
 Το γεγονός αυτό εμπόδιζε τη
 σωστή απονομή της δικαιοσύνης
 και πολλοί παραπονούνταν
 ότι δεν εύρισκαν το δίκιο τους.
 Οι ευγενείς, για να εκτονωθεί η
 λαϊκή δυσαρέσκεια, ανέθεσαν
 το 624 π.Χ. στον Δράκοντα να
 καταγράψει τους νόμους. Οι νόμοι του Δράκοντα, «γραμμένοι με αίμα», όπως είπαν, ήταν
 πολύ αυστηροί. Αποτελούσαν, πάντως, μια προσπάθεια να επιβληθεί η τάξη και να ησυχάσει ο
 τόπος.
",history,10,7,7.074701047503169,0.0222243560499947,7,7.100328592764981,0.0299568239470736,3,3.000487258940721,0.0003389692676796,5,4.606090670359819,0.0581220574204964,4,4.175975562596591,0.046307651928197,3,3.1824484561939244,0.0381624628212034,7,6.872073585592261,0.0564748293861024,7.997815394041368,5,5.1281113969547505,0.0503742491296037,7.0051329050038476,0.2,9.0,38.00199071001991,0.000831305
167,167,206,207,"ΑΣΚΗΣΕΙΣ – ΔΡΑΣΤΗΡΙΟΤΗΤΕΣ
 ΓΙΑ ΜΙΑ ΑΛΛΗ ΜΑΤΙΑ ΣΤΟ ΠΑΡΕΛΘΟΝ…
 ...δείτε κινηματογραφικές ταινίες
 0 Στάνλεϊ Κιούμπρικ, SOS, Πεντάγωνο καλεί Μόσχα (1964).
 Χιουμοριστική αλλά και αιχμηρή ματιά στον Ψυχρό Πόλεμο.
 0 Σίντνεϊ Λιούμετ, Ο συναγερμός του θανάτου (1968).
 Ένα σχόλιο για την πυρηνική «ισορροπία του τρόμου».
 0 Πίτερ Ντέιβις, Καρδιές και σκέψεις (1974).
 Εξομολογήσεις Αμερικανών βετεράνων του Βιετνάμ, όσο ακόμα κρατούσε ο πόλεμος.
 0 Φράνσις Φορντ Κόπολα, Αποκάλυψη τώρα! (1979).
 Μία από τις σημαντικότερες ταινίες με θέμα τον πόλεμο του Βιετνάμ.
 ...ακούστε μουσική
 0 John Lennon & Plastic Ono Band, Give peace a chance (1969).
",history,12,7,7.070269555283858,0.0555661180641891,7,6.659586274115554,0.0889915630035765,4,3.6513645211834955,0.0519351258239682,7,5.935035314061679,0.0937124986004583,3,3.0679271235567285,0.0423356338786657,4,3.6792479527754303,0.0504508314388146,8,7.473699103549791,0.072930448291395,7.06008512236906,7,6.9733472788161635,0.0090173162221778,7.999275175662802,-0.3,10.8,38.9,0.000768969
168,168,105,106,"παράθεμα 1 Από αγάπη για την κόρη του
 Μετά τον θάνατο του Κύρου οι Έλληνες στρατιώτες, που πολέμησαν μαζί του, έμειναν μόνοι
 μέσα στο τεράστιο περσικό κράτος. Αποφάσισαν λοιπόν να κινηθούν προς τον βορρά, προς
 τα ελληνικά παράλια του Πόντου. Πολεμώντας έφτασαν στη χώρα των Καρδούχων. Τα βουνά
 ήταν ψηλά και απότομα. Τον μοναδικό δρόμο τον φύλαγαν πάνοπλοι Καρδούχοι. Οι Έλληνες
 σταμάτησαν να δουν τι θα κάνουν. Εκείνη τη στιγμή παρουσίασαν στους αρχηγούς δύο Καρδούχους αιχμαλώτους. Τους χώρισαν αμέσως και ρώτησαν τον πρώτο αν ξέρει άλλο δρόμο.
 Αυτός, παρ' ότι τον βασάνισαν, είπε ότι δε γνώριζε. Οι αρχηγοί  έδωσαν εντολή να τον σκοτώσουν μπροστά στα μάτια του άλλου. Ο δεύτερος, μόλις είδε το κακό που βρήκε τον φίλο του,
 αμέσως τους έδειξε άλλο δρόμο, εύκολο και ασφαλή. Τον ρώτησαν τότε οι αρχηγοί: «Γιατί ο
 πρώτος δε θέλησε να κάμει το ίδιο;» Κι εκείνος απάντησε: «Φοβήθηκε για την κόρη του και την
 οικογένειά της που κατοικούν πιο πέρα στον δρόμο που βαδίζουμε τώρα».
 Ξενοφώντας, Κύρου Ανάβαση, Δ´, 1, 20-24 (διασκευή)     
",history,4,6,6.294586413051201,0.0488421051603763,7,7.431730344451353,0.0682296777738074,3,3.0011691507113483,0.0007284160742801,4,4.133028440064983,0.031573414271389,3,3.410069213332463,0.0603204148295208,3,3.00145815390949,0.0009535708304943,6,6.0041504645341774,0.0021751948502838,7.946594586098485,5,4.89644751848482,0.028764272262056,7.00023778306786,1.3,8.9,37.15384615384615,0.000866037
169,169,22,23,"ΓΙΑ ΜΙΑ ΑΛΛΗ ΜΑΤΙΑ
 ΣΤΟ ΠΑΡΕΛΘΟΝ…
 …διαβάστε
 0 Ονορέ ντε Μπαλζάκ,
 Οι Σουάνοι (1829).
 Η φιλοβασιλική αντεπανάσταση
 στη Βανδέα.
 0 Βίκτορ Ουγκό, 1793 (1873).
 Η περίοδος κυριαρχίας των Ορεινών.
 0 Ανατόλ Φρανς,
 Οι θεοί διψούν (1912).
 Κριτική στις ακρότητες της γαλλικής επανάστασης.
",history,12,8,8.000126672171291,0.0003633906481278,8,8.019008237977687,0.0155541912789444,4,3.9973601531139593,0.0164493606947118,7,6.999990191441576,1.3880450060207095e-05,7,6.657530062831938,0.0714076521502857,4,4.267426289477044,0.0654138037008554,8,7.999184478991083,0.0035288619529974,7.002797599136684,7,7.000037985390023,5.758021623102357e-05,7.999766105264058,-1.2,8.3,31.867231638418083,0.000735987
170,170,121,122,"ΑΠΟΣΠΑΣΜΑ ΑΠΟ
 ΠΟΙΗΜΑ ΤΗΣ ΣΑΠΦΟΥΣ
 «ΧΑΡΙΤΩΜΕΝΟ ΔΑΣΟΣ»
 ……….Χαριτωμένο δάσος
 όλο μηλιές: μέσα οι βωμοί καπνίζουν
 απ’ το λιβάνι.
 Νερά κατάκρυα ανάμεσα στα κλώνια
 κελαϊδούν: απ’ τα ρόδα γύρω ο τόπος
 ολόσκιωτος: βαθύ τον ύπνο χύνουν
 τα φύλλα ως σειούνται.
 Στο λιβάδι, όπου βόσκουν τα πουλάρια,
 οι ανοιξιάτικοι ανθοί θρασομανούνε:
 γλυκό σα μέλι το άνηθο ευωδιάζει
 (και το τριφύλλι).
 Έλα Αφροδίτη, εδώ στεφανωμένη
 να σμίξεις με νερό και στο τραπέζι
 το νέχταρ να κεράσεις σε ποτήρια
 μαλαματένια.
 Μετάφραση Ιωάννη Κακριδή
 Από το βιβλίο του Θανάση
 Μητσόπουλου «Ανθολογία της
 Αρχαίας Ελληνικής
 Λογοτεχνίας» (1966), σελ. 107
",history,10,8,8.001596830139306,0.001001939289628,4,4.459792551861028,0.0482464000953909,4,4.006037714294507,0.0307469164516107,7,6.999715428948734,0.0002460590529788,4,4.913116123527288,0.1206212054423064,3,3.0013724163754603,0.0043946659421278,8,8.020035081596234,0.0077199442963257,7.000404540609452,7,7.001402026728485,0.0009852448697319,7.994259677927829,2.3,12.6,45.04341736694678,0.001040739
171,171,240,241,"μη πληθωριστικής ανάπτυξης που θα σέβεται το περιβάλλον, έναν υψηλό βαθΜε βάση το σχέδιο αυτό ιδρύθηκε το 1951 στο
 μό σύγκλισης της οικονομικής επίδοσης, ένα υψηλό επίπεδο απασχόλησης και
 Παρίσι η Ευρωπαϊκή Κοινοπραξία Άνθρακα
 κοινωνικής προστασίας, τη βελτίωση του βιοτικού επιπέδου και την ποιότητα
 και Χάλυβα (ΕΚΑΧ), στην οποία συμμετείχαν
 της ζωής, την οικονομική και κοινωνική συνοχή και την αλληλεγγύη μεταξύ των
 κρατών-μελών.
 οι Γαλλία, Ομοσπονδιακή (Δυτική) Γερμανία,
 Πηγή: www.europa.eu.int (ο δικτυακός τόπος της Ευρωπαϊκής Ένωσης).
 Ιταλία, Βέλγιο, Ολλανδία και Λουξεμβούργο.
 Το 1957 υπογράφτηκε στη Ρώμη από τις χώ-
",history,12,8,8.010203023337262,0.0041768006401094,8,8.008642531326437,0.0043559461060805,4,4.004073652996354,0.0040594080371295,7,7.005623508463113,0.002775423955356,6,6.150633624391048,0.0771925984193717,4,4.293157131403973,0.0494034487004977,8,8.00363344729601,0.0020632261295239,7.006688947318253,8,7.585629637828845,0.0661765730733843,7.037393292344859,3.2,15.9,55.68181818181819,0.001109105
172,172,83,84,"ετά την πτώση του Μεσολογγίου, τον Απρίλιο του 1826, ο Κιουταχής με τον στρατό του
 προχώρησε προς την Αττική, για να καταστείλει εντελώς την επανάσταση στη Ρούμελη.
 Κυρίευσε την πόλη των Αθηνών και πολιόρκησε στενά την Ακρόπολη, που την υπερασπιζόταν η φρουρά της με αρχηγό τον στρατηγό Γιάννη Γκούρα.
 Τότε διορίστηκε από την επαναστατική Κυβέρνηση αρχιστράτηγος στη Στερεά Ελλάδα
 ο οπλαρχηγός Γεώργιος Καραϊσκάκης και στάλθηκε ν’ αντιμετωπίσει τον Κιουταχή. Ο Καραισκάκης, πρώην κλέφτης και έπειτα αρματολός στην περιοχή αυτή, είχε μεγάλη πολεμική
 πείρα. Για αντιπερισπασμό κατευθύνθηκε τον Οκτώβριο του 1826 στην περιοχή της Στερεάς, προκειμένου να ξεσηκώσει τα μέρη που είχαν υποταχθεί και να παρεμποδίσει τον ανεφοδιασμό των Τούρκων απο τη Θεσσαλία, αναγκάζοντάς τους να αποσύρουν στρατεύματα
 από την πολιορκία της Ακρόπολης.
 Ο Καραϊσκάκης νίκησε τις οθωμανικές δυνάμεις στο Δίστομο καθώς και σε επταήμερη
 μάχη που έδωσε εναντίον τους στην ορεινή Αράχοβα, το Νοέμβριο του 1826. Έως τις αρχές
 του 1827 είχε κατορθώσει να εκδιώξει τα οθωμανικά στρατεύματα από το μεγαλύτερο μέρος
 της Στερεάς Ελλάδας. Έσπευσε τότε στην Αττική για να βοηθήσει τους πολιορκημένους
 αγωνιστές και στρατοπέδευσε στο Κερατσίνι. Οι Άγγλοι αξιωματικοί Τσωρτς και Κόχραν,
 στους οποίους η κυβέρνηση είχε αναθέσει την αρχηγία των ελληνικών ενόπλων δυνάμεων
 της στεριάς και της θάλασσας, αποφάσισαν να επιτεθούν αμέσως εναντίον των Τούρκων,
 για να σωθεί η Ακρόπολη.
 Ωστόσο, την παραμονή της επίθεσης μια μικρή συμπλοκή στα ακριανά φυλάκια δυνάμωσε απρόσμενα και εξελίχθηκε σε μάχη. Ο Καραϊσκάκης, που ήταν άρρωστος στη σκηνή
 του με πυρετό, όρμησε με το άλογο του στον τόπο της σύγκρουσης αλλά τραυματίστηκε
 θανάσιμα και ξεψύχησε την επόμενη μέρα. Ήταν 23 Απριλίου του 1827. Λίγο πριν πεθάνει,
 συνέστησε στους συγκεντρωμένους οπλαρχηγούς να έχουν ομόνοια και να συνεχίσουν τον
 αγώνα για την ελευθερία της Ελλάδας.
 Ο απρόσμενος θάνατος του Καραϊσκάκη, που ήταν εξαιρετικά αγαπητός στους στρατιώτες του, έριξε το ηθικό των πολεμιστών. Η σύγκρουση κατέληξε σε μεγάλη καταστροφή του
 ελληνικού στρατεύματος. Σημαντικοί Έλληνες οπλαρχηγοί, όπως ο Γεώργιος Δράκος και ο
 Λάμπρος Βέικος αλλά και πάνω από χίλιοι αγωνιστές έχασαν τη ζωή τους ενώ η Ακρόπολη
 παραδόθηκε το Μάιο του 1827 στους Τούρκους πολιορκητές της.
",history,6,8,7.760211636197368,0.046637238255069,7,6.822793479341783,0.0406158345335057,4,3.9991101632331265,0.0006056301397379,5,5.758861778046025,0.0864443779624909,4,4.148199923278753,0.0580346099961662,4,3.940142982657065,0.0184055229610611,8,7.3917892945281345,0.0787642062098143,7.294211253840558,7,6.8918516231140075,0.0281037977090555,7.998297172775551,4.6,15.9,57.2228836,0.001151
173,173,44,45,"τα Πανα­
 θήναια: η πιο
 λαμπρή γιορτή
 της Αθήνας,
 που γινόταν για
 να τιμηθεί η  
 απόφαση των
 κατοίκων της
 Αττικής να
 εγκατασταθούν
 στην Αθήνα.
",history,4,5,5.001154736486598,0.00059867457394,4,3.999999551191156,9.038894760175164e-06,2,2.015906001217985,0.006557114923472,4,4.13633382139642,0.032884412463587,,,1.0044630755437925e-06,2,1.9996346593704715,0.0012515244755672,5,5.000989389339793,0.0006625601495405,7.93991260291034,7,6.002891629337682,0.086840337219477,7.999187394052569,5.6,13.3,49.42857142857143,0.001210432
174,174,210,211,"Ο Παρθενώνας.
 Κορυφαίο
 αρχιτεκτόνημα
 δωρικού ρυθμού. Ο
 γλυπτός του διάκοσμος
 με τη γέννηση της
 Αθηνάς και τη διαμάχη
 της με τον Ποσειδώνα
 για την κυριαρχία στην
 Αττική στα αετώματα,
 την Κενταυρομαχία,
 την Αμαζονομαχία και
 άλλους μύθους στις
 μετόπες και την πομπή
 των Παναθηναίων
 στη ζωφόρο
 αποτελεί αξεπέραστο
 δημιούργημα όλων
 των εποχών και
 προβάλλει συμβολικά
 την πολιτική δύναμη
 και πρωτοκαθεδρία
 της Αθήνας στους
 κλασικούς χρόνους.
",history,10,8,7.924154093557291,0.0215913410412406,8,7.406668281604652,0.0768997237369777,4,3.990431365043925,0.0044986045889574,7,6.99997632346895,3.5806962196958295e-05,4,4.1674312214181555,0.0692667314731694,3,3.1824310601987236,0.0381586169533627,8,7.9797533166598384,0.00805905195811,7.014060609931022,7,7.000326361765218,0.0003169827783761,7.9953088295369525,8.7,21.9,57.78260869565217,0.001125785
175,175,113,114,"ΕνΟΤΗΤΑ 27
 Το κίνημα στο Γουδί (1909)
 Κατά την τελευταία δεκαετία του 19ου αιώνα η Ελλάδα αντιμετώπιζε σοβαρά οικονομικά προβλήματα (1893: πτώχευση, 1898: επιβολή Διεθνούς Οικονομικού Ελέγχου). Η κρίση εντάθηκε στις αρχές του 20ού αιώνα, καθώς η διεθνής
 οικονομική ύφεση έκανε δύσκολη τη διάθεση των ελληνικών αγροτικών προϊόντων στις ξένες αγορές και περιόρισε
 τα εμβάσματα των Ελλήνων μεταναστών από την Αμερική και την Αίγυπτο. Παράλληλα, έκδηλη ήταν η αδυναμία της
 πολιτικής ηγεσίας να διαχειριστεί αποτελεσματικά τις εθνικές διεκδικήσεις, με αποτέλεσμα άλλοτε να οδηγεί τη χώρα σε ήττες (πόλεμος του 1897) και άλλοτε να κατηγορείται ότι παρέμεινε αδρανής μπροστά στις εξελίξεις. Έτσι, επικρατούσε πολιτική αστάθεια, καθώς κυβερνήσεις σύντομης θητείας διαδέχονταν η μία την άλλη χωρίς καμιά να φαίνεται ικανή να αντιμετωπίσει τα κρίσιμα προβλήματα της χώρας. Η δυσαρέσκεια ήταν διάχυτη στην ελληνική κοινωνία.
 Στο πλαίσιο αυτό, μειωνόταν διαρκώς το κύρος των πολιτικών και της μοναρχίας. Η τελευταία κατηγορούνταν για
 συνεχείς παρεμβάσεις στις ένοπλες δυνάμεις, που αποδίδονταν από πολλούς στις επιλογές του διαδόχου Κωνσταντίνου, καθώς και για τη στάση του ύπατου αρμοστή της Κρήτης πρίγκιπα Γεώργιου, που θεωρήθηκε
 1. Ορισμένα από τα αιτήματα του Στρατιωτικού Συνδέσμου
 υπεύθυνος για τη ρήξη με τον Βενιζέλο και την επαΟ Στρατιωτικός Σύνδεσμος ποθεί όπως η θρησκεία μας υψωθή εις
 νάσταση του Θέρισου (1905 - βλέπε ενότητα 21).
 τον εμπρέποντα ιερόν προορισμό της, όπως η Διοίκησις της χώρας
 καταστή χρηστή και έντιμος, όπως η Δικαιοσύνη απονέμεται ταχέως
 μετ’ αμεροληψίας και ισότητος προς άπαντας εν γένει τους πολίτας
 αδιακρίτως τάξεως, όπως η Εκπαίδευσις του Λαού καταστή λυσιτελής διά τον πρακτικόν βίον και τας στρατιωτικάς ανάγκας της χώρας
 [...] και τέλος όπως τα οικονομικά ανορθωθώσι, [...], ώστε αφ’ ενός μεν
 ο σχεδόν πενόμενος ελληνικός λαός ανακουφισθή εκ των επαχθών
 φόρων, ους ήδη καταβάλλει και οίτινες ασπλάχνως κατασπαταλώνται προς διατήρησιν πολυτελών και περιττών υπηρεσιών και υπαλλήλων, χάριν της απαισίας συναλλαγής, αφ’ ετέρου δε καθορισθώσι
 θετικώς τα όρια εντός των οποίων δύνανται ν’ αυξηθώσιν αι δαπάναι
 διά την στρατιωτικήν της χώρας παρασκευήν και διά την συντήρησιν
 του στρατού και του στόλου εν ειρήνη.
 1. Η Αναγέννηση της Ελλάδας
 στις 15 Αυγούστου 1909 (λαϊκή λιθογραφία).
",history,12,8,7.98697626182134,0.0056654329942702,6,6.500393755357933,0.0569239559112582,4,3.9994500810987574,0.0003810319514389,7,6.995069180322389,0.0024290340937548,4,4.06645134665996,0.0667481451381797,3,3.1480544998385085,0.0336791046930711,8,7.969976834990007,0.0108041220964008,7.042084216440344,7,6.999803362544753,0.0001797871419604,7.995387985475418,7.2,20.0,70.07513914656772,0.001247445
176,176,120,121,"παράθεμα 1 Η φιλομάθεια του Μ. Αλεξάνδρου
 Ο  Αλέξανδρος αγαπούσε πολύ την ιατρική και βοηθούσε
 τους φίλους του, όταν αρρώσταιναν. Ακόμη και συνταγές
 έγραφε για θεραπεία και δίαιτα. Αγαπούσε επίσης τα βιβλία
 και τη μάθηση και διάβαζε πολύ. Την Ιλιάδα (του Ομήρου) τη
 θεωρούσε το βιβλίο του καλού πολεμιστή και την είχε πάντα
 κάτω από το μαξιλάρι του μαζί με το ξίφος του. Θαύμαζε και
 αγαπούσε επίσης τον δάσκαλό του, τον Αριστοτέλη, όσο και
 τον πατέρα του. Μάλιστα έλεγε πως χάρη στον πατέρα του
 ζει, αλλά χάρη στον δάσκαλό του ζει καθωσπρέπει.
 Πλούταρχος, Αλέξανδρος, 8 (διασκευή)
 2. Ο Μ. Αλέξανδρος πάνω στο άλογό του τον Βουκεφάλα
 (Φλωρεντία, Αρχαιολογικό Μουσείο)
",history,4,5,5.015932433468606,0.0065720412941766,4,4.3788189373572095,0.0457502571633943,3,2.99973885168005,0.0001941165034572,4,3.9635770907988217,0.0133555119849016,2,2.342586320344708,0.0727090966994096,2,2.000540622069595,0.0044686662907496,6,5.994097133628941,0.0029179409404506,7.99781645766339,4,4.057334915458341,0.0196909917225245,7.0085299731072155,0.9,8.7,39.32692307692308,0.00091427
177,177,223,224,"Ο Αλέξανδρος πέθανε χωρίς να αφήσει διάδοχο. Ο ετεροθαλής αδελφός του Φίλιππος
 Αρριδαίος δεν είχε τα απαραίτητα προσόντα.
 Δεν μπορούσε, ως εκ τούτου, να αποτελέσει λύση στο οξύ πρόβλημα της διακυβέρνησης
 του κράτους· το ίδιο επίσης ίσχυε και για τον γιο του Αλέξανδρου, που στο μεταξύ είχε
 γεννηθεί.
 Η σύγκρουση των «διαδόχων» υπήρξε άγρια. Ο καθένας προσπαθούσε με κάθε τρόπο να
 υπερισχύσει. Παρατηρήθηκε μάλιστα το φαινόμενο να στρέφονται όλοι κατά του εκάστοτε
 ισχυρού. Η πιο αποφασιστική μάχη, στην οποία πήραν μέρος οι κυριότεροι διεκδικητές, έγινε
 στην Ιψό (301 π.Χ.). Η αυτοκρατορία του Αλέξανδρου διασπάστηκε οριστικά. Τα κράτη που
 προέκυψαν ήταν: της Μακεδονίας, της Θράκης, της Συρίας και της Αιγύπτου.
 Το κράτος της Αιγύπτου ίδρυσε ο στρατηγός του Αλέξανδρου, Πτολεμαίος. Η ζωή
 οργανώθηκε με βάση τα ελληνικά πρότυπα, ενώ στη διοίκηση διατηρήθηκε γενικά το
 σύστημα των Φαραώ.
 Το κράτος είχε ομοιογενή πληθυσμό και σαφή σύνορα που δε διέτρεχαν κανέναν κίνδυνο.
",history,10,7,7.267381261329071,0.0474724449193228,7,6.731480581531564,0.0485559984395588,4,3.9983009178831708,0.0010091853671252,7,6.260048875318375,0.0856265650552166,4,4.404595754483751,0.0699174226361683,3,3.182431229996695,0.0381517532638997,7,7.150825459116504,0.0406336399203972,7.996403620981425,7,6.971486598836833,0.0103242082863437,7.931918365764432,1.0,10.8,42.34399308556612,0.000924775
178,178,267,268,"Η Πύλη του Αδριανού
 στην Αθήνα (2ος αιώνας
 μ.Χ.). Βρισκόταν στο
 σημείο που από την αρχαία
 πόλη –του Θησέα–,
 περνούσε ο επισκέπτης στη
 νεότερη πόλη που έκτισε ο
 Αδριανός. Ήταν στολισμένη
 με κορινθιακούς κίονες και
 με τα αγάλματα του Θησέα
 και του Αδριανού. Από
 πεντελικό μάρμαρο, ύψος
 18 και πλάτος 13 μ.
",history,10,7,7.078444082224536,0.0262299099713689,4,4.187075159325104,0.0287455813922143,3,3.014061560798311,0.0059400864717657,7,6.997129941662365,0.0012336113200159,3,3.5311607060393726,0.0633007924890521,3,2.9999078411312965,0.0001276478548049,6,6.089828784814813,0.0248698225189667,7.9740413011394935,7,6.999972908433932,0.000330237426075,7.999912432104452,1.3,7.9,31.55,0.000799004
179,179,207,208,"ΕΝΟΤΗΤΑ 52
 Το τέλος της αποικιοκρατίας και η ανάδυση του Τρίτου Κόσμου
 Τα αντιαποικιακά κινήματα ανεξαρτησίας Η μετατροπή αποικιών σε ανεξάρτητα κράτη, δηλαδή η αποαποικιοποίηση,
 ήταν ένα φαινόμενο που εκδηλώθηκε, αρχικά με αργά βήματα, στα χρόνια του Μεσοπολέμου, και πήρε ευρύτερες διαστάσεις στις πρώτες μεταπολεμικές δεκαετίες. Τότε, εκατομμύρια άνθρωποι, κυρίως στην Αφρική και στην Ασία, κινητοποιήθηκαν, δημιούργησαν αντιαποικιακά κινήματα και διεκδίκησαν την ανεξαρτησία τους από τους αποικιοκράτες.
 Παράγοντες των αντιαποικιακών κινημάτων Πολλοί ήταν οι παράγοντες που
 οδήγησαν στην ανάπτυξη των αντιαποικιακών κινημάτων.
 Ένας από αυτούς ήταν η διαμόρφωση στις αποικίες ενός κοινωνικού στρώματος που συνειδητοποιούσε απόλυτα το χάσμα ανάμεσα στην αληθινή ελευθερία
 και το καθεστώς καταπίεσης που είχαν επιβάλει οι αποικιοκράτες. Οι άνθρωποι
 αυτοί ήταν μορφωμένοι, υιοθετούσαν ιδέες ριζοσπαστικές και από αυτούς προήλθαν οι ηγέτες των αντιαποικιακών κινημάτων. Ονειρεύονταν να οδηγήσουν τις
 χώρες τους στον δρόμο της ανάπτυξης και της ευημερίας, καλύπτοντας το χάσμα που τις χώριζε από τις αναπτυγμένες χώρες.
 Ένας άλλος αποφασιστικός παράγοντας στάθηκε ο Β´ Παγκόσμιος πόλεμος. Η
 εύκολη κατάκτηση κάποιων μητροπόλεων (Γαλλία, Βέλγιο, Ολλανδία) από τους
 ναζί έδειξε ότι οι αποικιοκράτες κάθε άλλο παρά άτρωτοι ήταν. Παράλληλα, η
 1. Ο Παντίτ Νεχρού (αριστερά) και ο Μαχά- κατάταξη των κατοίκων των αποικιών στους στρατούς των μητροπόλεων και η
 τμα Γκάντι (δεξιά), ηγέτες του αντιαποικιασυμμετοχή τους σ’ έναν πόλεμο που έγινε στο όνομα της ελευθερίας τούς έκανε
 κού αγώνα των Ινδών εναντίον της
 να μη συμβιβάζονται, πλέον, με τη στέρηση της δικής τους ελευθερίας.
 βρετανικής κυριαρχίας.
 Τέλος, σημαντικό ρόλο έπαιξαν οι πολιτικές συνθήκες μετά τον πόλεμο. Οι μητροπόλεις (Βρετανία, Γαλλία, Βέλγιο, Ολλανδία) είχαν αποδυναμωθεί και δεν μπορούσαν να επιβάλουν τη θέλησή τους
 στις αποικίες. Παράλληλα, τόσο η Σοβιετική Ένωση όσο και οι ΗΠΑ ήταν υπέρ της χειραφέτησης των αποικιών, η καθεμιά για τους δικούς της λόγους.
 Η ανάδυση του Τρίτου Κόσμου Κατά τις πρώτες μεταπολεμικές δεκαετίες, ο πολιτικός χάρτης του κόσμου άλλαξε
 ριζικά όψη, ύστερα από σκληρούς αντιαποικιακούς αγώνες. Στους κυριότερους από αυτούς, οι Ινδοί κέρδισαν την ανεξαρτησία τους από τη Βρετανία (1947), οι Ινδονήσιοι από την Ολλανδία (1947), οι Βιετναμέζοι από τη Γαλλία (1954), οι
 Κύπριοι από τη Βρετανία (1960) και οι Αλγερινοί από τη Γαλλία (1962). Αυτά τα παραπάνω νέα κράτη και άλλα ακόμη
 αποτέλεσαν τον λεγόμενο Τρίτο Κόσμο (βλέπε γλωσσάριο).
 Ιδιόμορφη παρέμεινε η κατάσταση σε ορισμένες χώρες της Αφρικής, για πολλά χρόνια μετά την ανεξαρτησία τους. Σ’
 1. Η Διακήρυξη της Ανεξαρτησίας της Λαϊκής Δημοκρατίας του Βιετνάμ
",history,12,7,7.380409948584791,0.0737230799781219,7,6.926051521115024,0.0225785372641092,4,3.991423573101315,0.003965437953932,6,5.527501945843483,0.0624186073644918,4,3.837967312647379,0.0673997887936494,3,3.0675468513053374,0.0198561965158725,8,7.801944324673968,0.0422008442280602,7.754912302500145,7,6.754985073637727,0.0474968172392291,7.998674268943944,4.7,17.2,51.64827586206896,0.00106002
180,180,270,271,"Πορτρέτο Ρωμαίου
 αξιωματούχου
 (1ος αιώνας π.Χ.). Ο
 Ρωμαίος παριστάνεται
 πολύ ρεαλιστικά και με
 την παραμικρή ρυτίδα
 που άφησε ο χρόνος
 στο πρόσωπό του. Ο
 ρεαλισμός των ρωμαϊκών
 πορτρέτων ξεκίνησε από
 την πιστή απεικόνιση των
 προγόνων των ρωμαίων
 πολιτών (Αθήνα, Εθνικό
 Αρχαιολογικό Μουσείο).
",history,10,7,6.996127328794522,0.0099459305682958,6,5.498755862477992,0.0608109819567484,3,2.9997434805133736,0.0003699375381164,6,5.8330579086868966,0.0973974670094899,4,3.7683486677063343,0.049231105000013,3,3.000796312913508,0.0005329920438136,7,6.5089262008172,0.0647997236680536,7.998497020922969,7,6.9425775071918,0.0173444631009586,7.999658382750781,1.7,13.6,47.61538461538461,0.001020345
181,181,124,125,"άντρες πήγαν στον πόλεμο, οι γυναίκες πήραν τις θέσεις τους στα εργοστά1916 οι Γερμανοί έκαναν μεγάλη επίθεση στο
 σια. Έτσι έγινε ένα ακόμη ουσιαστικό βήμα προς τη χειραφέτηση της γυναίκας.
 Βερντέν, η οποία κόστισε χιλιάδες νεκρούς αλλά
 δεν άλλαξε τα δεδομένα. Η γαλλοβρετανική επίθεση στο Σομ επανέφερε το δυτικό μέτωπο στην αρχική θέση του.
 Η καμπή του 1917 Το 1917 άρχισαν να αποκαλύπτονται οι κοινωνικές διεργασίες που είχε πυροδοτήσει ο πόλεμος. Στη
 Γαλλία, όπου είχε αναπτυχθεί ένα ισχυρό αντιπολεμικό κίνημα με σοσιαλιστική ιδεολογία, εκδηλώθηκαν ανταρσίες στο
 μέτωπο που καταπνίγηκαν με εκτελέσεις δεκάδων Γάλλων στρατιωτών. Στη Ρωσία εκδηλώθηκε, τον Φεβρουάριο του 1917,
 επανάσταση που ανέτρεψε τον τσάρο. Η φιλελεύθερη ρώσικη κυβέρνηση, που θέλησε να συνεχίσει τον πόλεμο, ανατράπηκε από νέα σοσιαλιστική επανάσταση τον Οκτώβριο του 1917. Η σοσιαλιστική Ρωσία σύναψε αμέσως συνθήκη ειρήνης
 με τη Γερμανία (συνθήκη του Μπρεστ-Λιτόφσκ, 3 Μαρτίου 1918) και αποσύρθηκε από τον πόλεμο. Σχεδόν ταυτόχρονα
 συμμάχησαν με την Αντάντ οι ΗΠΑ (Απρίλιος 1917), που με τους 1.000.000 περίπου στρατιώτες και τα άφθονα υλικά μέσα
 που διέθεσαν επηρέασαν καταλυτικά την έκβαση του πολέμου. Επίσης, τον Ιούνιο του 1917 εισήλθε στον πόλεμο και η
 Ελλάδα ως σύμμαχος της Αντάντ, μετά από βαθιά εσωτερική κρίση (βλέπε την επόμενη ενότητα).
 Προς το τέλος του πολέμου Το φθινόπωρο του 1918, οι Κεντρικές Δυνάμεις και οι σύμμαχοί τους άρχισαν να συνθηκολογούν. Στη Γερμανία ξέσπασε σοσιαλιστική επανάσταση που ανέτρεψε τον κάιζερ (: αυτοκράτορας) Γουλιέλμο
 Β´ και έφερε στην εξουσία το Σοσιαλδημοκρατικό Κόμμα. Ο πόλεμος άφησε πίσω του περίπου 8.000.000 νεκρούς, περίπου 20.000.000 τραυματίες και τεράστιες υλικές καταστροφές. Η Ευρώπη έβγαινε από αυτόν αλλαγμένη, εξαντλημένη και με την παγκόσμια πρωτοκαθεδρία της κλονισμένη.
",history,12,8,7.994135433637894,0.0031893238148734,7,7.059943520826607,0.0183508156705171,4,3.999836954599232,0.0001550117833459,7,6.736711172426183,0.0510472879677092,4,4.4689341489138315,0.0630002500029484,4,3.6796723174819945,0.0506395733262591,8,7.982838628702595,0.0068314572853363,7.060081233684741,7,6.989890292080418,0.0045484698433416,7.999195200068016,2.0,13.3,51.73702497285559,0.00109291
182,182,199,200,"ΕΝΟΤΗΤΑ 50
 Η πολιτική διαίρεση της μεταπολεμικής Ευρώπης
 Οι διασκέψεις της Γιάλτας και του Πότσνταμ Καθώς ο πόλεμος είχε πλέον κριθεί, οι ηγέτες των ΗΠΑ Ρούζβελτ,
 της Σοβιετικής Ένωσης Στάλιν και της Βρετανίας Τσόρτσιλ συναντήθηκαν, τον Φεβρουάριο του 1945, στη Γιάλτα της
 Ουκρανίας. Εκεί συμφώνησαν να απαιτήσουν την άνευ όρων παράδοση της Γερμανίας και να ιδρύσουν έναν διεθνή
 οργανισμό προάσπισης της ειρήνης. Ακόμη, ΗΠΑ και Βρετανία αναγνώρισαν τις φιλοσοβιετικές κυβερνήσεις που είχαν
 αναλάβει την εξουσία στις χώρες της Α. Ευρώπης, όπου και βρίσκονταν σοβιετικά στρατεύματα. Το καλοκαίρι του
 1945, στη διάσκεψη του Πότσνταμ (προάστιο του Βερολίνου) συμφωνήθηκε η διαίρεση της Γερμανίας σε τέσσερις ζώνες κατοχής (αγγλική, γαλλική, αμερικανική και σοβιετική), με το Βερολίνο υπό κοινό έλεγχο.
 Οι λαϊκές δημοκρατίες της Α. Ευρώπης Μέχρι το 1950 εγκαθιδρύθηκαν, στις χώρες που βρίσκονταν υπό σοβιετική
 επιρροή (Α. Γερμανία, Πολωνία, Ουγγαρία, Ρουμανία, Βουλγαρία και Τσεχοσλοβακία), καθεστώτα παρόμοια με το σοβιετικό καθεστώς που ονομάστηκαν λαϊκές δημοκρατίες (βλέπε γλωσσάριο). Εκεί οι προπολεμικές κυρίαρχες κοινωνιΗ πολιτική αναδιοργάνωση της μεταπολεμικής Ευρώπης
",history,12,7,6.970666511823708,0.0569000478716014,7,7.270193859822939,0.0551979390398692,4,3.991423552579022,0.0039650074775923,7,6.7552601264601435,0.0465451815330032,4,4.899626627508042,0.0922840949418457,4,3.59285795061124,0.0543759667559259,6,6.384929646204711,0.0619627559553084,7.990292010596818,7,6.998857056692941,0.0007035960769295,7.993293677733163,3.3,16.8,71.0625,0.001452503
183,183,205,206,"στο έδαφός τους (Μάρτιος 1947). Μάλιστα, εφάρμοσε την
 πολιτική αυτή, για πρώτη φορά, στην Ελλάδα, ενισχύοντας,
 από το 1947, τις κυβερνητικές δυνάμεις εναντίον των κομμουνιστών στον ελληνικό εμφύλιο πόλεμο, που είχε ξεκινήσει λίγο νωρίτερα (βλέπε ενότητα 54).
 Παράλληλα, ολοκληρώθηκε ο διαμελισμός της Γερμανίας: οι δυτικές δυνάμεις ίδρυσαν, στα γερμανικά εδάφη
 που κατείχαν, την Ομοσπονδιακή Δημοκρατία της Γερμανίας (Μάιος 1949) και οι Σοβιετικοί αντίστοιχα, στη δική
 τους ζώνη κατοχής, τη Λαοκρατική Δημοκρατία της Γερμανίας (Οκτώβριος 1949). Το Βερολίνο χωρίστηκε στη μέση. Το 1961 η Α. Γερμανία οικοδόμησε ένα τείχος που διέσχιζε την πόλη οριοθετώντας τους δύο τομείς της. Το
 τείχος του Βερολίνου, μια γραμμή που κατά κάποιον τρόπο χώριζε στα δύο τον κόσμο, αναδείχθηκε σε σύμβολο
 του Ψυχρού Πολέμου.
 2. Τουρίστες στον δυτικό τομέα του Βερολίνου κοιτούν
 Με την ίδια λογική οι ΗΠΑ δημιούργησαν, το 1949, το
 πάνω από το Τείχος, προς τον ανατολικό τομέα της πόλης.
 ΝΑΤΟ (North Atlantic Treaty Organization = Οργανισμός
 Βορειοατλαντικού Συμφώνου), μια στρατιωτική συμμαχία στην οποία αρχικά συμμετείχαν οι ίδιες, ο Καναδάς και οι
 περισσότερες χώρες της Δ. Ευρώπης. Στο ΝΑΤΟ εντάχθηκαν, από το 1952, η Ελλάδα και η Τουρκία. Σε απάντηση, η
 Σοβιετική Ένωση ίδρυσε, το 1955, το σύμφωνο της Βαρσοβίας, στο οποίο συμμετείχε η ίδια και οι λαϊκές δημοκρατίες
 της Α. Ευρώπης.
 Ενώ στην Ευρώπη συνέβαιναν αυτά, στην Κίνα επικράτησαν οι κομμουνιστές, με επικεφαλής τον Μάο Τσε Τουνγκ,
 δημιουργώντας ένα τεράστιο σοσιαλιστικό κράτος (1949). Λίγο αργότερα, οι Βορειοκορεάτες κομμουνιστές προσπάθησαν να καταλάβουν τη Νότια Κορέα. Οι ΗΠΑ και οι σύμμαχοί τους ―ανάμεσά τους και η Ελλάδα― επενέβησαν ένοπλα. Ο πόλεμος της Κορέας (1950-1953) έληξε με τη δημιουργία δύο κρατών, της υπό σοβιετική επιρροή Βόρειας Κορέας και της υπό αμερικανική επιρροή Νότιας Κορέας.
 Το 1962 η Σοβιετική Ένωση αποφάσισε να εγκαταστήσει πυραύλους λίγα χιλιόμετρα από το αμερικανικό έδαφος,
 στο νησιωτικό κράτος της Κούβας, όπου, με επανάσταση, είχε επικρατήσει, από το 1959, φιλοσοβιετικό καθεστώς με
 ηγέτη τον Φιντέλ Κάστρο. Οι ΗΠΑ αντέδρασαν έντονα. Η απειλή ενός Γ´ Παγκόσμιου πολέμου ξεπεράστηκε με συμβιβασμό: απομακρύνθηκαν τόσο οι σοβιετικοί πύραυλοι από την Κούβα όσο και αμερικανικοί πύραυλοι που βρίσκονταν
 εγκατεστημένοι στην Τουρκία, κοντά στα νότια σύνορα της Σοβιετικής Ένωσης.
 Η δεύτερη φάση του Ψυχρού Πολέμου (1962-1974 περίπου) Ο πόλεμος της Κορέας και η κρίση της Κούβας έδειξαν ότι μια ολοκληρωτική
 πυρηνική καταστροφή δεν ήταν μακρινό ενδεχόμενο. Έτσι, οι δύο υπερδυνάμεις αποφάσισαν να έρθουν σε
 συνεννόηση και, με συμφωνίες αμοιβαίου περιορισμού των εξοπλισμών,
 εγκαινίασαν μια περίοδο ύφεσης.
",history,12,8,7.992205980739058,0.0037781113434597,7,6.73384826920946,0.04803140483507,4,3.9999214356976154,0.0001171678668087,7,6.941972526105928,0.0180458900438096,4,3.841791830832335,0.0573868911840436,3,3.437828411144314,0.0550449945955864,8,7.975216781716711,0.0089523762188648,7.651351768508448,7,6.999061910849093,0.0006150343949578,7.999703659047114,3.9,15.6,52.33333333333333,0.001053266
184,184,94,95,"Έτσι ο λαός απέκτησε τον έλεγχο της πολιτικής ζωής κι ο Κλεισθένης έγινε αρχηγός και
 προστάτης του λαού... Εξαιτίας αυτών ο λαός εμπιστεύθηκε τον Κλεισθένη. Μετά ως
 επικεφαλής του λαού τον τέταρτο χρόνο από την ανατροπή των τυράννων, την περίοδο
 δηλαδή που ήταν άρχοντας ο Ισαγόρας, διαίρεσε αδιακρίτως όλους τους πολίτες σε δέκα
 φυλές αντί για τις παλιότερες τέσσερις, θέλοντας έτσι να τους αναμείξει για να μπορούν
 περισσότεροι να έχουν μερίδιο στη διακυβέρνηση του κράτους. Από αυτό προήλθε η φράση
 «δεν πρέπει να διακρίνουν τις φυλές», που λέγεται σε όσους θέλουν να εξετάσουν αν
 κάποιος κατάγεται από ευγενική γενιά.
 						
 Αριστοτέλης, Αθηναίων πολιτεία, 20. 4 και 21,1-2
",history,10,8,7.9890827025301405,0.0050191405276567,7,7.127279801050463,0.0566795530442004,4,3.9985058076858877,0.0009114380709306,7,6.987401530866123,0.0049915918368159,4,4.2638213452676155,0.0716350968222477,3,3.0374231578422837,0.0128400005636457,8,7.796761471836536,0.040926481098031,7.015901951548585,7,6.999986832535527,0.0001096412523832,7.999550813374299,3.1,12.5,55.54754098360655,0.000997116
185,185,132,133,"Μαρτίου 1918), με την οποία σταματούσε ο γερμανορωσικός πόλεμος αλλά η
 Ρωσία υποχρεωνόταν να παραχωρήσει πολλά εδάφη της στη Γερμανία.
 Ο εμφύλιος πόλεμος και η ξένη επέμβαση Λίγο αργότερα ξέσπασε
 εμφύλιος πόλεμος ανάμεσα στους οπαδούς του τσάρου και τους υποστηρικτές της επανάστασης. Οι χώρες της Αντάντ, ανάμεσά τους και η
 Ελλάδα, συμμετείχαν στον πόλεμο υποστηρίζοντας τους τσαρικούς (εκστρατεία στην Ουκρανία). Οι συγκρούσεις έληξαν το 1921, με την επικράτηση των μπολσεβίκων.
 Η ίδρυση της Σοβιετικής Ένωσης Λίγο αργότερα το κράτος πήρε τη
 μορφή ομοσπονδίας και ονομάστηκε Ένωση Σοβιετικών Σοσιαλιστικών
 Δημοκρατιών (ΕΣΣΔ) ή Σοβιετική Ένωση, όπως καθιερώθηκε να λέγεται.
 Αυτό ήταν το πρώτο σοσιαλιστικό κράτος του κόσμου.
 Η επίδραση της οκτωβριανής επανάστασης στην Ευρώπη Η οκτωβριανή επανάσταση στη Ρωσία ενίσχυσε την κινητικότητα στις γραμμές των
 λαϊκών τάξεων σε πολλές χώρες της Ευρώπης, ιδίως στις ηττημένες του
",history,12,8,7.923962381832069,0.0216864802012521,7,6.999034829389302,0.0175466451836696,4,3.9999993399703726,0.0013048300256604,7,6.99970755738633,0.0002259143532543,4,4.531604024228045,0.0782630515783384,3,3.2018681931308492,0.0404149878548115,8,7.567652023587385,0.0654668752411385,7.268938288132745,7,6.999906838227389,0.0003080473841347,7.996356571536339,3.7,15.8,53.35950804162725,0.001075781
186,186,15,16,"Πήλινο ειδώλιο
 Κουροτρόφου* από
 τη Θεσσαλία.
 Λείπει το κεφάλι.
 Η γυναίκα κάθεται σε
 σκαμνί και κρατάει στην
 αγκαλιά της βρέφος.
 Όλη η μορφή είναι
 διακοσμημένη με απλές
 γραμμές και σπείρες.
 (Μουσείο Βόλου)
",history,10,5,4.971772966580829,0.0061790914826227,4,3.999827062076747,0.0001887163288467,2,1.9993767797918736,0.000424445408028,4,3.9919711045222357,0.020652291158894,3,2.747586576400863,0.0520913872395186,2,2.377554682342179,0.0532494888513771,5,4.823871524473361,0.0310872817385041,7.977023376236318,4,3.9795752805657685,0.0144212541352532,7.085058614953596,-0.8,8.1,36.00512821,0.000669245
187,187,185,186,"Στα 336 π.Χ., μετά τη δολοφονία του Φιλίππου, ο πρωτότοκος γιος
 του Αλέξανδρος γίνεται βασιλιάς της Μακεδονίας σε ηλικία είκοσι
 ετών. Μαθητής του Αριστοτέλη από τα παιδικά του χρόνια, αποκτά
 μια παιδεία βαθύτατα ελληνική, η οποία θα σφραγίσει ολόκληρη τη
 ζωή του. Διαβάζει Πίνδαρο, Ηρόδοτο, Θουκυδίδη και λατρεύει τον
 Όμηρο. Όνειρά του είναι η πραγματοποίηση των σχεδίων του πατέρα
 του για συντριβή της περσικής δύναμης και η διάδοση του ελληνικού
 πνεύματος σε όλο τον κόσμο.
 Μόλις καταλαμβάνει τον θρόνο της Μακεδονίας ο Αλέξανδρος,
 συγκαλεί ξανά το Συνέδριο της Κορίνθου. Ονομάζεται από αυτό
 «στρατηγός αυτοκράτορας» των Ελλήνων. Κατόπιν τακτοποιεί με
 ταχύτητα τις πολιτικές εκκρεμότητες στην Ελλάδα και απερίσπαστος
 αρχίζει να προετοιμάζει την εκστρατεία εναντίον της Περσίας. Από το 336 π.Χ. βασιλιάς
 της Περσίας ήταν ο Δαρείος ο Γ´ ο Κοδομανός, ικανός ηγέτης, ο οποίος προσπαθεί να
 αναδιοργανώσει το περσικό κράτος. Ο Αλέξανδρος, γνωρίζοντας τις δυσχέρειες του Δαρείου,
 επιταχύνει την εκστρατεία. Ξεκινά από την Πέλλα το 334 π.Χ. με μία μέτρια στρατιωτική δύναμη
 που δεν ξεπερνούσε τους 40.000 άνδρες. Διαβαίνει τον Ελλήσποντο και αντιμετωπίζει σε πρώτη
 φάση τους Πέρσες στον Γρανικό ποταμό (334 π.Χ.). Οι Πέρσες ηττώνται και ο Αλέξανδρος
 γίνεται κύριος της Μικράς Ασίας. Η δεύτερη σύγκρουση ανάμεσα στον στρατό του Αλέξανδρου
 και τους Πέρσες πραγματοποιείται στην πεδιάδα της Ισσού (333 π.Χ.). Οι Έλληνες νικούν
 και πάλι. Οι Πέρσες με τον ηττημένο Δαρείο υποχωρούν στα ενδότερα του κράτους τους και ο
 Αλέξανδρος, αφού καταλαμβάνει τη Φοινίκη, εισβάλλει στην Αίγυπτο.
 Εκεί ιδρύει την πρώτη από τις πόλεις, στις οποίες θα δώσει το όνομά του, την Αλεξάνδρεια.
 Η πόλη αυτή θα εξελιχθεί στο σπουδαιότερο οικονομικό και πολιτισμικό κέντρο της Μεσογείου.
 Το 331 π.Χ. ο Αλέξανδρος, ξεκινώντας από την Αίγυπτο, προχωρεί ανατολικά, προς το
 κέντρο του περσικού κράτους. Στα Γαυγάμηλα της Μηδείας*, σε μία από τις σφοδρότερες
",history,10,8,7.666624042185333,0.0535671044060406,6,6.031843996709768,0.0246309287917777,4,3.9933080210849994,0.0032276254397164,5,5.334445094647663,0.0615300850538442,3,3.220733437950912,0.0490752791463461,3,3.0420564104624646,0.0140477143492885,8,7.912671750649679,0.0242667440135226,7.562174761734809,7,6.9579670915209135,0.0141269925951033,7.999569515546568,1.2,11.1,43.42857142857143,0.000886964
188,188,170,171,"και επικαλούμενοι «κομμουνιστικό κίνδυνο», ο Γεώργιος Β´
 και ο Μεταξάς κήρυξαν δικτατορία στις 4 Αυγούστου 1936,
 παραμονή εικοσιτετράωρης γενικής απεργίας.
 Η δικτατορία της 4ης Αυγούστου (1936) Όνειρο του Ι.
 Μεταξά ήταν η δημιουργία στην Ελλάδα ενός καθεστώτος κατά τα πρότυπα της φασιστικής Ιταλίας και της ναζιστικής Γερμανίας. Όμως, μαζικό φασιστικό κόμμα στην
 Ελλάδα δεν υπήρχε. Ο δικτάτορας δοκίμασε να αναπλη2. Θεσσαλονίκη, Μάιος 1936:
 ρώσει το κενό με τη δημιουργία της Εθνικής Οργάνωσης
 Μάνα πάνω από τον νεκρό διαδηλωτή γιο της.
 Η εικόνα αυτή ενέπνευσε στον ποιητή Γ. Ρίτσο το ποίημα Επιτάφιος.
 Νεολαίας (ΕΟΝ), αλλά ο Β´ Παγκόσμιος πόλεμος διέκοψε
 ΝΕΟΤΕΡΗ ΚΑΙ ΣΥΓΧΡΟΝΗ ΙΣΤΟΡΙΑ
",history,12,8,7.867001596054919,0.0315317391359953,8,7.622427940889949,0.0532887995079739,4,4.000422622659244,0.000576416643727,7,6.999832936368449,0.0001351386834541,4,4.6595804689627585,0.0840045421733416,3,3.1646163019181586,0.0359490976727708,8,7.770150245025093,0.0445810846214605,7.020326686700628,7,7.000587245850735,0.0004551028619833,7.993999393016566,0.7,10.9,49.27874564,0.000954279
189,189,170,171,"Άκρως οικογενειακόν
 Από τους συγγενείς μου αγαπώ πιο πολύ τον παππού μου, τον πατέρα του πατέρα μου. Ο
 παππούς μένει στα Μεσκλά, ένα χωριό έξω από τα Χανιά, στους πρόποδες των Λευκών Ορέων.
 Μ’ αρέσει πολύ να τον επισκέπτομαι και να τον ακούω να μου διηγείται ιστορίες για τα ονόματα
 στην Κρήτη. Ο παππούς μού έχει εξηγήσει πως τα παλιά χρόνια οι άνθρωποι δεν είχαν επώνυμα. Όταν άρχισαν να τα χρησιμοποιούν μαζί με τ’ όνομά τους, σε κάθε περιοχή κράτησαν και
 μια κατάληξη, όπως το -ακης στην Κρήτη. Το επώνυμό τους είχε σχέση ή με το επάγγελμά τους
 ή με το παρατσούκλι τους. Έτσι συνέβη και με μας.
 Κάποιος από τους προπάππους μας ήταν λυράρης. Όλοι τον θαύμαζαν και τον αγαπούσαν, γιατί
 έπαιζε πολύ όμορφα. Σ’ όλα τα πανηγύρια και τις γιορτές τον περίμεναν πώς και πώς για ν’ αρχίσει
 το γλέντι… Κι όταν τους ρωτούσαν πότε θα ξεκινήσει ο χορός και το τραγούδι, απαντούσαν «σαν
 προβάλλει ο Μανόλης, σαν προβάλλει ο Μανόλης». Κι έτσι τελικά πήρε το όνομα Μανόλης Σαμπροβαλάκης, που είναι σήμερα και το δικό μου επώνυμο και νιώθω πολύ περήφανος γι’ αυτό.
",history,4,6,5.9887958988097125,0.007477780863513,6,5.850123742137839,0.0350870273703641,3,2.9465972321675817,0.0167370971827972,4,4.058420878372985,0.0191909726631023,3,3.1169432481647164,0.0380016064671003,3,2.6224624733292217,0.0532315015815012,6,5.998578121068931,0.0009703956796358,7.991421439696694,5,4.623234091551524,0.0541403756408216,7.0035682194939,2.8,9.1,38.612462654716175,0.000883818
190,190,96,97,"Οι Έλληνες από παλιά έζησαν χωρισμένοι. Απλωμένοι σε έναν ευρύ γεωγραφικό χώρο
 δε συγκρότησαν ενιαίο κράτος με τη σημερινή έννοια του όρου. Η επαφή, όμως, με
 τους άλλους λαούς τούς βοήθησε να
 αποκτήσουν σαφή ιδέα για την ενότητά
 ΟΙ ΚΟΙΝΟΙ ΔΕΣΜΟΙ
 τους. Μιλούσαν όλοι, με κάποιες διαΤΩΝ ΕΛΛΗΝΩΝ
 φορές φυσικά, την ίδια γλώσσα και
 Σπαρτιάτες και Αθηναίοι συμφωνούν
 λάτρευαν τους ίδιους θεούς. Ήδη την να αντιμετωπίσουν ενωμένοι τον περσιεποχή αυτή επικρατεί και η ονομασία
 κό κίνδυνο. Ειδικότερα, απαντώντας
 Έλληνες. Οι αποστάσεις που τους χώ- οι Αθηναίοι στους απεσταλμένους
 ριζαν, καθώς και οι δυσκολίες της ζωής της Σπάρτης δηλώνουν: «Οι Έλληνες
 σε διάφορους τόπους ενίσχυαν ένα όλοι είναι από το ίδιο αίμα, έχουν την
 αίσθημα νοσταλγίας. Η ικανοποίηση του
 ίδια γλώσσα, έχουν ναούς και αγάλαισθήματος αυτού και η ιδέα ότι ανήκαν ματα θεών και θυσίες όλα κοινά και
 στον ίδιο λαό δημιούργησαν την ανάγκη συνήθειες ίδιες».
",history,10,7,6.890370793305578,0.033049940338552,8,7.993474918323956,0.0042321786241582,3,3.0000235996487845,2.342601141962608e-05,5,5.016921009701946,0.058995325492428,6,5.599396710036672,0.0729042044913073,3,3.1825855861516175,0.0382196027966634,6,6.508138697849745,0.0637461999858169,7.651350169727067,6,6.0867907666237215,0.0846250694793,7.012424022318555,3.3,12.7,44.89024390243903,0.001041441
191,191,168,169,"(Οι Έλληνες μισθοφόροι του Κύρου, μετά από
 φοβερές περιπέτειες, αντικρίζουν τη θάλασσα.)
 Κι επειδή η βοή ολοένα και μεγάλωνε και ακουγόΞενοφών: Ο
 ταν όλο και πιο κοντά και κάθε τόσο οι νεοφεριστορικός, ο
 μένοι ορμούσαν τρέχοντας προς το μέρος εκείνων
 οποίος με το
 έργο του «Κύρου
 που φώναζαν κι όσο περισσότεροι στρατιώτες μαΑνάβασις»
 ζεύονταν τόσο η βοή γινόταν πιο δυνατή, ο Ξενοχαρακτηρίζεται
 φών υποψιάστηκε πως κάτι σοβαρό συμβαίνει και
 ως ο πρώτος
 πολεμικός
 ανεβαίνει στο άλογο και παίρνοντας μαζί του τον
 ανταποκριτής της
 Λύκιο και τους καβαλάρηδες έτρεχε να δώσει βοήιστορίας (Μουσείο
 θεια και να που σε λίγο ακούνε τους στρατιώτες να
 Αλεξάνδρειας).
 κραυγάζουν, θάλασσα, θάλασσα, κι η λέξη περνούσε από στόμα σε στόμα. Προς τα εκεί λοιπόν έτρεχαν όλοι, και οι οπισθοφύλακες σέρνοντας
 μαζί τους γρήγορα τα υποζύγια και τ’ άλογα.
 Ξενοφών, Κύρου Ανάβασις, Δ, 7, 23
",history,10,8,7.982012099067077,0.0072963202784364,8,7.96675290739131,0.0119129717106481,3,3.002798896593333,0.0015490710527601,7,6.117165986288455,0.0896559528271355,6,5.574414799673832,0.0778808771370102,3,3.037547298510617,0.012902148304169,8,7.998026378320475,0.0012487073085694,7.00062231470929,7,7.000086347961336,0.0005334747591601,7.998793133145199,7.0,17.4,66.33695652173913,0.0013685
192,192,80,81,"σιες δαπάνες και επιχείρησε να εκσυγχρονίσει
 τη γεωργία εισάγοντας νέες καλλιέργειες (πατάτα) και νέες καλλιεργητικές μεθόδους (χρήση σιδερένιου άροτρου).
 Εκπαίδευση Μια από τις κύριες προτεραιότητες του Κυβερνήτη υπήρξε η οργάνωση της
 εκπαίδευσης. Ίδρυσε το Ορφανοτροφείο της
 Αίγινας, στο οποίο λειτούργησαν τρία αλληλοδιδακτικά σχολεία (αντίστοιχα των σημερινών
 δημοτικών αλλά τετραετούς φοίτησης), τρία
 ελληνικά (αντίστοιχα των σημερινών γυμνασίων με τριετή φοίτηση), αρκετά χειροτεχνεία
 (επαγγελματικές σχολές), καθώς και το Πρότυπον Σχολείον, στο οποίο σπούδαζαν όσοι προορίζονταν για δάσκαλοι στα αλληλοδιδακτικά.
 Επίσης, ιδρύθηκε το Κεντρικόν Σχολείον, στο
 2. Το ελληνικό κράτος σύμφωνα με τη συνθήκη της Κωνσταντινούπολης (1832).
 οποίο φοιτούσαν όσοι προορίζονταν για σπουδές σε πανεπιστήμια του εξωτερικού. Επιπλέον, δημιουργήθηκε στην Τίρυνθα (περιοχή ανάμεσα στο Άργος και το
 Ναύπλιο) το Πρότυπον Αγροκήπιον (γεωργική σχολή). Ο Καποδίστριας πίστευε ότι στη δεδομένη στιγμή η εκπαίδευση
 θα έπρεπε να παρέχει, πρώτα απ’ όλα, βασικές γνώσεις και επαγγελματική κατάρτιση. Αυτός ήταν και ο λόγος που
 δεν προχώρησε τότε στην ίδρυση πανεπιστημίου.
 Η ολοκλήρωση της επανάστασης 1829 Όταν έφτασε στην Ελλάδα ο Καποδίστριας, η επανάσταση βρισκόταν ακόμη
 σε εξέλιξη. Εκκρεμούσαν ο βαθμός ανεξαρτησίας του κράτους (αν θα ήταν αυτόνομο ή ανεξάρτητο, βλέπε γλωσσάριο)
 και ο καθορισμός των συνόρων του· ακόμη, δεν είχαν σταματήσει οι πολεμικές επιχειρήσεις. Η τελευταία μάχη δόθηκε
 στις 12 Σεπτεμβρίου 1829 στην Πέτρα της Βοιωτίας, όπου ελληνικές δυνάμεις με επικεφαλής τον Δ. Υψηλάντη επικράτησαν επίλεκτων τουρκικών δυνάμεων. Λίγο αργότερα, χάρη και στους επιδέξιους χειρισμούς του Κυβερνήτη, η Ελλάδα όχι μόνο αναγνωρίστηκε κράτος ανεξάρτητο (πρωτόκολλο της Ανεξαρτησίας, 1830, βλέπε ενότητα 10), αλλά και
 διεύρυνε τα σύνορά της ενσωματώνοντας όλα τα εδάφη νοτίως της γραμμής Αμβρακικού κόλπου-Παγασητικού κόλπου (συνθήκη της Κωνσταντινούπολης, 1832). Το ελληνικό κράτος θα περιελάμβανε τη Στερεά Ελλάδα, την Πελοπόννησο, τα νησιά του Αργοσαρωνικού, την Εύβοια, τις Κυκλάδες και τις Σποράδες.
 Η αντιπολίτευση κατά του Καποδίστρια Η επιλογή του Καποδίστρια να συγκροτήσει ένα ισχυρό, συγκεντρωτικό κράτος, κατά τα δυτικά πρότυπα, προκάλεσε αντιδράσεις. Πρόκριτοι με τοπική εξουσία (Π. Μαυρομιχάλης), πλούσιοι πλοιοκτήτες (Γ.
 Κουντουριώτης) και έμπειροι Φαναριώτες (Α. Μαυροκορδάτος) δυσαρεστήθηκαν, την
 ίδια στιγμή που φιλελεύθεροι διανοούμενοι (Αδ. Κοραής) καυτηρίαζαν τον αυταρχισμό του Καποδίστρια και αξίωναν την παραχώρηση συνταγματικών ελευθεριών. Επίσης, η Αγγλία και η Γαλλία υποκινούσαν τις αντικαποδιστριακές κινήσεις θεωρώντας
 τον Κυβερνήτη όργανο της Ρωσίας.
 Από τις αρχές του 1830 σημειώθηκαν εξεγέρσεις και αργότερα ο Α. Μιαούλης,
 αντίπαλος πλέον του Κυβερνήτη, ανατίναξε στον Πόρο τα δύο μεγαλύτερα ελληνικά πολεμικά πλοία. Στην Ύδρα, κέντρο της αντιπολίτευσης, η εφημερίδα Απόλλων προπαγάνδιζε τη δολοφονία του Κυβερνήτη. Η ένταση κορυφώθηκε όταν ο
 3. Η δολοφονία του Καποδίστρια
",history,12,8,7.94807034954934,0.0166985248275251,7,7.115539199973227,0.0430875381360754,4,3.9983006349020798,0.0010088038017526,6,5.85276539102901,0.0810497860826356,5,4.844695853751091,0.0841666860675183,3,3.000299461418763,0.0002745362295313,6,6.82703375060138,0.0702783933506338,7.991421851516009,7,6.775157552172459,0.0453915743454165,7.999738716079776,2.1,16.2,57.29752904296515,0.001185782
193,193,28,29,"οικονομία της Οθωμανικής Αυτοκρατορίας στηριζόταν κυρίως στις αγροτικές καλλιέργειες (σιτάρι, κριθάρι, βαμβάκι, καπνός, λάδι, σταφίδα). Οι κτηνοτρόφοι, είτε ζούσαν
 μόνιμα σε ένα μέρος είτε ήταν νομάδες, πρόσφεραν μαζί με τους αγρότες πρώτες ύλες στη
 βιοτεχνία για την παραγωγή νημάτων και υφαντών. Η παραγωγή ικανοποιούσε κυρίως τις
 ανάγκες του σπιτιού. Όσα προϊόντα τους περίσσευαν, οι γεωργοί τα πουλούσαν στις τοπικές
 αγορές ή τα διέθεταν στο εξωτερικό, με αντάλλαγμα κυρίως βιομηχανικά εργαλεία και άλλα
 προϊόντα.
 Όμως οι γεωγραφικές ανακαλύψεις, η χρήση νέων εμπορικών δρόμων και ο τερματισμός των κατακτήσεων συνέβαλαν στην παρακμή της Οθωμανικής Αυτοκρατορίας. Οι
 έμποροι από τη Δυτική Ευρώπη δεν ήταν υποχρεωμένοι πλέον να περνούν από το έδαφος
 της για να πάνε στην Ινδία ή την Κίνα. Έτσι τα κρατικά της έσοδα από τους φόρους του
 εμπορίου σταδιακά μειώθηκαν και το νόμισμά της υποτιμήθηκε. Προοδευτικά η οικονομική
 δραστηριότητα πέρασε κυρίως στα χέρια των υπηκόων του Σουλτάνου και ιδιαίτερα των
 Ελλήνων.
 Δύο ακόμη παράγοντες ωφέλησαν τους Έλληνες: οι συνθήκες του Κάρλοβιτς (1699)
 και του Κιουτσούκ Καϊναρτζή (1774), που υπέγραψε η ηττημένη Οθωμανική Αυτοκρατορία,
 επέτρεψαν, κυρίως στην Αυστρία και τη Ρωσία, να επηρεάζουν τις εξελίξεις στο εσωτερικό
 της. Επίσης, οι Διομολογήσεις, δηλαδή οι εμπορικές συμφωνίες που έκαναν οι δυτικές
 χώρες με τους Οθωμανούς Σουλτάνους, ευνόησαν το ελληνικό εμπόριο και τη ναυσιπλοΐα,
 αφού έδωσαν τη δυνατότητα στους Έλληνες να υψώνουν στα καράβια τους τις σημαίες των
 χωρών αυτών.
 Έτσι, οι Έλληνες έμποροι επέκτειναν τη δραστηριότητά τους στην Κεντρική και τη Δυτική Ευρώπη καθώς και τη Ρωσία, ίδρυσαν στα μέρη αυτά σημαντικές παροικίες και ανέλαβαν μεγάλο μέρος του εισαγωγικού και εξαγωγικού εμπορίου της Δύσης με την Ανατολή,
 κερδίζοντας πολλά πλούτη. Μαζί όμως με τα αγαθά έφταναν στην Οθωμανική Αυτοκρατορία και οι επαναστατικές ιδέες, που επικρατούσαν την εποχή αυτή στην Ευρώπη. Παράλληλα σχηματίστηκε ένας αξιόλογος ελληνικός εμπορικός στόλος, με πληρώματα έμπειρα στη
 ναυσιπλοΐα αλλά και στην αντιμετώπιση των πειρατών. Μεγάλες πόλεις, όπως η Κοζάνη,
 η Μοσχόπολη, τα Ιωάννινα, η Θεσσαλονίκη αλλά και νησιά, όπως η Χίος, η Ύδρα και τα
 Ψαρά, έγιναν σημαντικά κέντρα του ελληνικού εμπορίου.
 Η οικονομική άνθηση, ο πολυάριθμος εμπορικός στόλος και οι εύπορες παροικίες του
 εξωτερικού βελτίωσαν τη θέση των Ελλήνων, παραμονές της Μεγάλης Επανάστασης του
",history,6,8,7.946087425776561,0.0163313114582604,7,7.017071032339201,0.0115905003589412,4,3.9998531950404868,0.0001355337292577,7,6.965456092010925,0.0116333625201277,5,4.6464868552712915,0.072394726320099,3,3.5000361771681128,0.0556913301397489,8,7.095677413852627,0.0857774609227279,7.320817626072596,7,6.996415658370097,0.0017789475121892,7.995382681428964,5.5,17.6,60.28823529411764,0.001248279
194,194,53,54,"Ω γνήσια της Ελλάδος
 Τέκνα· ψυχαί που επέσατε
 εις τον αγώνα ανδρείως,
 τάγμα εκλεκτών Ηρώων,
 καύχημα νέον.
 Σας άρπαξεν η τύχη
 την νικητήριον δάφνην,
 και από μυρτιάν σας έπλεξε
 και πένθιμον κυπάρισσον
 στέφανον άλλον.
",history,6,10,9.9996188898668,0.000349216414419,10,9.61643899937649,0.0556939339382621,6,5.9983067991706776,0.0004629545679375,9,8.3655455815843,0.0749017391536092,7,6.964084211844522,0.026268490702831,4,3.790704595281568,0.0470217532432225,10,10.09133318661616,4.7310890349947455e-05,7.9525837677934135,8,8.021771299568549,0.0214567739579713,7.02928203954707,2.8,12.1,47.70512820512821,0.001201759
195,195,243,244,"ΕΝΟΤΗΤΑ 60
 H Ελλάδα και οι διαδικασίες ενοποίησης της Ευρώπης.
 Η Ελλάδα κράτος-μέλος της Ευρωπαϊκής Ένωσης
 Πρώτο βήμα για τη συμμετοχή της Ελλάδας στις
 διαδικασίες ενοποίησης της Ευρώπης ήταν η υπογραφή, το 1961, της συμφωνίας σύνδεσης της χώρας
 με την Ευρωπαϊκή Οικονομική Κοινότητα (ΕΟΚ).
 Ωστόσο, η σοβαρή πολιτική αστάθεια που ακολούθησε, με αποκορύφωμα την επιβολή της απριλιανής δικτατορίας (1967-1974), είχε ως αποτέλεσμα ένα μακροχρόνιο «πάγωμα» της συμφωνίας.
 Μετά την αποκατάσταση της δημοκρατίας, το 1974,
 η πρώτη μεταπολιτευτική κυβέρνηση Καραμανλή
 αποφάσισε να υποβάλει αίτηση για πλήρη ένταξη της
 Ελλάδας στην ΕΟΚ, παρακινημένη όχι μόνο από τα
 οικονομικά οφέλη που θα είχε η χώρα αλλά και από
 1. Έλληνες και Ευρωπαίοι ηγέτες μετά την υπογραφή
 σοβαρούς πολιτικούς λόγους. Ο Κ. Καραμανλής εκτιτης συνθήκης σύνδεσης της Ελλάδας με την ΕΟΚ, το 1961.
 Στο κέντρο διακρίνεται ο Κωνσταντίνος Καραμανλής.
 μούσε ότι η ένταξη στην ΕΟΚ θα βοηθούσε τη σταθεροποίηση των δημοκρατικών θεσμών στην Ελλάδα
 και θα εξυπηρετούσε μακροπρόθεσμα την ασφάλεια
 1. Οι ελληνικές προσδοκίες από την ένταξη στην ΕΟΚ
 της χώρας. Πράγματι, τον Ιούνιο του 1975 υποβλήθηκε
 Η Ελλάς προσέρχεται στην Ευρώπη με τη βεβαιότητα ότι στα πλαίη ελληνική αίτηση ένταξης στην ΕΟΚ. Την αντίθεσή
 σια της ευρωπαϊκής αλληλεγγύης εμπεδώνεται για όλα τα μέρη η εθνιτους εξέφρασαν το ΠΑΣΟΚ, το ΚΚΕ, καθώς και τμήκή ανεξαρτησία, κατοχυρώνονται οι δημοκρατικές ελευθερίες, επιτυγχάνεται η οικονομική ανάπτυξη και γίνεται με τη συνεργασία όλων κοιματα της ελληνικής κοινωνίας προσκείμενα στην Αρινός καρπός η κοινωνική και οικονομική πρόοδος […] Παράλληλα, όμως,
 στερά. Επιφυλάξεις διατυπώθηκαν, επίσης, και από
 η χώρα μας φιλοδοξεί να συμβάλη, στο μέτρο των δυνατοτήτων της,
 ορισμένα κράτη-μέλη της ΕΟΚ, που θεωρούσαν ότι
 στην πραγματοποίηση της ιδέας της Ενωμένης Ευρώπης, στην οποία
 η Ελλάδα δεν ήταν ακόμη ώριμη οικονομικά για να
",history,12,8,7.948557470140827,0.0163164078229288,7,7.007234079545341,0.0047730259263281,4,3.999621181070097,0.0002732316940184,7,6.884249103787482,0.0283511753201868,5,5.259841905373378,0.0731421600852085,3,3.000707259927367,0.0004729730895604,8,7.978565745014812,0.0077228502359807,7.164514350494926,7,6.9908209779841854,0.0041021391707713,7.999373426965974,5.4,17.2,56.89393939393939,0.001167672
196,196,209,210,"Κατά τον 5ο και 4ο αιώνα π.Χ. σε ολόκληρο τον
 ελληνικό χώρο κτίζονται λαμπροί ναοί και δημόσια
 κτίρια –θόλοι*, στοές, γυμνάσια, παλαίστρες,
 θέατρα– στον δωρικό και ιωνικό ρυθμό, που έχουν
 αποκτήσει τις ιδανικές αναλογίες. Την ίδια εποχή
 εφευρίσκεται και το κορινθιακό κιονόκρανο
 που μοιάζει με καλάθι περιτυλιγμένο από αγκάθια.
 Την κλασική εποχή το κορινθιακό κιονόκρανο,
 που θεωρείται εφεύρεση του γλύπτη Καλλίμαχου,
 εμφανίζεται στο εσωτερικό των κτιρίων.
 Πάνω στην Ακρόπολη της Αθήνας κτίζονται τα
 λαμπρότερα κλασικά κτίρια της αρχαιότητας, όπως
 τα Προπύλαια, η μεγαλοπρεπής δηλαδή είσοδος
 της Ακρόπολης. Ήταν κτισμένα με ένα σύνθετο
 σχέδιο του αρχιτέκτονα Μνησικλή που συνδύαζε κίονες του δωρικού και ιωνικού ρυθμού και
 είχε πέντε εισόδους για την πρόσβαση των πιστών και των ζώων που θα θυσιάζονταν στο ιερό.
 Από την κεντρική μεγάλη θύρα όπου οδηγούσε ένας επικλινής διάδρομος χωρίς σκαλοπάτια,
 θα περνούσε και το κατάρτι του πλοίου στο οποίο ήταν απλωμένος ο νεοϋφασμένος πέπλος
 της θεάς.
 Την ίδια περίοδο, και με βάση το ίδιο εμπνευσμένο οικοδομικό πρόγραμμα του Περικλή και του
 πνευματικού και καλλιτεχνικού κύκλου του, κτίστηκε ο Παρθενώνας με αρχιτέκτονες τους Ικτίνο
 και Καλλικράτη. Ο δωρικός αυτός ναός, που συνδύαζε στο σχέδιό του και ιωνικά αρχιτεκτονικά
 στοιχεία, όπως η μεγάλη ζωφόρος με την παράσταση της πομπής των Παναθηναίων, αποτέλεσε
 το σήμα κατατεθέν της αθηναϊκής δημοκρατίας. Εκτός από το «κλασικό» αρχιτεκτονικό του
 σχέδιο, είναι ονομαστός και για τον πλούσιο γλυπτό διάκοσμό του που φιλοτέχνησαν ο φίλος του
 Περικλή Φειδίας με τους μαθητές του και ένα πλήθος γλυπτών από όλα τα μέρη της Ελλάδας.
",history,10,8,7.985862661045303,0.0060216603919589,8,7.817588432922434,0.0381893527845251,4,3.9999363045426435,9.096577939974748e-05,7,6.891024768295466,0.0285572080571328,4,3.938996553857578,0.0789959155591205,4,3.731509562472297,0.0469925514514415,8,7.9590595050958655,0.0138827093879036,7.075855251599222,7,6.999963379896116,8.592172374515291e-05,7.998058712641068,5.8,17.2,58.73525179856115,0.001279666
197,197,168,169,"πολιτεύματος στην Ελλάδα).
 Η περίοδος 1924-1928 Το νέο πολίτευμα ήταν
 ευάλωτο. Για μεγάλο διάστημα επικρατούσε κυβερνητική αστάθεια, ενώ διάφοροι στρατιωτικοί,
 επηρεασμένοι από την άνοδο του φασισμού στην
 Ιταλία, εκδήλωναν ανοιχτά την προτίμησή τους
 σε αυταρχικές, δικτατορικές λύσεις.
 Παράλληλα, ενισχυόταν το εργατικό κίνημα.
 Το 1918 ιδρύθηκε μια πανελλαδική εργατική οργάνωση, η Γενική Συνομοσπονδία Εργατών Ελλάδος (ΓΣΕΕ) και σχεδόν ταυτόχρονα το Σοσιαλιστικό Εργατικό Κόμμα Ελλάδος (ΣΕΚΕ),
 που μετονομάστηκε, το 1924, σε Κομμουνιστικό
 Κόμμα Ελλάδας (ΚΚΕ).
 Σε αυτές τις συνθήκες, ένας φιλόδοξος αξιωματικός, ο Θεόδωρος Πάγκαλος, επέβαλε, το
",history,12,8,7.725965333680733,0.0487765124125372,7,7.406024652275619,0.0549340459751171,4,4.000007762548194,0.0001067449509558,7,6.999602689793107,0.0002888778935572,4,4.2451283574687295,0.0619832273638393,4,3.7773147773308438,0.0425975932401102,7,7.368125525928917,0.0561835677185961,7.991416410135116,7,7.000019272223199,0.0001616134831586,7.987326410599053,1.7,16.7,54.38095238095238,0.000972088
198,198,20,21,"Από τη Μεσοποταμία, με τους Σουμέριους, τον πρώτο λαό στον κόσμο
 ο οποίος ανέπτυξε υψηλό πολιτισμό, αρχίζει ουσιαστικά η ιστορία.
 Λαός πιθανώς ινδοευρωπαϊκής καταγωγής*, εγκατεστημένος στη
 Μεσοποταμία από τα μέσα της 4ης χιλιετίας, εφευρίσκει τον τροχό,
 το άροτρο, την επεξεργασία των μετάλλων, μία μορφή γραφής, τη
 σφηνοειδή*, και πρώτος ιδρύει απόλυτα συγκροτημένες πόλεις, με
 κυριότερη την Ουρ.
 Κατά την 3η χιλιετία, σημιτικοί λαοί αναμειγνύονται με τους Σουμέριους,
 παραλαμβάνουν από αυτούς πολιτισμικά στοιχεία και κατορθώνουν να
 δημιουργήσουν ένα μεγάλο ενιαίο κράτος. Τη 2η χιλιετία, με κέντρο την
 πόλη της Βαβυλώνας, ολόκληρη η Μεσοποταμία αποτελεί ένα ισχυρότατο
 κράτος το οποίο κατά την περίοδο της βασιλείας του Χαμουραμπί (17301695 π.Χ.) φθάνει στο ύψιστο σημείο της ακμής του. Στον Χαμουραμπί
 οφείλεται η αρχαιότερη γραπτή νομοθεσία η οποία σώθηκε χαραγμένη σε
 μία πέτρινη στήλη (Κώδικας Χαμουραμπί).
 Οι νόμοι του Χαμουραμπί είναι αυστηρότατοι και μας δίνουν μια
 παραστατική εικόνα της κοινωνίας της εποχής. Το βαβυλωνιακό κράτος
 βοήθησε ιδιαίτερα την ανάπτυξη των επιστημών και των γραμμάτων. Η
 επιστήμη της αστρονομίας οφείλει στους Βαβυλώνιους τα πρώτα της βήματα, ενώ το έπος
 Γιλγαμές* είναι ο πολυτιμότερος καρπός της πνευματικής τους ανάπτυξης.
 Προς το τέλος της Εποχής του Χαλκού ένας άλλος λαός, οι Ασσύριοι, που κατοικούσαν στη
 Βόρεια Μεσοποταμία, κατορθώνουν να καταλύσουν το βαβυλωνιακό κράτος και να καταλάβουν
 ολόκληρη τη Μεσοποταμία. Η πόλη Νινευί, στα βόρεια, αναδεικνύεται ως νέο κέντρο.
",history,10,8,7.605432463473392,0.0606988510968807,7,7.057280852614099,0.0196821488590078,3,3.0179860027620276,0.0072349802419556,4,4.407601638408323,0.0596767500933921,4,3.6053190810671367,0.0652749791198333,3,3.020327643300334,0.0080084549836933,7,6.863899978883211,0.0847545414458096,7.999372063196773,7,6.551065042215228,0.0684922785120915,7.994079737533866,4.0,16.4,52.48251748251748,0.001178775
199,199,135,136,"Ο Περικλής είχε μεγάλο κύρος και μεγάλες ικανότητες,
 Προτομή του
 και αποδείχτηκε φανερότατα ανώτερος χρημάτων.
 Περικλή, ρωμαϊκό
 αντίγραφο του
 Ήταν γι’ αυτό σε θέση να συγκρατεί τον λαό, χωρίς
 πρωτότυπου έργου
 να περιορίζει την ελευθερία του. Δεν παρασυρόταν
 του γλύπτη
 από τον λαό, αλλά εκείνος τον καθοδηγούσε. Δεν
 Κρησίλα. Συλλογή
 προσπαθούσε να αποκτήσει επιρροή με παράνομα μέσα
 Mansell. Ο
 και δεν κολάκευε το πλήθος με ρητορείες και είχε τόσο
 οραματισμός του
 άνδρα
 μεγάλο κύρος, ώστε μπορούσε να τους εναντιωθεί και
 αντανακλάται στα
 να προκαλέσει την οργή τους. Όταν καταλάβαινε ότι
 χαρακτηριστικά
 οι συμπολίτες του, από υπεροψία, γίνονταν υπερβολικά
",history,10,8,7.991401612441507,0.00398123036286,8,7.988280333507731,0.0072489499320944,4,3.9820153429855054,0.0072366614629625,7,7.000162155479174,0.000188174811898,4,4.640988852617738,0.0894006561265924,3,3.517403561105766,0.0601229042676717,8,7.875550545052354,0.0308108028498727,7.0293093727383535,7,6.997002449473058,0.0016408349073231,7.9991718944867,2.6,13.5,49.92857142857143,0.000952058
200,200,201,202,"κές τάξεις παραμερίστηκαν. Τα κομμουνιστικά κόμματα που κατέλαβαν την εξουσία εφάρμοσαν εκτεταμένες κρατικοποιήσεις. Επιτυχίες σημειώθηκαν στον βιομηχανικό τομέα και στην οργάνωση συστημάτων υγείας και εκπαίδευσης.
 Επίσης, βελτιώθηκε αισθητά η θέση της γυναίκας.
 Σύντομα, ωστόσο, εμφανίστηκαν σημαντικά προβλήματα. Τα κομμουνιστικά κόμματα διαχειρίζονταν μονοπωλιακά
 την εξουσία, η δυνατότητα ελεύθερης έκφρασης πολιτικών απόψεων ήταν περιορισμένη, οι διώξεις αντιφρονούντων
 συχνό φαινόμενο, ενώ ο στενός έλεγχος της αγοράς, από το κράτος, προκαλούσε, συχνά, ελλείψεις σε καταναλωτικά
 αγαθά.
 Μετά τον θάνατο του Στάλιν (1953), ασκήθηκε έντονη κριτική στις παραπάνω πρακτικές, χωρίς, ωστόσο, να αλλάξει,
 ουσιαστικά, η κατάσταση. Αποτέλεσμα της δυσαρέσκειας, που συνεχώς μεγάλωνε, ήταν η έκρηξη σειράς εξεγέρσεων
 στην Α. Ευρώπη (1953: Α. Γερμανία, 1956: Ουγγαρία και Πολωνία, 1968: Τσεχοσλοβακία), ορισμένες από τις οποίες αντιμετωπίστηκαν με την επέμβαση σοβιετικού στρατού.
 Ιδιαίτερες περιπτώσεις υπήρξαν η Γιουγκοσλαβία και η Αλβανία, δύο χώρες στις οποίες, μετά την υποχώρηση των
 ναζί, την εξουσία κατέλαβαν εθνικά αντιστασιακά κινήματα με κομμουνιστική ιδεολογία. Καθώς οι χώρες αυτές δεν
 καταλήφθηκαν από σοβιετικό στρατό αλλά είχαν κομμουνιστικές κυβερνήσεις, αποτέλεσαν ιδιόμορφες περιπτώσεις
 σοβιετικής επιρροής. Το 1948 η Γιουγκοσλαβία ήρθε σε σύγκρουση με τη Σοβιετική Ένωση και ακολούθησε ένα δικό
 της σοσιαλιστικό δρόμο. Η Αλβανία, αφού συνδέθηκε διαδοχικά με τη Γιουγκοσλαβία, τη Σοβιετική Ένωση και την Κίνα,
 επέλεξε, τελικά, την πλήρη απομόνωση.
 Η ανοικοδόμηση της Δ. Ευρώπης Οι ανθρώπινες και υλικές απώλειες της Ευρώπης, εξαιτίας του πολέμου, υπήρξαν τεράστιες. Στη
 Δ. Ευρώπη το οικονομικό και κοινωνικό σύστημα βρισκόταν στα
 πρόθυρα της κατάρρευσης. Οι ΗΠΑ, προκειμένου να αποτρέψουν
 κάτι τέτοιο και θέλοντας να εμποδίσουν μια ενδεχόμενη επέκταση
 της σοβιετικής επιρροής, παραχώρησαν στην Ευρώπη, μέσω του
 σχεδίου Μάρσαλ (βλέπε γλωσσάριο), περίπου 13 δισεκατομμύρια
 δολάρια. Η Σοβιετική Ένωση κατήγγειλε το σχέδιο Μάρσαλ ως μια
 μορφή επέμβασης στα εσωτερικά των ευρωπαϊκών χωρών και πίεσε
 τις λαϊκες δημοκρατίες να μη δεχτούν την αμερικανική βοήθεια,
 όπως και έγινε. Πάντως, στη Δ. Ευρώπη τα αποτελέσματα φάνηκαν
 γρήγορα, καθώς, από το 1948 ακόμη, η παραγωγή και το εμπόριο είχαν επανέλθει στα προπολεμικά επίπεδα.
",history,12,8,7.991452664989026,0.0044156094087991,7,6.907053464132765,0.0265166987533778,4,4.000099470860732,0.0001467925533555,7,6.992343001210884,0.0036134405322286,4,4.42448807369567,0.0745121793058365,4,3.6224768815963557,0.053241227534771,8,7.972522665935287,0.0103990938187661,7.132959758006052,7,6.99803900640967,0.001145267418986,7.990283753631502,2.1,16.0,58.75095492742552,0.001160097
201,201,53,54,"ζουν στη δράση του από το κατά τα φαινόμενα
 περιοχές της Ευρώπης, ήδη από τη δεκαετία του 1820, με αποτέανεξάντλητο οπλοστάσιο των ιδεών που κληροδολεσμα την ανάπτυξη μιας γενικευμένης κοινωνικής δυσαρέσκειας.
 τήθηκαν από τη γαλλική επανάσταση. Παρ’ όλα αυΤα εθνικά αίτια συνδέονταν με την ανάδυση των εθνικών ιδεών
 τά, εκείνο που ακόμα παρακινεί τους λαούς είναι
 στην Ευρώπη και την επιδίωξη πολλών ευρωπαϊκών εθνών να δηοι δυο μεγάλες διεκδικήσεις οι οποίες καταπνίγημιουργήσουν ανεξάρτητα κράτη.
 καν από τους πρωτεργάτες του συνεδρίου της
 Τα πολιτικά αίτια προέκυπταν από τις διαρκώς αυξανόμενες
 Βιέννης: ο φιλελευθερισμός και ο εθνικισμός. Αρχίαπαιτήσεις των ευρωπαϊκών κρατών από τους υπηκόους τους (αύζουν, ωστόσο, να διαφαίνονται, κυρίως στη Γαλλία
 ξηση της φορολογίας, καθιέρωση της υποχρεωτικής στράτευσης
 και την Ιταλία, νέες επιδιώξεις με κοινωνικό χαρακ.ά.), αλλά και από την ενίσχυση εκείνων των πολιτικών δυνάμεων
 κτήρα, που προβάλλονται από ένα στρώμα του
 που επιδίωκαν την ανατροπή των αποφάσεων του συνεδρίου της
 πληθυσμού του οποίου η σημασία αυξάνει μαζί με
 Βιέννης.
 τις προόδους της εκβιομηχάνισης: τους εργάτες.
 Η επανάσταση στη Γαλλία πυροδοτήθηκε από ριζοσπάστες δηS. Berstein & P. Milza, Ιστορία της Ευρώπης, μτφρ.
 Α.Κ. Δημητρακόπουλος, Αλεξάνδρεια, Αθήνα 1997,
 μοκρατικούς που απαιτούσαν κοινωνικές και πολιτικές μεταρρυθτόμ. 2, σ. 49.
 μίσεις και εξανάγκασε τον βασιλιά σε παραίτηση. Σχηματίστηκε
 δημοκρατική κυβέρνηση, με τη συμμετοχή τόσο μετριοπαθών όσο
 και ριζοσπαστών, που παραχώρησε πολιτικά δικαιώματα σε όλους
 τους άνδρες και πήρε μέτρα οικονομικής ανακούφισης των λαϊκών τάξεων. Ωστόσο, οι εκλογές που έγιναν τον Απρίλιο του 1848 έδωσαν την πλειοψηφία στους μετριοπαθείς φιλελεύθερους, που συνέλαβαν τους ηγέτες των ριζοσπαστών και κατάργησαν τα κοινωνικά μέτρα της προηγούμενης κυβέρνησης. Το αποτέλεσμα ήταν να ξεσπάσει, το κα-
",history,12,10,9.80338501023741,0.0390478572231591,8,8.073168557115146,0.0215181690379868,4,4.007570539698861,0.0035837971955711,7,7.0017002015379575,0.0010081579376682,7,6.756733132500813,0.0466353954932536,4,3.988055456255097,0.0057040514185877,8,8.788354789899131,0.0779337715807032,7.0010247637310385,7,7.202354634406589,0.0405972202459731,7.997511867681169,3.6,16.4,53.07973856,0.00097818
202,202,128,129,"Δε λείπουν βέβαια και
 τα αγάλματα θεών. Οι
 νεότεροι παριστάνονται όπως οι κούροι
 (Απόλλωνας) και οι
 κόρες (Αθηνά, Άρτεμη, Ήρα), ενώ οι θεοί
 που βρίσκονταν σε
 Άγαλμα της κόρης ώριμη ηλικία (Δίας,
 Φρασίκλειας
 Διόνυσος), όπως
 (550-540 π.Χ.).
 οι ντυμένοι κούροι.
 Στη βάση του
 Ωστόσο, οι θεοί διααγάλματος
 κρίνονται εύκολα από
 διαβάζουμε:
 «Μνήμα της
 τα χαρακτηριστικά
 Φρασίκλειας. Θα
 σύμβολα της θεϊκής
 καλούμαι για πάντα
 κόρη, αφού οι θεοί δύναμής τους: τόξο,
 αντί για γάμο μου βέλος ή μουσικό όρόρισαν αυτό το
 γανο για τον Απόλόνομα.
 λωνα, κεραυνός για τον
 Με έφτιαξε ο
 Δία κ.ά. Όλες οι μορφές
",history,10,8,8.000062588478665,0.000136681874945,8,8.01913276421598,0.0082139815594394,4,3.997543971181738,0.0014063457099375,7,7.0016978759667,0.0010116096010637,6,6.411794992352952,0.0706462086089849,4,3.9799778280980718,0.012472875742676,8,8.000748624072443,0.000586767894543,7.001695501212453,8,7.622866249203781,0.0534405712856469,7.0014761437649895,1.6,9.7,33.210317460317455,0.00087689
203,203,84,85,"EΤΟΙΜΟΙ ΓΙΑ ΤΗ ΜAΧΗ
 περίοικοι, αυτοί
 Ἄγετ’, ὦ Σπάρτας εὐάνδρω Εμπρός, παιδιά, πατέρων πολιτών της
 δηλαδή που κακῶροι πατέρων πολιατᾶν,
 ηρωικής Σπάρτης, προβάλετε την
 τοικούσαν σε οιλαιᾶ μὲν ἴτυν προβάλεσθε, ασπίδα με το αριστερό χέρι,
 κισμούς γύρω από
 δόρυ δ' εὐτόλμως ἄνσχεσθε κρατήστε το δόρυ θαρραλέα, χωρίς να υπολοτη Σπάρτη. Οι παμή φειδόμενοι τᾶς ζωᾶς·
 γίζετε τη ζωή σας· δεν είναι πατρολιοί κάτοικοι έγιναν
 οὐ γάρ πάτριον τᾷ Σπάρτᾳ. παράδοτο στη Σπάρτη.		
 Τυρταίος
 δούλοι (είλωτες)
 με την υποχρέωση
 να καλλιεργούν τη
 γη και να παραδίδουν ένα μέρος της παραγωγής στους ιδιοκτήτες του κτήματος. Ο φόβος μιας
 επανάστασης των δούλων ήταν πάντοτε υπαρκτός και ταλάνιζε τους Σπαρτιάτες.
 Πολιτειακοί
 Το πολίτευμα της Σπάρτης, σύμφωνα με την παράδοση, ήταν έργο του μεγάλου νομοθέτη
 θεσμοί
 Λυκούργου. Η πόλη είχε δύο βασιλείς· το γεγονός αυτό προέκυψε, σύμφωνα με μία άποψη, ως
 ανάγκη, από τη γέννηση κάποτε δίδυμων διαδόχων. Οι βασιλείς δεν είχαν πολλές αρμοδιότητες.
 Ήταν θρησκευτικοί και στρατιωτικοί αρχηγοί. Την ουσιαστική εξουσία στην πόλη είχαν οι πέντε
 έφοροι, υπεύθυνοι για την άμυνα και τις εξωτερικές σχέσεις του κράτους. Η γερουσία ήταν ένα
 συμβούλιο από 28 άτομα που είχαν ηλικία άνω των εξήντα ετών. Κύριο έργο είχε να προετοιμάζει
 τα θέματα που υποβάλλονταν για έγκριση στην Απέλλα. Στη λαϊκή αυτή συνέλευση συμμετείχαν
 όλοι οι Σπαρτιάτες που είχαν συμπληρώσει το τριακοστό έτος της ηλικίας τους.
",history,10,8,8.001919361571254,0.001481858708741,8,8.000148201864295,0.0042971688846115,4,4.000307397407596,0.0004016644894475,7,6.999887884322561,0.0001602651783133,4,4.46838458593993,0.0884337087449185,3,3.0058807440488806,0.0029377174243554,8,8.000577396260269,0.0005884349807292,7.003168596585965,7,7.000756087849052,0.0005663245312913,7.9986693759462,2.8,12.7,51.51811594202898,0.001018395
204,204,132,133,"ι Γερμανοί, αφού κατέλαβαν την Ελλάδα, κράτησαν την Αθήνα, την Κεντρική Μακεδονία, την Κρήτη και το σιδηροδρομικό δίκτυο, παραχώρησαν τμήματα της Μακεδονίας
 και της Θράκης στους συμμάχους τους Βουλγάρους και την υπόλοιπη χώρα στους Ιταλούς.
 Η περίοδος της τριπλής Κατοχής ήταν η αφετηρία μεγάλης δοκιμασίας για τον ελληνικό λαό. Ιδιαίτερα τον πρώτο χειμώνα του 1941-1942 η πείνα μάστιζε τους κατοίκους στις
 μεγάλες πόλεις. Τα θύματα υπήρξαν χιλιάδες, ιδιαίτερα μάλιστα υπέφεραν τα μικρά παιδιά.
 Ταυτόχρονα με την Κατοχή ξεκίνησε και η αντίσταση των κατακτημένων Ελλήνων. Στις
 30 Μαίου του 1941 δύο φοιτητές, ο Μανώλης Γλέζος και ο Απόστολος Σάντας, κατέβασαν
 τη γερμανική σημαία από την Ακρόπολη, τραυματίζοντας με την πράξη τους αυτή το γόητρο
 των κατακτητών. Λίγους μήνες αργότερα, με την ηθική και υλική υποστήριξη της Βρετανίας,
 δημιουργήθηκαν τρεις αντιστασιακές οργανώσεις, το Ε.Α.Μ./Ε.Λ.Α.Σ. σε όλη σχεδόν τη
 χώρα, ο Ε.Δ.Ε.Σ. που έδρασε κυρίως στην Ήπειρο και η Ε.Κ.Κ.Α. Κορυφαίο κατόρθωμα
 της κοινής ελληνικής αντιστασιακής δράσης ήταν η ανατίναξη της γέφυρας του Γοργοποτάμου (25 Νοεμβρίου 1942). Με την καταστροφή της καθυστέρησε ο ανεφοδιασμός των
 στρατευμάτων του Άξονα, που πολεμούσαν στην Αφρική.
 Οι πράξεις αντίστασης προκάλεσαν όμως τα αντίποινα των κατακτητών. Η τρομοκρατία,
 το κάψιμο ολόκληρων χωριών όπως τα Καλάβρυτα, το Δίστομο, το Μεσόβουνο, οι Πύργοι
 και η Κάνδανος καθώς και οι μαζικές εκτελέσεις υπήρξαν το βαρύ τίμημα της ελευθερίας.
 Στα τέλη του 1944 η τετραετής σχεδόν Κατοχή έφτασε στο τέλος της. Οι Γερμανοί και οι
 σύμμαχοι τους, νικημένοι στα πεδία των μαχών, αποσύρθηκαν από την Ελλάδα. Τον Οκτώβριο του 1944 η ελληνική Κυβέρνηση, που είχε καταφύγει στη Μέση Ανατολή, επέστρεψε
 στην Αθήνα. Ήταν η στιγμή της Απελευθέρωσης.
 Ωστόσο, νέα δεινά περίμεναν τον ελληνικό λαό. Οι ελληνικές πολιτικές δυνάμεις παρέμεναν διχασμένες: από τη μια ο βασιλιάς και η αναγνωρισμένη από τους Συμμάχους ελληνική Κυβέρνηση και από την άλλη το Ε.Α.Μ., που από τον Μάρτιο του 1944 είχε σχηματίσει
 δική του κυβέρνηση στην ορεινή Ελλάδα. Λάθη και παραλείψεις των δύο πλευρών καθώς
 και παρεμβάσεις των ξένων Δυνάμεων οδήγησαν τελικά σε Εμφύλιο Πόλεμο. Ο Εμφύλιος
 ξέσπασε το 1946 και «μάτωσε» την Ελλάδα για τρία ολόκληρα χρόνια. Ο αδελφοκτόνος
 πόλεμος τερματίστηκε στα τέλη του καλοκαιριού του 1949, με την ήττα του Δημοκρατικού
 Στρατού, πολλές χιλιάδες θύματα και ανυπολόγιστες καταστροφές. Μπορεί οι ένοπλες συγκρούσεις να τελείωσαν, αλλά τα τραύματα στις ψυχές των Ελλήνων παρέμειναν ανοιχτά
 για πολλές ακόμη δεκαετίες.
",history,6,7,7.105751861352365,0.0779044549154584,6,6.095405824494202,0.0254237184295173,4,3.9986931528892455,0.0008295631314067,5,5.715687671402293,0.077997287033405,4,4.344258812009457,0.0710096060253735,3,3.106696114771921,0.0272705486800809,8,7.305944587850824,0.0765144812168867,7.754915816632888,7,6.993875221241069,0.0027842769899606,7.9992881096890756,2.4,13.0,52.075229357798165,0.000968185
205,205,248,249,"το Κίτιο της Κύπρου (334-262 π.Χ.).
 νικητές σε ναυμαχία.
 Ήταν στημένη μέσα
 Αντίθετα από τους Επικούρειους οι
 σε τεχνητή λιμνούλα
 στωικοί επιζητούν ζωή σύμφωνη
 ώστε η παράσταση να
 με τους νόμους της φύσης και της
 αποκτά αληθοφανή
 ηθικής, όχι την ευδαιμονία, ευτυχία,
 χαρακτήρα. (Παρίσι,
 αλλά την αρετή. Είναι κοσμοπολίτες
 Μουσείο Λούβρου)
",history,10,8,8.000620203896688,0.000467505942823,8,7.999668846285688,0.0036612440472571,4,3.9589398203123096,0.0146321103610809,7,6.999970725687332,4.1048346773476746e-05,6,5.628699362223415,0.0812699985127715,5,4.904576798324342,0.0253156823299953,8,8.020772454798733,0.0082196929244685,7.000109714399514,7,7.004593257417071,0.0023776350991388,7.9839134394504825,0.2,10.2,38.03233830845771,0.000731259
206,206,9,10,"ατά τη διάρκεια των Γεωγραφικών Ανακαλύψεων αρκετοί τολμηροί θαλασσοπόροι
 αξιοποιώντας συχνά την επιστήμη της γεωγραφίας και εφευρέσεις, όπως η μαγνητική
 πυξίδα, ταξίδεψαν ως τα πέρατα του κόσμου για να χαράξουν νέους εμπορικούς δρόμους.
 Ο Βαρθολομαίος Ντιάζ ανακάλυψε το Ακρωτήριο της Καλής Ελπίδας, ο Βάσκο Ντα Γκάμα
 διέπλευσε τον Ινδικό Ωκεανό ενώ ο Μαγγελάνος πραγματοποίησε τον πρώτο περίπλου της
 γης, αποδεικνύοντας τη σφαιρικότητά της. Το 1492 ο Χριστόφορος Κολόμβος ανακάλυψε
 την Αμερική.
 Στην Ευρώπη έφτασαν νέα είδη διατροφής αλλά και πολύτιμα μέταλλα. Το εμπόριο
 επίσης αναπτύχθηκε σε παγκόσμια κλίμακα. Οι Ευρωπαίοι ίδρυσαν αποικίες στις νέες περιοχές. Εκεί ήρθαν σε επαφή με τους πολιτισμούς αρχαίων λαών, όπως οι Ίνκας και οι
 Αζτέκοι, αλλά ελάχιστα επηρεάστηκαν από αυτούς. Συχνά οι νέοι κάτοικοι αντιμετώπισαν με
 περιφρόνηση τους ιθαγενείς και τους εκμεταλλεύθηκαν. Η δουλεία, ιδιαίτερα στις αποικίες,
 αποτέλεσε την πιο αρνητική συνέπεια των Ανακαλύψεων.
 Την ίδια εποχή στο εσωτερικό της Ευρώπης η ραγδαία ανάπτυξη του εμπορίου οδήγησε στη γέννηση του Καπιταλισμού. Ιδρύθηκαν νέες τράπεζες καθώς και βιοτεχνικές επιχειρήσεις που ανταγωνίζονταν μεταξύ τους. Στη γεωργία χρησιμοποιήθηκαν νέες τεχνικές,
 όπως το άνοιγμα αυλακιών για τη σπορά και το λίπασμα. Εισήχθη επίσης από το Νέο Κόσμο
 η καλλιέργεια του καλαμποκιού και της πατάτας. Οι Ευρωπαίοι αποκτούν νέες συνήθειες,
 όπως η χρήση του καπνού και του καφέ.
 Παρόλο που η εποχή αυτή χαρακτηρίζεται ως η περίοδος του Απολυταρχισμού, στη
 Γαλλία, τη Ρωσία και σε άλλες χώρες προωθήθηκαν αλλαγές με σκοπό τον σεβασμό στους
 νόμους και τον περιορισμό της βασιλικής εξουσίας. Στην Αγγλία, μάλιστα, με τον «Χάρτη
 των Δικαιωμάτων» του 1689 ενισχύθηκε η εξουσία του Κοινοβουλίου σε βάρος της απόλυτης μοναρχίας.
 Συχνές και σκληρές ήταν οι πολεμικές αναμετρήσεις. Σε μια από αυτές, τον Τριακονταετή Πόλεμο (1618-1648) έχασε τη ζωή του το 1/3 περίπου των κατοίκων της Γερμανίας.
 Οι αλλαγές που συντελέστηκαν στην Ευρώπη, εκφράστηκαν κατά τον 18ο αιώνα με το
 πνευματικό κίνημα του Διαφωτισμού. Ο Διαφωτισμός ξεκίνησε από την Αγγλία, καλλιεργήθηκε όμως κυρίως στη Γαλλία. Οι εκφραστές του, αμφισβητώντας τις προλήψεις και τις δεισιδαιμονίες, έδωσαν έμφαση στον φωτισμό του ανθρώπου μέσω της παιδείας, προκειμένου
 να κατανοήσει τα δικαιώματά του. Ο Βολταίρος μίλησε για την ανεξιθρησκία, ο Ρουσσώ για
 την ελευθερία και την ισότητα, ο Λοκ και ο Μοντεσκιέ για την αξία των νόμων. Οι Διαφωτιστές εναντιώθηκαν στη θανατική ποινή και τα βασανιστήρια, στη δουλεία και τον πόλεμο.
 Την εποχή του Διαφωτισμού αναπτύχθηκαν και οι φυσικές επιστήμες. Μελετήθηκε το
",history,6,6,6.3510746642886495,0.0586706356469512,6,6.029409583380382,0.0107271927736014,4,3.9998225700974217,0.0001410871339256,5,4.8507336259481235,0.0583055294877884,5,4.749823027419097,0.0795160961080411,3,3.0474258346693546,0.0153288526204857,6,6.055685220084051,0.0169356691275881,7.989012236136944,6,6.0259625244967765,0.0825134367490626,7.132960636022744,2.5,13.5,49.38603174603175,0.001017201
207,207,163,164,"κυριαρχία στο Αιγαίο. Ένας ικανότατος στρατηγός, ο Λύσανδρος, αναλαμβάνει την ηγεσία του
 σπαρτιατικού στρατού. Οι Αθηναίοι, στην αμηχανία τους, ανακαλούν τον Αλκιβιάδη και του
 αναθέτουν την αποστολή να αντιμετωπίσει τον Λύσανδρο. Ο αθηναϊκός στόλος ηττάται στο
 ακρωτήριο της Σάμου Νότιο (407 π.Χ.). Υπεύθυνος της ήττας θεωρείται ο Αλκιβιάδης, ο οποίος
 δεν επιστρέφει στην Αθήνα.
 Στις Αργινούσες (406 π.Χ.) ο αθηναϊκός στόλος με αρχηγό τον Κόνωνα νικά τους Σπαρτιάτες.
 Στη συνέχεια οι επιχειρήσεις αναπτύσσονται στο Βόρειο Αιγαίο και στα στενά της Προποντίδας.
 Στα 405 π.Χ. ο Λύσανδρος στους Αιγός Ποταμούς, μία τοποθεσία στον Ελλήσποντο, κυριεύει
 με τέχνασμα τα αθηναϊκά πλοία. Η καταστροφή των Αθηναίων ήταν ολοκληρωτική.
 Ο στόλος των Σπαρτιατών αποκλείει την Αθήνα από τη θάλασσα, ενώ η πόλη, με οχυρωμένη
 τη Δεκέλεια από τους Σπαρτιάτες, ήταν τελείως απομονωμένη από την ξηρά. Η πολιορκία
 εξάντλησε τους Αθηναίους, οι οποίοι το 404 π.Χ. αναγκάζονται να ζητήσουν ειρήνη.
 Οι Σπαρτιάτες συγκαλούν συνέδριο στη Σπάρτη για να αποφασιστεί η σύναψη ειρήνης.
",history,10,8,7.914605575270286,0.0236067911775035,7,6.733775537290853,0.049667212532603,4,3.9525772025549486,0.0153304572591834,7,6.874091175718206,0.0244874709810484,4,3.944684939153376,0.0629672813188331,3,3.1480640627394223,0.0336823714071984,7,6.981607970423326,0.0652132346330321,7.997196421739488,7,6.998834050962614,0.0006641926839426,7.987519735397655,0.3,10.7,41.6875,0.000826758
208,208,93,94,"Στα 1866-1869 ξέσπασε η μεγάλη κρητική επανάσταση, που, παρά τις αρχικές
 Ικετεύομεν λοιπόν θερμώς την Υμετέραν Μεγαλειότητα και τους Μεγαλειοτάτους
 επιτυχίες της, καταπνίγηκε. Ιδιαίτερη
 Μονάρχας των δύο ετέρων Μεγάλων και Προστάτιδων του Ελληνικού Έθνους Δυνάμεων να πραγματοποιήσωσι την μόνην ημών έφεσιν, την ένωσιν μετά των αδελφών
 στιγμή της υπήρξε η ανατίναξη μιας
 ημών Ελλήνων […]. Αν όμως τούτο είναι σήμερον αδύνατον, τουλάχιστον […] ευδοκήομάδας επαναστατών στη μονή Αρκασατε […] να μας χορηγηθή οργανισμός πολιτικός, να μας δοθώσι νόμοι, να συσταθώσι
 δίου (κοντά στο Ρέθυμνο). Το ολοκαύτακτικά δικαστήρια· η βαρεία φορολογία μας να μετριασθή και να τακτοποιηθή […].
 τωμα της μονής Αρκαδίου (Νοέμβριος
 Υπόμνημα μυστικό των επαναστατημένων Κρητών προς τους βασιλείς της Αγγλίας,
 1866) προκάλεσε συγκίνηση τόσο στην
 της Γαλλίας και της Ρωσίας, 15 Μαΐου 1866.
 Πηγή: Ακαδημία Αθηνών, «Η Κρητική Επανάστασις του 1866-1869», Μνημεία της ΕλληΕλλάδα όσο και στην Ευρώπη.
 νικής Ιστορίας, Αθήνα 1967-1970, τόμ. 1ος.
 Λίγο αργότερα, ο σουλτάνος παραχώρησε τον Οργανικό Νόμο (1868), ένα
 είδος τοπικού συντάγματος, που προέβλεπε την πρόσληψη και χριστιανών υπαλλήλων στη διοίκηση, τη συμμετοχή χριστιανών αντιπροσώπων στη Γενική Διοίκηση, την ισοτιμία τουρκικής και ελληνικής γλώσσας και μεικτά δικαστήρια (αποτελούμενα τόσο από χριστιανούς όσο και από μουσουλμάνους).
 Μετά από νέα μεγάλη επανάσταση, το 1878, ο σουλτάνος παραχώρησε τη σύμβαση της Χαλέπας (προάστιο των Χανίων).
 Σύμφωνα με αυτή, ο Γενικός Διοικητής θα μπορούσε να είναι και χριστιανός, ενώ στη Γενική Διοίκηση θα πλειοψηφούσαν
 χριστιανοί. Έτσι, θεσπίστηκε στην Κρήτη καθεστώς ημιαυτονομίας. Ωστόσο, μια νέα, αποτυχημένη επανάσταση, το 1889,
 έδωσε στην οθωμανική διοίκηση το πρόσχημα να καταργήσει τη σύμβαση της Χαλέπας.
 Νέα επανάσταση στα 1896-1897 εξελίχθηκε, όπως είδαμε στην προηγούμενη ενότητα, σε ελληνοτουρκικό πόλεμο, στον
 οποίο η Ελλάδα ηττήθηκε. Μετά από παρέμβαση των Δυνάμεων, όμως, ο σουλτάνος αναγνώρισε τη δημιουργία της αυτό1. 1866: Οι Κρητικοί ζητούν από τις Δυνάμεις την ένωση με την Ελλάδα
",history,12,8,8.002404224159292,0.0015143061245993,8,7.76244960505656,0.0475445232314732,4,3.999788230903505,0.0002876395822971,7,6.990907534865528,0.00415946581561,5,5.300664976530243,0.0960097189842796,4,3.8206360376277075,0.0395020525399058,8,7.999711035605117,0.0003532605810809,7.042082062062491,7,6.9987215113233106,0.0008770669732779,7.998671916554258,3.8,16.9,53.60740616621984,0.001087644
209,209,39,40,"ΕΝΟΤΗΤΑ 8
 Η εξέλιξη της ελληνικής επανάστασης (1821-1827)
 Η ευνοϊκή συγκυρία Οι προϋποθέσεις για την επιτυχία της ελληνικής επανάστασης ήταν σαφώς καλύτερες στον
 νότιο ελλαδικό χώρο, όπου οι ελληνικοί πληθυσμοί ήταν πυκνότεροι και η παρουσία οθωμανικού στρατού δεν ήταν
 ιδιαίτερα ισχυρή, ενώ τη δεδομένη στιγμή (1820-1822) μεγάλο μέρος των οθωμανικών δυνάμεων ήταν απασχολημένο
 στον πόλεμο εναντίον του Αλή πασά της Ηπείρου. Ακόμη, εδώ πολυάριθμοι Φιλικοί προετοίμαζαν και ανέμεναν τον
 ξεσηκωμό, υπήρχαν ένοπλα σώματα Ελλήνων (κλέφτες), ελληνικά εμπορικά σκάφη, που τότε ήταν εφοδιασμένα με
 κανόνια, ενώ πολλοί Έλληνες διέθεταν σημαντική εμπειρία ένοπλων συγκρούσεων τόσο στην ξηρά (στρατιώτες στις
 ένοπλες δυνάμεις του Αλή πασά και στον αγγλικό στρατό των Επτανήσων) όσο και στη θάλασσα (ναύτες στο τουρκικό πολεμικό ναυτικό, αλλά και σε εμπορικά πλοία που είτε συγκρούονταν με πειρατές είτε ασκούσαν πειρατεία).
 Επιπλέον, τα ορεινά εδάφη της Πελοποννήσου και της Στερεάς διευκόλυναν τον κλεφτοπόλεμο.
 Επαναστατικές εστίες Επαναστάσεις ξέσπασαν τον Μάρτιο του 1821 σε διάφορα σημεία της Πελοποννήσου και στη συνέχεια στη Στερεά Ελλάδα, στην Κρήτη, στα νησιά του Αιγαίου, στη Θεσσαλία, στην Ήπειρο, στη Μακεδονία και στη Θράκη.
 Επαναστατικές κινήσεις έγιναν, επίσης, στην Κύπρο και στη
 Μ. Ασία. Γρήγορα, ωστόσο, φάνηκε ότι η απελευθέρωση μιας τόσο
 μεγάλης περιοχής ξεπερνούσε τις δυνατότητες του ελληνισμού.
 Ειδικά στη Θεσσαλία και στη Μακεδονία, που είναι σε μεγάλο
 βαθμό πεδινές, καθώς και στη Θράκη, στην Κύπρο και στη
 Μ. Ασία, όπου ήταν εύκολο να φτάσει γρήγορα τουρκικός στρατός, η καταστολή ήταν άμεση. Τελικά, η επανάσταση εδραιώθηκε
 στην Πελοπόννησο, στη Στερεά Ελλάδα και σε ορισμένα νησιά
 του Αιγαίου. Οι δυνάμεις των επαναστατών αποτελούνταν από
 αγωνιστές που ακολουθούσαν κάποιον οπλαρχηγό δίχως να
 υπάρχει κεντρική ηγεσία.
 Οι πρωταγωνιστές Από τους χιλιάδες Έλληνες που συμμετείχαν στην επανάσταση ξεχώρισαν, χάρη στις στρατιωτικές ηγετικές τους ικανότητες, οι Θεόδωρος Κολοκοτρώνης, Γεώργιος
 1. Θ. Βρυζάκης, Ο Παλαιών Πατρών Γερμανός ευλογεί τη σηΚαραϊσκάκης, Οδυσσέας Ανδρούτσος και Μάρκος Μπότσαρης
 μαία της επανάστασης (φανταστική σύνθεση). Αν και ο
 Αγώνας είχε ξεκινήσει λίγες μέρες νωρίτερα, η 25η Μαρτίου στη στεριά, καθώς και οι Κωνσταντίνος Κανάρης και Ανδρέας
 Μιαούλης στη θάλασσα. Ηγετικό ρόλο έπαιξαν και δύο γυναίορίσθηκε το 1838 ως εθνική επέτειος για να συνδεθεί η κήρυξη της Επανάστασης με τον Ευαγγελισμό της Θεοτόκου.
",history,12,6,6.246070997225864,0.0472061969485625,6,6.379578617680949,0.0545261638098657,4,3.995931592588022,0.0021272401151097,7,6.746000678484478,0.0473769850708914,4,3.606473161642498,0.0649097150096578,4,3.6226497562629447,0.053338578008961,6,6.040630562839624,0.0134073546184416,7.939912792487462,7,6.990377311067277,0.0042537099198826,7.993299126900183,6.1,19.1,65.65801668211307,0.001332832
210,210,93,94,"πηγή, νέα Αγορά, τελεστήριο της Ελευσίνας κ.ά.), καθώς και με την προσπάθεια για
 δημιουργία βιβλιοθήκης. Μετά τον θάνατό του, το 527 π.Χ., την εξουσία ανέλαβε ο γιος του
 Ιππίας, τον οποίο οι Αθηναίοι ανέτρεψαν το 510 π.Χ.
 Από την πολιτική διαμάχη που ακολούθησε την πτώση της τυραννίας, ευνοημένοι βγήκαν οι
 δημοκρατικοί, οι οποίοι με αρχηγό τον Κλεισθένη προχώρησαν σε ενέργειες που θεμελίωσαν
 το δημοκρατικό πολίτευμα. Σημαντικό μέτρο ήταν η δημιουργία δέκα φυλών, των οποίων τα
 μέλη προέρχονταν από διαφορετικές περιοχές της Αττικής. Έτσι έπαψαν η συγγένεια και η
 καταγωγή να παίζουν ρόλο στην πολιτική ζωή της Αθήνας. Με το μέτρο αυτό ο Κλεισθένης
 «έδωσε την πολιτεία στον λαό», όπως έγραψε αργότερα ο Αριστοτέλης. Ένα άλλο μέτρο
 ήταν η αύξηση της βουλής κατά 100 μέλη (Βουλή των Πεντακοσίων). Για να προστατεύσει
",history,10,7,7.112943750587043,0.0380598114152977,7,7.37679754195608,0.053607482428572,4,3.982015498455212,0.0072371239483142,7,6.81985465404361,0.0395828157645602,4,4.255950467494131,0.0611066088158797,3,3.053404465268045,0.0167390703738579,6,6.370673483271276,0.0569231374378285,7.962671932343937,7,6.989306742525514,0.0046383762777566,7.9947659479012145,1.3,10.0,39.31794871794872,0.000840283
211,211,264,265,"Ο ναός του Βάκχου
 στο Baalbek του
 Λιβάνου (150 -200
 μ.Χ.). Ο ναός υψώνεται
 σε ένα βάθρο (podium)
 και περιβάλλεται
 από κιονοστοιχία
 κορινθιακού ρυθμού.
 Κίονες του ίδιου ρυθμού
 διακοσμούν και τους
 εσωτερικούς τοίχους του
 σηκού.
",history,10,7,7.222669197341016,0.0426109329210958,4,4.093747366881871,0.016682107494988,3,3.2227000042093437,0.0425863164950789,7,6.992290964411396,0.0032970703375388,3,3.3268600335877636,0.0543597839567107,3,3.0000681465102232,8.685031228961403e-05,7,7.047133126280045,0.0155325472038037,7.998965601449555,7,6.999742185099251,0.000235740932986,7.998471060045631,2.0,10.1,31.454545454545453,0.000900314
212,212,97,98,"της γραμματικής. Οι πλείστοι τούτων, […], εδιδάχθησαν ολίγα γράμματα εν Ελληθρησκευτικής συνείδησης των κατοίκων.
 νικώ σχολείω ή Γυμνασίω, εν τω οποίω ουδόλως ελήφθη φροντίς ν’ αναπτυχθή
 παρ’ αυτοίς εθνικόν φρόνημα. […] Αλλ’ οι Βούλγαροι διδάσκαλοι καταρτίζονται ειΣύντομα, όμως, πήρε ένοπλη μορφή.
 δικώς διά την Μακεδονίαν […]. Να συσταθώσι Διδασκαλεία έχοντα ειδικόν προοριΤο 1893 ιδρύθηκε στη Θεσσαλονίκη
 σμόν να καταρτίζωσι διδασκάλους πατριώτας, ικανούς να εργασθώσιν εν Μακεαπό Βούλγαρους της Μακεδονίας η
 δονία υπέρ των εθνικών συμφερόντων.
 Εσωτερική Μακεδονική Επαναστατική
 Απόσπασμα έκθεσης του ελληνικού προξενείου Θεσσαλονίκης, 1892.
 Οργάνωση (ΕΜΕΟ) που διακήρυττε ότι
 Πηγή: Ι. Κολιόπουλος, «Η θέση των Ελλήνων στη Μακεδονία από το 1881 ως το
 είχε σκοπό την ένωση των πληθυσμών
 1896», Ιστορία του ελληνικού έθνους, Εκδοτική Αθηνών, τόμ. ΙΔ´, σ. 216.
 της Μακεδονίας και της Θράκης, ανεξαρβ. Η οικονομική διάσταση
 τήτως εθνικότητας, για την αποτίναξη
 Aδιάκοπη και μια από τις κυριώτερες φροντίδες της «O.[ργάνωσης] Θ.[εσσατου οθωμανικού ζυγού και την αυτονόμηλονίκης]» ήταν ο οικονομικός κατά των Bουλγάρων πόλεμος. [...]. H «O.Θ.» δεν εμση της Μακεδονίας. Το 1895 σχηματίστηπόδιζε δικό μας έμπορο να συναλλάσσεται με σχισματικούς παρά μόνον όταν η
 κε στη Σόφια η Ανώτατη Μακεδονική
 γενικότερη ωφέλεια από την απαγόρευση αυτή άξιζε να ζημιωθεί ένα άτομο. Έτσι
 Επιτροπή (Komitet), με στόχο τον ξεσηοι γενικές οδηγίες περιορίζονταν εις το να μην αγοράζη κανείς Έλλην κατανακωμό όλων των κατοίκων της Μακεδολωτής από σχισματικούς και να μη χρησιμοποιή Βουλγάρους επαγγελματίες.
 νίας κατά της οθωμανικής εξουσίας, για
 Aθ. Σουλιώτης-Nικολαΐδης, O Mακεδονικός Aγών. H «Oργάνωσις Θεσσαλονίκης»
 τη δημιουργία μιας αυτόνομης Μακεδο1906-1908. Aπομνημονεύματα, Θεσσαλονίκη, ΙΜΧΑ, 1993, σ. 47-48.
 νίας που θα ενωνόταν με τη Βουλγαρία.
 Γύρω στα 1898 οργανώθηκαν στη ΜακεΝΕΟΤΕΡΗ ΚΑΙ ΣΥΓΧΡΟΝΗ ΙΣΤΟΡΙΑ
",history,12,8,8.02026125043049,0.0076321115672523,7,7.165216171970982,0.0363499701635323,4,4.060077694654524,0.018254205890849,7,6.999891536978907,9.439846548963742e-05,5,5.0417015782823,0.0688184329942319,4,4.038639750311745,0.0328951435596652,8,8.007905509127795,0.0036004170524181,7.009702375063171,7,7.000046455500637,0.0002147096098032,7.995915752772817,1.4,14.3,47.36933474688577,0.000886792
213,213,152,153,"αναδείχτηκε πρόεδρος της Τουρκικής Δημοκρατίας, υποχρέωσε
 τον σουλτάνο να φύγει από τη χώρα, εδραίωσε τον κοσμικό-λαϊκό (και όχι θρησκευτικό) χαρακτήρα του πολιτεύματος και στη
 συνέχεια θέλησε να μετατρέψει την Τουρκία σε σύγχρονο κράτος δυτικού τύπου: προσπάθησε να οργανώσει συστήματα υγείας και εκπαίδευσης, αντικατέστησε το οθωμανικό αλφάβητο με
 το λατινικό προσπαθώντας να φέρει τη χώρα του πιο κοντά στη
 Δύση, κατάργησε την πολυγαμία, παραχώρησε δικαίωμα ψήφου
 στις γυναίκες, απαγόρευσε στους άνδρες να φορούν φέσι και
 στις γυναίκες φερετζέ και επέβαλε τη χρήση οικογενειακών επιθέτων (ο ίδιος υιοθέτησε το Ατατούρκ, πατέρας των Τούρκων,
 με το οποίο τον αποκαλούσαν οι οπαδοί του). Οι κεμαλικές μεταρρυθμίσεις, ωστόσο, βρήκαν απήχηση μόνο στα ανώτερα και
 μεσαία κοινωνικά στρώματα. Οι φτωχότερες τάξεις και κυρίως
 οι αγροτικοί πληθυσμοί, δηλαδή η συντριπτική πλειονότητα του
 τουρκικού λαού, συνέχισαν να ζουν, σε μεγάλο βαθμό, όπως και
 πριν από την «κεμαλική επανάσταση».
 ΑΣΚΗΣΕΙΣ – ΔΡΑΣΤΗΡΙΟΤΗΤΕΣ
 1. Κατά τον ιστορικό Γ. Γιανουλόπουλο, η ανταλλαγή πληθυσμών ήταν «τραγική [...] αλλά και πλέον συμφέρουσα λύση»
 (πηγή 1). Να σχολιάσετε τη θέση αυτή.
 2. Ποια η σημασία της συνθήκης της Λοζάνης για την Ελλάδα, την Τουρκία αλλά και την ευρύτερη περιοχή των Βαλ3. Ο Κεμάλ διδάσκει σε Τούρκους την τουρκική γραφή
 κανίων και της νοτιοανατολικής Μεσογείου;
 γραμμένη σε λατινικό αλφάβητο.
 3. Να αποτιμήσετε την κίνηση της ελληνικής επαναστατικής
 κυβέρνησης να προχωρήσει αμέσως σε διανομή γαιών (πηγή 2). Ποιοι λόγοι υπαγόρευσαν αυτή την απόφαση; Ποια ήταν η σημασία της;
",history,12,8,7.620280101852849,0.0540031640746873,7,7.057620394743751,0.0195291649269718,4,3.9999705413174524,3.082579574397981e-05,6,6.153544207756582,0.0671750149297211,5,4.880650404491462,0.082951726877465,4,3.6007855541695335,0.056822134944768,8,7.834935082082659,0.0361475104699504,7.437821453792253,7,6.991208380920284,0.0040548017308903,7.99829867399842,3.7,15.6,54.79121863799283,0.000954533
214,214,114,115,"ταπεινωτική ήττα στον Ελληνοτουρκικό Πόλεμο του 1897 σκόρπισε απογοήτευση και
 προβληματισμό στο ελληνικό βασίλειο και ιδιαίτερα στους κόλπους του στρατεύματος.
 Μέσα σε σύντομο χρονικό διάστημα όμως το ελληνικό κράτος άρχισε να αναδιοργανώνεται. Μετέβαλε επίσης τη στάση του απέναντι στα εθνικά ζητήματα της Κρήτης και της Μακεδονίας, αναλαμβάνοντας πιο ενεργή δράση.
 Τον Μάρτιο του 1905 ξέσπασε στο χωριό Θέρισο της Κρήτης ένοπλη εξέγερση, με επικεφαλής τον Ελευθέριο Βενιζέλο και κύριο αίτημα την ένωση του νησιού με την Ελλάδα. Τελικά η
 ένωση της Κρήτης με το ελληνικό κράτος δεν πραγματοποιήθηκε, καθώς η εξέγερση τερματίστηκε
 μετά από διαπραγματεύσεις.
 Τρία χρόνια αργότερα η Κρήτη, εκμεταλλευόμενη την αναστάτωση που επικρατούσε στην
 Οθωμανική Αυτοκρατορία, επαναστάτησε και πάλι κηρύσσοντας την ένωση με την Ελλάδα. Η
 ελληνική Κυβέρνηση, από φόβο μήπως επαναληφθούν τα γεγονότα του 1897, δεν αναγνώρισε
 επίσημα την ένωση, προκαλώντας τη λαϊκή δυσαρέσκεια.
 Στη Μακεδονία η κατάσταση ήταν πιο δύσκολη. Η αναμέτρηση μεταξύ Ελλήνων και Βουλγάρων, που διεκδικούσαν την περιοχή, είχε ενταθεί μετά το Συνέδριο του Βερολίνου το 1878, που
 διατήρησε τη Μακεδονία υπό τουρκική κυριαρχία. Γύρω κυρίως από τα σχολεία και τις εκκλησίες
 των μακεδονικών χωριών δόθηκε ένας σκληρός αγώνας ανάμεσα στις δυο χώρες για επικράτηση.
 Οι Βούλγαροι άρχισαν να στέλνουν αντάρτες (κομιτατζήδες), που πίεζαν τους κατοίκους να δηλώσουν ότι ανήκαν στην ανεξάρτητη βουλγαρική εκκλησία (Εξαρχία).
 Η βουλγαρική δραστηριότητα οδήγησε την Ελλάδα σε ενεργητικότερη ανάμιξη στις μακεδονικές υποθέσεις. Αξιωματικοί του ελληνικού στρατού, όπως ο Παύλος Μελάς, ο Κωνσταντίνος
 Μαζαράκης και ο Τέλλος Αγαπηνός (Άγρας) καθώς και οπλαρχηγοί από πολλές άλλες περιοχές,
 όπως ο Γεώργιος Τσόντος από την Κρήτη, ο Παναγιώτης Παπατζανετέας από τη Μάνη και άλλοι
 έφτασαν στη μακεδονική γη και από κοινού με ντόπιους Έλληνες, σχημάτισαν ανταρτικές ομάδες.
 Τη δράση των ανταρτικών αυτών ομάδων συντόνιζαν Έλληνες διπλωμάτες που υπηρετούσαν
 στη Μακεδονία, όπως ο Πρόξενος στη Θεσσαλονίκη Λάμπρος Κορομηλάς και ο υποπρόξενος
 στο Μοναστήρι Ίων Δραγούμης αλλά και δυναμικοί ιεράρχες, σαν τον Μητροπολίτη Καστοριάς
 Γερμανό Καραβαγγέλη.
 Ο θάνατος του νεαρού αξιωματικού Παύλου Μελά σε σύγκρουση με τον τουρκικό στρατό
 στο χωριό Στάτιστα (σημερινό Μελάς) της Καστοριάς, στις 13 Οκτωβρίου 1904, κινητοποίησε τους
 Έλληνες και έκανε την ελληνική Κυβέρνηση να διεκδικήσει δυναμικότερα τη Μακεδονία, εγκαταλείποντας τους δισταγμούς της.
 Για τα επόμενα τέσσερα χρόνια η ελληνική αντεπίθεση στη Μακεδονία ανέκοψε τη βουλγαρική διείσδυση. Η ένοπλη φάση του Μακεδονικού Αγώνα διακόπηκε το 1908. Τη χρονιά αυτή
",history,6,8,7.868462441701041,0.0325102121552053,6,6.500929380097517,0.0562115537662184,4,3.99951750920809,0.0003437193153234,6,5.783737976818202,0.0648045866446885,5,4.684630354997239,0.076296020607074,3,3.0953499200613237,0.0252765128720311,8,7.639969338113332,0.061333029199456,7.222694259970353,7,6.887764925679221,0.028716449003151,7.9914112004862545,4.4,17.3,58.66993464052288,0.001164825
215,215,249,250,"γενετικού κώδικα (DNA), υποστηρίζοντας ότι
 ιδιαίτερα και να το κρατήσουμε μακριά από την καθημερινή μας ύπαρξη.
 έχει τη μορφή διπλής έλικας, αντιγράφεται
 Αλλά η επιστήμη και η καθημερινή ζωή δεν μπορούν και δεν πρέπει να
 χωρίς να μεταβάλλεται η δομή του και μεταείναι διαχωρισμένες. Η επιστήμη, για μένα, εξηγεί εν μέρει τη ζωή, εφόσον
 η εξέλιξη της επιστήμης βασίζεται στο γεγονός, στην εμπειρία και στο
 φέρει τα κληρονομικά χαρακτηριστικά κάθε
 πείραμα.
 οργανισμού. Κατά τη δεκαετία του ’70 η επιΡόζαλιντ Φράνκλιν, γράμμα στον πατέρα της, καλοκαίρι 1940.
 στήμη της γενετικής μηχανικής άρχισε τις
 Πηγή: www.spartacus.schoolnet.co.uk/
 προσπάθειες παρέμβασης στον γενετικό κώδικα, προκειμένου να παραχθούν ζώα και φυτά
 με βελτιωμένες ιδιότητες. Ήταν οι απαρχές μια επανάστασης που τα αποτελέσματά της ίσως αποδειχθούν πιο καταλυτικά από αυτά της βιομηχανικής επανάστασης. Το 1998 γεννήθηκε το πρώτο ζώο από κλωνοποίηση, το πρόβατο
 Ντόλι. Σήμερα πολλά από τα προϊόντα της καθημερινής μας διατροφής (φρούτα, λαχανικά, άλλα τρόφιμα) είναι αποτελέσματα γενετικής τροποποίησης.
 Η ιατρική σημείωσε, επίσης, εκπληκτικές προόδους. Ασθένειες που στις αρχές του 20ού αιώνα ήταν θανατηφόρες (φυματίωση, ελονοσία) αντιμετωπίστηκαν αποτελεσματικά. Επίσης, η ανακάλυψη των ιών της πενικιλίνης (Αλεξάντερ Φλέμινγκ, 1928) και των αντιβιοτικών επέτρεψαν την αντιμετώπιση ιογενών ασθενειών. Επιπλέον, έγιναν εφικτές οι μεταμοσχεύσεις οργάνων, οι καρδιοχειρουργικές επεμβάσεις και οι επεμβάσεις με ακτίνες λέιζερ. Τεράστιο βήμα στην αντιμετώπιση των προβλημάτων ανθρώπινης στειρότητας υπήρξε η γέννηση το 1978 του πρώτου παιδιού του σωλήνα, δηλαδή
 του πρώτου βρέφους που είχε προέλθει από εξωσωματική γονιμοποίηση.
 Οι επιστήμες του ανθρώπου κινήθηκαν κι αυτές σε κλίμα αναζήτησης.
",history,12,8,8.003187573872538,0.002721399922602,8,7.730697929698266,0.0469185442223778,4,4.000619735625605,0.0004277796925814,7,6.999570296067077,0.000307586674984,5,5.004492090643907,0.0762976096899902,4,3.83788821345199,0.0370209173473174,8,7.999187177300882,0.0013884401079148,7.000706733422248,7,6.999088864325074,0.0006238122308203,7.999567420706171,2.6,16.0,52.48465974625144,0.001104534
216,216,24,25,"θαλάσσιο αποκλεισμό σε βάρος της Γαλλίας, εμποδίζοντας πλοία
 τρίτων χωρών να πλησιάζουν τις γαλλικές ακτές.
 Ο Ναπολέων, χάρη στις νίκες και στις κατακτήσεις του, δημιούργησε
 βασίλεια-δορυφόρους της Γαλλίας, σε πολλές περιοχές της Ευρώπης.
 Καθώς, όμως, η Γαλλία απαιτούσε φόρους για να καλύπτει τα τεράστια
 έξοδα των πολέμων, η γαλλική παρουσία αντιμετώπισε την αντίδραση
 των ευγενών και του ανώτερου κλήρου, που επιδίωκαν την επαναφορά
 της μοναρχίας και την αποκατάσταση των προνομίων τους, καθώς και
 σημαντικού μέρους των λαϊκών στρωμάτων, που ένιωσε να επιβαρύνεται οικονομικά και να βρίσκεται υπό ξένη κυριαρχία.
 Το 1812 ο Ναπολέων αποφάσισε να επιτεθεί στη Ρωσία, με τη δικαιολογία ότι η τελευταία δεν εφάρμοζε αυστηρά τον ηπειρωτικό
 αποκλεισμό. Ο γαλλικός στρατός κατόρθωσε να φτάσει μέχρι τη Μόσχα, χωρίς, όμως, να θέσει υπό την κυριαρχία του τη Ρωσία. Λόγω του
 χειμώνα, των ασθενειών και των επιθέσεων, οι δυνάμεις του Ναπολέοντα άρχισαν να υποχωρούν. Κατά την υποχώρηση, ένας νέος συνα2. Ζ.Λ. Νταβίντ, Ο Ναπολέων διασχίζει τις Άλπεις.
 σπισμός ευρωπαϊκών κρατών (Αγγλία, Αυστρία, Πρωσία, Ρωσία, Ισπανία, Σουηδία, βασίλειο της Νεάπολης) κατάφερε καίριο πλήγμα στις
 γαλλικές δυνάμεις (μάχη της Λιψίας, 1813). Από ένα στράτευμα 600.000 περίπου ανδρών επέστρεψαν στη Γαλλία λιγότεροι
 από 100.000 άνδρες. Η ήττα των Γάλλων στο Βέλγιο, στη μάχη του Βατερλό (1815), σήμανε και το τέλος της κυριαρχίας
 του Ναπολέοντα.
 Γαλλική επανάσταση και εποχή του Ναπολέοντα: μια αποτίμηση Η περίοδος 1789-1815 αποτελεί τομή στην ευρωπαϊκή
 αλλά και στην παγκόσμια ιστορία. Στη διάρκειά της:
 – Η αστική τάξη της Γαλλίας κατέλαβε την εξουσία, δείχνοντας τον δρόμο και στις άλλες αστικές τάξεις της Ευρώπης.
 – Τα συμφέροντα της αστικής τάξης προωθήθηκαν αποφασιστικά και, χάρη σε μια σειρά από μεταρρυθμίσεις, η φιλελεύθερη οικονομία, η οικονομία της ελεύθερης αγοράς, κέρδισε έδαφος.
 – Οι αρχές του Διαφωτισμού έγιναν πολιτικά αιτήματα και, σε έναν βαθμό, δικαιώθηκαν.
 – Η απολυταρχία γκρεμίστηκε στη Γαλλία και κλονίστηκε στην υπόλοιπη Ευρώπη.
 – Αναπτύχθηκε η ιδέα ότι τα όρια του έθνους και του κράτους πρέπει να συμπίπτουν. Πολίτες και κράτος συνδέθηκαν μ’
 ένα πλέγμα δικαιωμάτων και υποχρεώσεων (π.χ. πολιτικά δικαιώματα-υποχρέωση στρατιωτικής θητείας). Έτσι γεννήθηκε η
 σύγχρονη έννοια της πατρίδας, στο πλαίσιο του έθνους-κράτους, που ενέπνεε αφοσίωση στους ανθρώπους.
 – Η εκκλησία διαχωρίστηκε, για πρώτη φορά στη νεότερη εποχή, από το κράτος.
",history,12,8,7.972155820850048,0.0102951883775471,6,6.223161433469734,0.0428965562160864,4,3.9999848090144496,2.216900564380388e-05,6,5.661367152194202,0.0635950839441665,4,3.9264098645799095,0.0770068528147751,4,3.5621990587546684,0.0550565824562489,8,7.825838573901478,0.0313202786278839,7.1645126312618,7,6.648865489478339,0.056790697906837,7.9986733149762586,2.5,14.1,51.65647033300792,0.000990966
217,217,8,9,"Η καθημερινή
 ζωή κατά την
 Παλαιολιθική
 εποχή.
 Με βάση
 την εικόνα να
 περιγράψεις
 την ημέρα ενός
 παλαιολιθικού
 ανθρώπου.
",history,10,5,5.01547390432097,0.0094621840529823,4,3.9790166325619793,0.0082898076183468,2,2.003576926892741,0.0019283675249252,7,6.971798375906474,0.0081963317303634,3,3.106508583163304,0.0474091017768167,3,2.999103932860106,0.0005997359942754,5,5.358844047936145,0.0616466816196178,7.995390319612056,7,6.994876127472708,0.0021540226837087,7.999700038637059,-0.4,9.5,35.0,0.00078611
218,218,49,50,"Η Πύλη
 των λεόντων,
 στην ακρόπολη
 των Μυκηνών.
 Για πρώτη φορά η
 μνημειακή γλυπτική
 εμφανίζεται στο
 ευρωπαϊκό έδαφος.
 Βλέποντας αυτό
 το αρχιτεκτονικό
 σύνολο, πώς
 φαντάζεσαι τον
 χαρακτήρα των
 Μυκηναίων;
",history,10,7,7.010033779314199,0.0066832100887849,4,5.334965769201517,0.0796438210406218,3,3.000880160762339,0.000613865916443,7,6.955621370100204,0.0142018948799059,4,3.6799176121130586,0.0753061128918199,3,3.0861911024667847,0.023754307850621,7,6.971852046969957,0.0196103792692914,7.999446201305034,7,6.999001535284705,0.0007883097222256,7.999432224857813,-0.1,11.3,46.62745098039216,0.000885467
219,219,67,68,"Ματιά στο παρελθόν
 Οι εφημερίδες στην Επανάσταση
 Η έκδοση εφημερίδων γνώρισε μεγάλη άνθιση την περίοδο της Με­
 γάλης Επανάστασης του 1821. Συνδέθηκε, μάλιστα, με την υπερά­
 σπιση των εθνικών δικαίων και την ενημέρωση των ξένων για την
 ελληνική υπόθεση. Το πρώτο Εθνικό Τυπογραφείο λειτούργησε στην
 Αίγινα. Από την πλούσια εκδοτική δραστηριότητα της εποχής αξίζει
 να εστιάσουμε στην «Γενική Εφημερίδα της Ελλάδος», την πρώτη
 ουσιαστικά επίσημη ελληνική εφημερίδα καθώς και στα «Ελληνικά
 Χρονικά», τα οποία εξέδιδε στο Μεσολόγγι ο Ελβετός Φιλέλληνας
 Ιάκωβος Μάγερ. Η εφημερίδα του Μάγερ διέκοψε την κυκλοφορία
 της στις αρχές του 1826, λόγω της καταστροφής των εγκαταστάσεών
 της από τουρκικό βλήμα.
",history,6,7,6.64002696825446,0.0580362900205746,6,5.982533048171831,0.0115685499545637,3,3.0474257187275526,0.0153275579008207,5,5.051136404485078,0.0490190246538364,3,3.328087399225751,0.0527874486343306,3,3.005219807172601,0.0026218949726662,6,6.068145720538489,0.0200814705580078,7.946596845455218,7,6.35522671462536,0.0809322896747288,7.997409729308856,4.2,16.0,56.73333333333333,0.001139048
220,220,121,122,"τμήμα της ΒΔ. Μακεδονίας. Στη Βουλγαρία αποδόθηκε το μεγαλύτερο μέρος της Δ. Θράκης. Η Οθωμανική αυτοκρατορία
 ανέκτησε την Α. Θράκη. Τα Δωδεκάνησα παρέμειναν υπό ιταλικό έλεγχο. Λίγους μήνες αργότερα (πρωτόκολλο της Φλωρεντίας, 4 Δεκεμβρίου 1913), η Β. Ήπειρος, περιοχή με σημαντική ελληνική παρουσία, παραχωρήθηκε στην Αλβανία, απόφαση που προκάλεσε τις έντονες αντιδράσεις των Ελλήνων της περιοχής.
 Οι Νέες Χώρες διέθεταν θετικές προοπτικές. Πόλεις όπως η Θεσσαλονίκη, τα Ιωάννινα, η Καβάλα, η Μυτιλήνη, η Χίος
 και το Ηράκλειο της Κρήτης αποτελούσαν ήδη ακμαία οικονομικά κέντρα. Παράλληλα, το ελληνικό κράτος βρέθηκε αντιμέτωπο με το έργο της αφομοίωσης των Νέων Χωρών. Οι μουσουλμανικοί και σλαβικοί πληθυσμοί, που κατείχαν τις περισσότερες καλλιεργήσιμες γαίες, και η ισχυρή εβραϊκή κοινότητα της Θεσσαλονίκης, που έλεγχε, σε μεγάλο βαθμό, την
 οικονομική ζωή της πόλης, αντιμετώπισαν τις ελληνικές αρχές, τουλάχιστον στην αρχή, με κάποια δυσπιστία.
 Παράλληλα, σε πολιτικό επίπεδο συνεχίστηκαν αποφασιστικά από τις κυβερνήσεις Βενιζέλου οι μεταρρυθμίσεις που
 είχαν αρχίσει πριν από το 1912. Στο πλαίσιο αυτό, αναγνωρίστηκαν τα εργατικά σωματεία, θεσπίστηκαν μέτρα για την
 ασφάλιση των εργαζομένων και την καθιέρωση της οκτάωρης εργασίας και ιδρύθηκαν αγροτικοί συνεταιρισμοί.
 Στην εξωτερική πολιτική, η άρνηση του σουλτάνου να αποδεχτεί την ελληνική κυριαρχία στα νησιά του Β. και Α. Αιγαίου, η ιταλική κατοχή των Δωδεκανήσων και επιπλέον η ύπαρξη πυκνών ελληνικών πληθυσμών στη Β. Ήπειρο, στη Θράκη
 και στη Μικρά Ασία δημιουργούσαν έντονη κινητικότητα. Σε λίγο, οι διεθνείς εξελίξεις θα έδιναν σε όλα τα βαλκανικά
 κράτη την ευκαιρία να εκδηλώσουν τις διαθέσεις τους.
 Η οργάνωση της ελληνικής διοίκησης της Μακεδονίας
 Ο Κωνσταντίνος Ρακτιβάν διορίστηκε από τον Ελευθέριο Βενιζέλο, τον Οκτώβριο του 1912, προσωρινός διοικητής των εδαφών
 που είχε καταλάβει έως τότε ο ελληνικός στρατός. Σε συνέντευξή του παρουσίασε τις βάσεις στις οποίες θα στηριζόταν η οργάνωση της ελληνικής διοίκησης.
 […] Ουδόλως θέλω να είπω ότι θα ανατρέψω τα πάντα. Ο διοικητικός οργανισμός, ο δικαστικός, ως και οι λοιποί κλάδοι της υπηρεσίας θέλουσι λειτουργήσει περίπου ως και επί της τουρκικής κυριαρχίας, μετά των μεταβολών, εννοείται, αίτινες επιβάλλονται
 εκ της νέας των πραγμάτων καταστάσεως. Προς επιδίωξιν και επίτευξιν του σκοπού τούτου οφείλω:
 1. Να προσενεχθώ προς πάσας τας εθνικότητας εν ισότητι και δικαιοσύνη, να σεβασθώ τα δικαιώματα των ατόμων και να εργασθώ διά την ευημέρειαν όλων των κατοίκων της χώρας ταύτης αδιακρίτως. Αύται εισίν άλλως τε και αι γενικαί αρχαί, αίτινες
 κρατούσι και καθοδηγούσι την διοίκησιν εν Ελλάδι, ώστε πάντα ταύτα δεν είναι δι’ εμέ νέα. Οι Ισραηλίται της Ελλάδος δύνανται
 να μαρτυρήσωσι περί τούτου […].
 2. Να εξασφαλίσω την δημοσίαν τάξιν. […] Εάν ο πληθυσμός δεν είναι ευχαριστημένος, είμαι έτοιμος να δεχθώ και ακούσω όλους
 τους δυσαρεστημένους. Το γραφείον μου είναι ανοικτόν εις όλον τον πληθυσμόν.
 Κ. Ρακτιβάν, Έγγραφα και σημειώσεις εκ της πρώτης Ελληνικής Διοικήσεως της Μακεδονίας (1912-1913), επιμ. Κ.Θ. Δημαράς, Εταιρεία Μακεδονικών Σπουδών, Θεσσαλονίκη 1951, σ. 39-43.
",history,12,8,7.998023865893458,0.0014678929075476,7,6.738072476213688,0.0492693291450979,4,3.9998855841477052,0.0001082118312418,7,6.883022898709569,0.0298215867685987,4,4.490384012192408,0.0754759437352837,4,3.89364069154772,0.0274773592061048,8,7.976630532053804,0.0091303110262213,7.037321933317514,7,6.993177159183688,0.0031543912133364,7.997525411870356,2.3,13.9,51.16197989566103,0.000944866
221,221,162,163,"φονεύτηκε σε μία σύγκρουση με τους Συρακούσιους. Όταν φθάνουν οι σπαρτιατικές ενισχύσεις
 υπό τον ικανότατο στρατηγό Γύλιππο, η κατάσταση χειροτερεύει για τους Αθηναίους και
 καταλήγει σε καταστροφή. Για τον Θουκυδίδη η σικελική καταστροφή σηματοδοτεί και την
 οριστική πτώση του αθηναϊκού μεγαλείου. «Οὐδέν ἐστιν ὅ,τι οὐκ ἀπώλετο - Όλα χάθηκαν».
 Η οχύρωση της Δεκέλειας από τους Σπαρτιάτες είχε καταστρεπτικά αποτελέσματα για την
 Αθήνα. Η ύπαιθρος χάνεται για την πόλη. Οι Αθηναίοι προσπαθούν να ναυπηγήσουν νέο στόλο.
 Συγχρόνως, οι Πέρσες αρχίζουν ξανά να εμφανίζονται στο Αιγαίο. Ο Αλκιβιάδης, ο οποίος μετά
 τη Σπάρτη έχει καταφύγει στη Μικρά Ασία, συμβουλεύει τους Πέρσες να συντηρούν τον πόλεμο
 ανάμεσα σε Αθήνα και Σπάρτη. Οι Πέρσες προσφέρουν χρήματα στους Σπαρτιάτες και εκείνοι
 με τα χρήματα των Περσών ναυπηγούν ισχυρό στόλο και διεκδικούν από τους Αθηναίους την
",history,10,8,7.974084147226804,0.0098185550425008,8,7.998212536042434,0.0050372731842602,4,3.9953911669122704,0.002361681448552,7,6.664522161194213,0.057972822431816,6,5.690982844967948,0.0647457666448202,4,4.0217392943329315,0.0140402056931901,8,7.973972645880536,0.009860718988415,7.03732385026629,7,6.99935200460493,0.0004621486961866,7.993273060725187,1.2,12.1,48.293103448275865,0.000931169
222,222,95,96,"Όταν ολοκληρώθηκαν αυτά, το πολίτευμα έγινε πολύ πιο δημοκρατικό από το αντίστοιχο του
 Σόλωνα. Πολλοί από τους νόμους του Σόλωνα είχαν αχρηστευθεί από το τυραννικό πολίτευμα,
 επειδή δεν εφαρμόζονταν. Ο Κλεισθένης, στην
 προσπάθειά του να ενισχύσει τη λαϊκή δύναμη, ψήφισε
 Όστρακο που
 φέρει το όνομα
 και τον νόμο του οστρακισμού. Ο νόμος αυτός τέθηκε
 «Μεγακλῆς
 σε ισχύ εξαιτίας της καχυποψίας που προκαλούσαν
 Ἱπποκράτους» και
 όλοι όσοι κατείχαν ισχυρές θέσεις. Ο Πεισίστρατος
 έχει χρησιμοποιηθεί
 λόγου χάρη από δημοφιλής ηγέτης της και στρατηγός
 σε διαδικασία
 έγινε τύραννος. 
 οστρακισμού (Αθήνα,
 Μουσείο Αγοράς).
 Αριστοτέλης, Αθηναίων πολιτεία, 22. 1-3
",history,10,8,8.000735210743962,0.0007261865867607,8,7.991631629822264,0.005196533874155,4,4.013968776245292,0.0060158221874802,7,7.000035487828544,4.909592563220706e-05,6,5.349637558883842,0.0846853971933809,4,3.7826580926775932,0.0523015626007536,8,8.000896595166978,0.0011157153229703,7.001921442128605,7,7.020328004313541,0.0079875318591979,7.997714820076041,1.4,13.3,41.33152173913044,0.000884838
223,223,27,28,"το μαντείο:
 ο ιερός τόπος
 στον οποίο
 πήγαιναν οι
 Έλληνες για
 να μάθουν από
 τους ιερείς τι  
 θα τους
 συμβεί στο
 μέλλον.
",history,4,5,4.998484216228462,0.000614138815707,4,3.999991962851096,1.2804187929291108e-05,2,2.0001904285636556,0.0001679938215822,4,4.002476410394593,0.0048804930432247,2,2.000188455639403,0.0143160551709677,2,1.9150578732806025,0.0234833261358726,5,4.999798312757775,0.0004452794233228,7.982012390130819,4,4.119899479566811,0.0320963876813986,7.106668079388328,4.8,9.9,37.0,0.001000598
224,224,38,39,"Αεροφωτογραφία
 του ανακτόρου
 της Κνωσού.
 Διακρίνεται η
 πλακόστρωτη
 κεντρική αυλή.
 Πολιτική και
 διοικητική
 οργάνωση:
 τα ανάκτορα
",history,10,5,4.999050363388051,0.0012833235593565,4,4.000518277717617,0.0002213034662861,2,2.017981447579107,0.0072398198849182,4,4.000400684570195,0.0104536036705441,3,2.972473697247551,0.0354404571205695,3,2.962768639093362,0.0128731607035341,5,5.048837907057532,0.011716086969857,7.9465965958820135,7,5.641866000631126,0.0767695385977135,7.998426859339816,-1.8,14.2,53.70175438596492,0.000731012
225,225,138,139,"των πολιτών απέναντι στον νόμο αλλά συγχρόνως
 και δυνατότητα για όλους να διάγουν μια άνετη ζωή.
 Καθιερώνει τη μισθοφορία, ένα είδος οικονομικής
 ενίσχυσης για τους απορότερους, ώστε να μπορούν,
 απερίσπαστοι, να παρακολουθούν τις συνεδριάσεις
 της Εκκλησίας του Δήμου και να ασκούν τα πολιτικά
 τους δικαιώματα. Ακόμη και οι φτωχότεροι είχαν τη
 δυνατότητα να καταλαμβάνουν πολιτειακά αξιώματα.
 Επιπλέον, η Πολιτεία αναπτύσσει θεσμούς κοινωνικής
 προστασίας και πληρώνει, για τους απόρους, το
 αντίτιμο του εισιτηρίου τους για την είσοδό τους στο
 θέατρο (θεωρικά χρήματα). Ακόμη ο Περικλής
 συλλαμβάνει το σχέδιο της ανοικοδόμησης μεγάλων
 δημόσιων έργων, τα οποία θα προσφέρουν εργασία
 σε πολλούς και θα αλλάξουν την όψη της πόλης. Η
 πόλη της Αθηνάς θα μεταμορφωθεί.
 Η Ειρήνη του Καλλία εξασφαλίζει για τους Αθηναίους
 την ειρήνη με τους Πέρσες και την απόλυτη κυριαρχία
 στο Αιγαίο. Οι σχέσεις με τη Σπάρτη, οι οποίες μετά
 την πτώση του Κίμωνα ήταν αρκετά ταραγμένες,
 εξομαλύνονται με τη σύναψη της Τριακονταετούς
 Ειρήνης (446 π.Χ., Τριακοντούτεις Σπονδαί). Έτσι η
 Αθήνα, απερίσπαστη, θα ασχοληθεί με την υλοποίηση
 ενός υψηλού πολιτιστικού, καλλιτεχνικού και παιδευτικού οράματος.
",history,10,7,7.320195681018085,0.0507056255679535,7,6.862723269171852,0.0502875148780281,4,3.9324542797249933,0.0198560648900285,6,5.46886447091083,0.0707888096551299,5,4.739252490110545,0.0792529353616209,4,3.967248623121492,0.0119005498207744,7,7.157534608771528,0.0570356751412139,7.99241759814322,7,6.793350622266644,0.0433738985357921,7.966881571475824,3.7,15.4,50.89306930693069,0.001141503
226,226,136,137,"Περσικών πολέμων, πεθαίνουν ο ένας στη φυλακή και ο άλλος στην εξορία. Οι κύριοι
 εκπρόσωποι της νέας πολιτικής γενιάς, αν και ανήκουν σε αντίπαλες πολιτικές μερίδες, όπως
 ο Κίμων και ο Περικλής, δέχονται να είναι απλώς οι προικισμένοι υπηρέτες της κοινότητας.
 Η νομιμοφροσύνη του Κίμωνα στο δημοκρατικό πολίτευμα είναι παροιμιώδης. Ο ίδιος
 δέχεται αδιαμαρτύρητα τον εξοστρακισμό του το 461 π.Χ. και, όταν η πατρίδα τον ανακαλεί,
 τίθεται επικεφαλής του στόλου των Αθηναίων κατά την τελευταία τους επιχείρηση εναντίον
 των Περσών, για να πεθάνει πολιορκώντας τη Σαλαμίνα της Κύπρου και να νικήσει, έστω και
 νεκρός, τους Πέρσες (449 π.Χ.). Ο ίδιος ο Περικλής δεν είναι παρά ο πρώτος ανάμεσα
 στους πολίτες. Η μεγαλύτερη δόξα για τον Περικλή είναι ότι, παρόλο που κυριάρχησε για
 πολλά χρόνια στον πολιτικό στίβο της Αθήνας και συγκέντρωσε στα χέρια του εκτεταμένες
 εξουσίες, ποτέ δεν ξέφυγε από τη δημοκρατική νομιμότητα.
 Ο Περικλής, γόνος του παλαιού γένους των Αλκμεωνιδών και μαθητής του φιλόσοφου
 Αναξαγόρα, εμφανίζεται για πρώτη φορά στον πολιτικό ορίζοντα της Αθήνας στο πλευρό του
 Εφιάλτη, του ηγέτη του δημοκρατικού κόμματος, το 462 π.Χ. Τότε, το δημοκρατικό κόμμα,
 εκμεταλλευόμενο την ατυχή ανάμειξη του Κίμωνα στην επανάσταση των Μεσσηνίων ειλώτων
 στη Σπάρτη, κατορθώνει να εξοστρακίσει τον Κίμωνα και να πάρει την εξουσία. Εφιάλτης
 και Περικλής θα αγωνιστούν για τη δημοκρατικότερη εξέλιξη του πολιτεύματος. Ο αγώνας
 τους θα κορυφωθεί με την αφαίρεση, από τον Άρειο Πάγο, που ήταν το προπύργιο του
 συντηρητισμού, κάθε πολιτικής εξουσίας, καθώς και του αποκλειστικού προνομίου της
 απονομής της δικαιοσύνης. Μετά τη δολοφονία του Εφιάλτη και την πολιτική αποδυνάμωση
 του Κίμωνα, ο Περικλής, ως αρχηγός του δημοκρατικού κόμματος, θα αρχίσει να εφαρμόζει
 το προσωπικό του πολιτικό πρόγραμμα. Για τον Περικλή δημοκρατία σημαίνει ισότητα όλων
",history,10,8,7.990075480465961,0.0045895065933922,7,7.094040887897441,0.0259935482467782,4,3.9989686486455867,0.000653973133758,7,6.996364623950285,0.0018989684439531,5,5.315960177365241,0.080648265035443,3,3.2689550553432127,0.0467613111687792,8,7.93083922503973,0.0204115594562839,7.020327871132849,7,7.000047120967338,0.0001632812424315,7.998055270374607,4.6,15.7,53.74534161490684,0.001146285
227,227,225,226,"ΕΝΟΤΗΤΑ 56
 Η Ελλάδα από τη Μεταπολίτευση
 έως τις αρχές της δεκαετίας του ’80 (1974-1981)
 Η Μεταπολίτευση και η κυβέρνηση εθνικής ενότητας Αμέσως
 μετά την πτώση της απριλιανής δικτατορίας επέστρεψε από το Παρίσι ο Κ. Καραμανλής και σχημάτισε κυβέρνηση εθνικής ενότητας
 (βλέπε γλωσσάριο) με τη συμμετοχή πολιτικών της ΕΡΕ και της
 Ένωσης Κέντρου, των δύο μεγαλύτερων κομμάτων της προδικτατορικής περιόδου.
 Η κυβέρνηση εθνικής ενότητας απελευθέρωσε, αμέσως, όλους
 τους πολιτικούς κρατούμενους και φρόντισε να απομακρύνει στελέχη του δικτατορικού καθεστώτος από τις θέσεις τους, προκειμένου
 να αποκτήσει τον έλεγχο του κράτους και, κυρίως, του στρατού.
 Επίσης, η νέα κυβέρνηση προσπάθησε να αντιμετωπίσει, με διπλωματικά μέσα, τη σοβαρότατη κρίση που προκλήθηκε από την
 τουρκική προέλαση στην Κύπρο, δίχως, όμως, αποτέλεσμα, καθώς ο
 τουρκικός στρατός κατέλαβε τελικά το 37% του κυπριακού εδά-
",history,12,8,7.428317560182794,0.0729882822940322,8,7.649292667383634,0.0526776966124428,4,3.966914786232799,0.0116701615163021,7,6.972764632068412,0.0096070311146647,4,3.943649257415018,0.0628679971413355,3,3.000113411086204,0.000108648720602,6,6.012781853927351,0.0054339378361101,7.966913532836827,7,6.995433446685638,0.0023176288213519,7.996804061833245,8.7,22.5,84.10816777041943,0.001625665
228,228,92,93,"ΕΝΟΤΗΤΑ 21
 Το κρητικό ζήτημα (1821-1905)
 Η επανάσταση του 1821 στην Κρήτη καταπνίγηκε από δυνάμεις του ηγεμόνα της Αιγύπτου Μοχάμετ Άλι, που κράτησε
 υπό τον έλεγχό του το νησί έως το 1840. Τότε η Κρήτη τέθηκε ξανά υπό οθωμανική διοίκηση.
 Οι προσπάθειες των Ελλήνων της Κρήτης, των ελεύθερων Ελλήνων και του ελληνικού κράτους για ένωση της Κρήτης
 με την Ελλάδα, καθώς και η εμπλοκή της Οθωμανικής αυτοκρατορίας και των Δυνάμεων σ’ αυτές ονομάστηκαν κρητικό
 ζήτημα.
 1. Το ολοκαύτωμα της
 μονής Αρκαδίου.
 Πίνακας του Ιταλού ζωγράφου Γκατέρι. Το φιλελληνικό ρεύμα ήταν ιδιαίτερα
 ισχυρό εκείνη την εποχή
 στην Ιταλία και δεκάδες
 Ιταλοί εθελοντές
 συμμετείχαν στην κρητική
 επανάσταση του 1866.
",history,12,6,6.202965106940496,0.0407919403399304,7,6.610226293040569,0.0598386881726128,3,3.2018132026416595,0.0403853935786959,5,4.552089902055741,0.0607845945648309,4,3.7235091905267836,0.0608641205065521,3,3.022972217242568,0.0088005601670443,6,6.012529384507161,0.0054192124939672,7.9148996426311555,5,5.898018919692731,0.0825671400933967,7.003038824885152,3.2,12.9,46.11709601873536,0.000876432
229,229,193,194,"Απομακρυσμένη από το σώμα της υπόλοιπης Ελλάδας και τριγυρισμένη από ισχυρούς
 εχθρούς, η Κύπρος ήταν μοιραίο να αποτελεί τον στόχο των διαφόρων αυτών λαών και να
 υφίσταται τις επιθέσεις τους. Αν και ήταν χωρισμένη σε εννέα βασίλεια, κατόρθωσε να
 αντιμετωπίζει ενωμένη τους εξωτερικούς κινδύνους. Πολλές φορές πάλι με διπλωματικές
 συνεννοήσεις απέφευγε τις βίαιες καταλήψεις, αφού προηγουμένως δεχόταν να πληρώνει
 ένα είδος φόρου στους επιδρομείς. Έτσι δεν έχανε τελείως τη διοικητική της αυτονομία. Αυτό
 συνέβη όταν το νησί περιήλθε στην εξουσία των Ασσυρίων στα 721 π.Χ. Η Κύπρος πλήρωνε
 φόρους στους βασιλείς των Ασσυρίων, αλλά διατηρούσε την ανεξαρτησία της. Μάλιστα κατά
 την περίοδο αυτή γνώρισε μια μοναδική οικονομική ανάπτυξη. Από το 550 μέχρι το 525 π.Χ. η
 Κύπρος βρίσκεται κάτω από την κηδεμονία της Αιγύπτου.
 Τους Αιγυπτίους διαδέχθηκαν οι Πέρσες. Κατά την Ιωνική επανάσταση η Κύπρος προσπάθησε
 να αποτινάξει τον περσικό ζυγό, αλλά δεν το κατόρθωσε. Η εκστρατεία του Κίμωνα, το 450
 π.Χ. έχει ως προσωρινό επακόλουθο την αναχώρηση των Περσών από την Κύπρο, οι οποίοι
 μετά τον θάνατό του επανέρχονται. Όμως κάτω από τον περσικό ζυγό τα κυπριακά βασίλεια
 διατηρούν την αυτονομία τους.
 Το 410 π.Χ. ανέρχεται στον θρόνο του
 κυπριακού βασιλείου της Σαλαμίνας ο Ευαγόρας,
 ένας αξιόλογος μονάρχης. Στις ημέρες του το
 βασίλειο της Σαλαμίνας απέκτησε τόση ισχύ,
 όση δεν είχε γνωρίσει ποτέ άλλοτε. Οι άνδρες
 δέχονταν ευχαρίστως να υπηρετούν εθελοντικά
 στον στρατό για να υπερασπίζονται την πατρίδα
 τους. Έτσι δημιουργήθηκε ένας από τους
 πρώτους λαϊκούς στρατούς που αναφέρει η
 ιστορία. Σιγά-σιγά ο Ευαγόρας έγινε κύριος όλου
 του νησιού. Μορφωμένος ο ίδιος και λάτρης του
",history,10,8,7.946645941620545,0.017118097760917,7,7.106575895265195,0.0273565506133247,4,3.999200573946382,0.0005298134666506,6,5.869721507955745,0.0709260307940528,5,4.718649130045378,0.0658725700241831,3,3.0229779581633807,0.0087875555336615,8,7.987317434528414,0.005510590146338,7.053396704572776,7,6.996688008617184,0.0017950752678696,7.989004089956325,1.0,10.7,44.09769268532155,0.000842416
230,230,143,144,"ΕΝΟΤΗΤΑ 37
 Το τουρκικό εθνικό κίνημα
 Η ήττα της Οθωμανικής αυτοκρατορίας και η παρουσία στρατευμάτων της Αντάντ σε
 διάφορες περιοχές της χώρας γέννησαν αισθήματα ταπείνωσης στους μουσουλμανικούςτουρκικούς πληθυσμούς του οθωμανικού κράτους, οι οποίοι αντέδρασαν με διαδηλώσεις.
 Παράλληλα, αρκετοί αξιωματικοί του σουλτανικού στρατού έδειχναν απροθυμία να παραδοθούν. Ένας από αυτούς, ο Μουσταφά Κεμάλ (1881-1938), άρχισε, στην Ανατολή, σε περιοχές που δεν ελέγχονταν από την Αντάντ, την οργάνωση κινήματος αντίστασης. Τον Ιούνιο
 του 1919, σε σύσκεψη στην Αμάσεια του Πόντου, ο Κεμάλ και οι συνεργάτες του έθεσαν ως
 στόχο την οργάνωση ενός κινήματος με σκοπό όχι τη διατήρηση της πολυεθνικής Οθωμανικής αυτοκρατορίας, που αποτελούσε πια παρελθόν, αλλά τη δημιουργία ενός νέου, τουρκικού εθνικού κράτους.
 Λίγους μήνες αργότερα, το καλοκαίρι και το φθινόπωρο του 1919, στο Ερζερούμ και στη
 Μουσταφά Κεμάλ
 Σεβάστεια αντίστοιχα, πραγματοποιήθηκαν δύο συνέδρια στα οποία συμμετείχαν αντιπρόσωποι τουρκικών οργανώσεων αντίστασης από όλη τη χώρα. Οι στόχοι του κινήματος, που είχαν διατυπωθεί στην Αμάσεια, έγιναν αποδεκτοί από όλους και ο Κεμάλ αναδείχτηκε σε αναμφισβήτητο ηγέτη. Επιπλέον, διατυπώθηκαν οι βάσεις
 μιας εθνικής διακήρυξης, ενός πολιτικού προγράμματος αγώνα των Τούρκων για την ανεξαρτησία τους. Ενώ αυτά συνέβαιναν στην Ανατολία, ο σουλτάνος και οι Δυνάμεις αντιμετώπιζαν το εθνικό κίνημα ως ανταρσία και καταδίκαζαν τη
 δραστηριότητα του Κεμάλ.
 Στα τέλη του 1919, ο Κεμάλ όρισε ως
 Ο Κεμάλ παρουσιάζει τις αποφάσεις του συνεδρίου του Ερζερούμ (1919)
 έδρα του εθνικού κινήματος την Άγκυ1. Όλες οι περιοχές της χώρας μας που βρίσκονται μέσα στα εθνικά όρια είναι
 ρα. Στο μεταξύ, κατά τις γενικές εκλοενιαίες · δε χωρίζονται μεταξύ τους. [...]
 γές για την οθωμανική Βουλή στην
 2. Εάν εισβάλουν οι εχθροί στα εδάφη μας και αναμειχθούν στα εσωτερικά μας,
 θα προβάλλουμε αντίσταση με κάθε μέσο. [...]
 Κωνσταντινούπολη, οι κεμαλικοί κέρδι3. Εάν δεν είναι αρκετή η δύναμη της κυβέρνησης της Κωνσταντινούπολης για
 σαν την πλειοψηφία και πέτυχαν να
 την προστασία και την ελευθερία της πατρίδας, καθώς και για την εξασφάλιση της
 αποδεχτεί η νέα Βουλή ως δική της
 ασφάλειας που απαιτείται για την πραγματοποίηση του σκοπού, θα ιδρυθεί μια
 απόφαση την εθνική διακήρυξή τους (Ιαπροσωρινή κυβέρνηση. Τα μέλη αυτής της κυβέρνησης θα εκλεγούν από συνέδριο
 νουάριος 1920), που ονομάστηκε από
",history,12,7,7.431295403063242,0.063841434873715,7,7.016953428864472,0.007873396098407,4,3.9770240058843456,0.0087874412584969,7,6.962983413664915,0.0115301858074448,5,4.898548421856276,0.0859760579960891,3,3.0059089404501265,0.0029117069609911,6,6.168575997395816,0.0367545904010508,7.946595577122196,7,6.998435086293284,0.0009201615737388,7.997519695397841,4.7,16.8,55.91687192118226,0.001140095
231,231,91,92,"Ματιά στο παρελθόν
 Πρόσφυγες
 Μία από τις σκληρότερες συνέπειες των πολεμικών επι­
 χειρήσεων ήταν η προσφυγοποίηση μεγάλου μέρους του
 ντόπιου πληθυσμού. Χιλιάδες πρόσφυγες, Χριστιανοί
 αλλά και Μουσουλμάνοι, υποχρεώθηκαν να εγκαταλεί­
 ψουν τον τόπο τους φοβούμενοι για τη ζωή τους και να
 αναζητήσουν αλλού μια καλύτερη τύχη. Γράφει ενδεικτι­
 κά ο Μακρυγιάννης για τους πρόσφυγες από την Άρτα:
 «Τότε πήγα στην Αγιά, όπου είχα στείλει τις ειδήσεις μου
 κι εκεί βρήκα τους δυστυχείς Αρτινούς, που έφταναν ξυ­
 πόλυτοι, γυμνοί και νηστικοί. Και έπεσαν όλοι στο λαιμό
 μου για να τους σώσω. Ήταν όλες οι σημαντικές προ­ Πρόσφυγες μετά την καταστροφή των Ψαρών, έργο του Νικολάου Γύζη,
 σωπικότητες της Άρτας εκεί και πλήθος γυναικόπαιδα, Αθήνα, Εθνική Πινακοθήκη.
 περίπου πεντακόσιες οικογένειες...». «Με την άφιξη της
 οικογένειάς μας στο Άργος αρρωστήσαμε όλοι από επιδημική αρρώστια και ενώ ήμαστε μία δεκαμελής οικο­
 γένεια αποτελούμενη από πέντε αγόρια, τρία κορίτσια και τους γονείς μας, δεν ήταν κανείς από εμάς υγιής για
 να φροντίσει τους άλλους», σημείωνε ένας πρόσφυγας από τη Χίο.
",history,6,8,7.622105875464463,0.0534128580625012,7,6.978858828906141,0.0276872784952433,3,3.3486465759390853,0.0519255961128657,6,5.61256984997226,0.0678384091832604,4,3.7754843944785534,0.0576347689733819,3,3.119213498080171,0.0293466855099991,7,7.250288607599487,0.0589081939701234,7.990283759478643,7,6.710284007573279,0.0541860474154772,7.98891162955988,5.4,16.5,52.93233082706767,0.001223733
232,232,142,143,"ΓΙΑ ΜΙΑ ΑΛΛΗ ΜΑΤΙΑ
 ΣΤΟ ΠΑΡΕΛΘΟΝ…
 …διαβάστε
 0 Ηλίας Βενέζης, Αιολική γη
 (1943).
 Η ζωή μιας ομάδας εφήβων στη Μικρά Ασία τα ανέμελα χρόνια πριν
 τον πόλεμο.
 0 Κοσμάς Πολίτης, Στου Χατζηφράγκου (1964).
 Η ζωή στη συνοικία Χατζηφράγκου
 της Σμύρνης στις αρχές του 20ού
 αιώνα.
",history,12,7,7.244687985896348,0.0534550501284821,8,7.8511153106810525,0.0373817995134879,3,3.0008983852599442,0.0005983594571823,5,4.8775815032363425,0.0900950566425733,3,3.3704085678909905,0.0640344079337434,4,3.625543123339412,0.0543965243195547,6,6.442947446156211,0.0665626579988766,7.835481559721643,7,6.870837210601167,0.0275033469340961,7.996723854930465,0.6,7.7,31.79385964912281,0.000857443
233,233,111,112,"παρακμή της Οθωμανικής Αυτοκρατορίας κατά τον 19ο αιώνα ενθάρρυνε τους υπόδουλους βαλκανικούς λαούς να εξεγερθούν, διεκδικώντας την ελευθερία τους. Πρώτοι οι
 Έλληνες δημιούργησαν ανεξάρτητο ελληνικό κράτος. Στη συνέχεια και οι άλλοι βαλκανικοί
 λαοί κατάφεραν να κερδίσουν την ανεξαρτησία η την αυτονομία τους. Ωστόσο, οι Τούρκοι εξακολουθούσαν να κατέχουν πολλά εδάφη της Βαλκανικής Χερσονήσου, στα οποία κατοικούσαν
 διάφορες εθνότητες.
 Καθώς ο 19ος αιώνας πλησίαζε προς το τέλος του, μεγάλωναν οι εθνικοί ανταγωνισμοί
 μεταξύ των λαών για τη διεκδίκηση των εδαφών της Οθωμανικής Αυτοκρατορίας στα Βαλκάνια. Οι εδαφικές διεκδικήσεις των βαλκανικών λαών και τα συγκρουόμενα εμπορικά και άλλα
 οικονομικά συμφέροντα των Μεγάλων Δυνάμεων στην Οθωμανική Αυτοκρατορία περιέπλεξαν
 ακόμη περισσότερο το σύνθετο Ανατολικό Ζήτημα.
 Το 1875 ξέσπασε εξέγερση στην Ερζεγοβίνη και τον επόμενο χρόνο το επαναστατικό κίνημα επεκτάθηκε στη Βουλγαρία, τη Σερβία και το Μαυροβούνιο. Ο Σουλτάνος μετέφερε στρατιωτικές δυνάμεις προς τις επαναστατημένες περιοχές αλλά το 1877 μπήκε στον πόλεμο και η
 Ρωσία, η οποία ενδιαφερόταν για τους σλαβικούς λαούς των Βαλκανίων, καθώς έτσι εξυπηρετούνταν καλύτερα τα συμφέροντά της. Η Ρωσία νίκησε και η ηττημένη Τουρκία υποχρεώθηκε
 να υπογράψει τη Συνθήκη του Αγίου Στεφάνου (Μάρτιος του 1878). Η συνθήκη αυτή προέβλεπε την ίδρυση αυτόνομου βουλγαρικού κράτους, που θα περιελάμβανε ολόκληρη σχεδόν τη
 Μακεδονία, σε βάρος των ελληνικών διεκδικήσεων.
 Οι υπόλοιπες Μεγάλες Δυνάμεις όμως αντέδρασαν στην εφαρμογή της συνθήκης, καθώς
 τα συμφέροντά τους επέβαλαν να διατηρηθούν τα σύνορα της Οθωμανικής Αυτοκρατορίας και
 να εμποδιστεί η επέκταση της Ρωσίας προς τη Μεσόγειο.
 Σε συνέδριο που έγινε στο Βερολίνο το καλοκαίρι του ίδιου χρόνου, υπογράφηκε νέα συνθήκη, που αντικατέστησε τη Συνθήκη του Αγίου Στεφάνου και περιείχε ευνοϊκότερους όρους
 για την Τουρκία. Σύμφωνα με τη Συνθήκη του Βερολίνου (Ιούλιος του 1878), η Βουλγαρία
 παρέμεινε αυτόνομη αλλά έχασε τις περισσότερες περιοχές που της είχαν αποδοθεί με τη Συνθήκη του Αγίου Στεφάνου, ανάμεσά τους και τη Μακεδονία. Η Σερβία, το Μαυροβούνιο και η
 Ρουμανία κέρδισαν την ανεξαρτησία τους. Τέλος, η Ανατολική Ρωμυλία έγινε αυτόνομη ηγεμονία.
 Το 1885 η Βουλγαρία προσάρτησε την Ανατολική Ρωμυλία. Η Ελλάδα αντέδρασε κηρύσσοντας επιστράτευση, αλλά οι Μεγάλες Δυνάμεις με παρέμβασή τους εμπόδισαν μια πολεμική
 σύγκρουση. Ωστόσο, η αντιπαράθεση των εθνικών διεκδικήσεων έγινε μεγαλύτερη στις αρχές
 του 20ού αιώνα, καθώς ένας μεγάλος πόλεμος, ο Πρώτος Παγκόσμιος, επρόκειτο να ξεκινήσει.
",history,6,8,7.880459789655127,0.0297553526439199,7,6.924823112569925,0.0220889274157468,4,3.9998505164503513,0.0001332164413173,6,6.413684524603013,0.0663669088301393,4,4.179304626651287,0.0595671703817,3,3.1824333458122283,0.0381528134502428,8,7.829872969232383,0.0385904478426227,7.377537053326478,7,6.9951807535082935,0.0024581045588414,7.999445039138209,4.1,17.0,60.97920088,0.001175122
234,234,257,258,"σε κατά τον 20ό αιώνα σημαντική ανάπτυξη με τα έργα των
 κυριολεκτικά το συναίσθημα του παραλόγου.
 Χάξλεϊ, Ασίμοφ και Κλαρκ. Σε αυτή την κατηγορία μπορούν
 Α. Καμί, Ο μύθος του Σίσυφου. Δοκίμιο πάνω στο παράλογο, μτφρ.
 να ενταχθούν και ορισμένα έργα του Όργουελ, που μίλησε
 Β. Χατζηδημητρίου, Μπουκουμάνης, Αθήνα 1973, σ. 14.
 για το μέλλον υπογραμμίζοντας τους κινδύνους ελέγχου της
 σκέψης.
 Ο μαγικός ρεαλισμός είναι όρος ο οποίος επινοήθηκε για να περιγράψει μια μορφή πεζογραφήματος που συνδυάζει ρεαλιστικές περιγραφές με έντονα φανταστικά ή μυθικά στοιχεία. Κύριοι εκπρόσωποί του ο Μπόρχες, ο Μαρκές (Νόμπελ 1982)
 και η Αλιέντε.
 Τέλος, στο δεύτερο μισό του 20ού αιώνα αναπτύχθηκε η πεζογραφία, που αφορούσε ομάδες οι οποίες είχαν βιώσει ή
 βίωναν τον κοινωνικό αποκλεισμό. Η κοινωνική θέση των γυναικών απασχόλησε έργα των ντε Μποβουάρ, Ντιράς και Γιουρσενάρ. Η θέση των Αφροαμερικανών στην κοινωνία των ΗΠΑ ήταν, επίσης, ζήτημα που έθιξαν κυρίως Αφροαμερικανοί λογοτέχνες, ανάμεσα στους οποίους ξεχώρισε η μυθιστοριογράφος Τόνι Μόρισον, η πρώτη μαύρη γυναίκα που έλαβε το βραβείο Νόμπελ Λογοτεχνίας (1993). Παράλληλα, σημαντικά μυθιστορήματα με αναφορές στο απαρτχάιντ έδωσε η λευκή Νοτιοαφρικανή Γκόρτιμερ (Νόμπελ 1991).
 ΑΣΚΗΣΕΙΣ – ΔΡΑΣΤΗΡΙΟΤΗΤΕΣ
 1. Να σχολιάσετε τα όσα λέει ο Αντρέ Μπρετόν (πηγή 1) για την αυτόματη γραφή.
 2. Διαθεματική δραστηριότητα: Να διαβάσετε το μυθιστόρημα του Χεμινγουέι Αποχαιρετισμός στα όπλα, να δείτε την ομώνυμη κινηματογραφική ταινία και στη συνέχεια να κάνετε σχετική παρουσίαση στην τάξη σας.
",history,12,8,7.999314193240707,0.000765120613954,8,7.904672888337981,0.0253005812558977,4,4.001923256102145,0.0011255572715151,7,6.9999907043480505,2.1012759545014403e-05,5,5.294521347135742,0.0742718496603498,4,3.9542690061498433,0.0162689471333939,8,8.001215094802092,0.0011285188530041,7.201811020276892,7,7.005214678790566,0.002626576664616,7.9988286753117706,1.4,12.4,44.40087145969499,0.000956954
235,235,288,289,"Από τότε που δεν υπάρχουν πια ψήφοι για πούλημα, αυτός που άλλοτε μοίραζε την
 εξουσία, τα αξιώματα, τις λεγεώνες, αυτός ο απογοητευμένος λαός δεν εύχεται πια, μ’ ένα
 ανήσυχο πάθος, παρά να έχει δύο μόνο πράγματα: άρτον και θεάματα.
 Ιουβενάλης, Σάτιρες, Χ, 77-81 (Μετ. Β.Σ.)
 προσλαμβάνει έναν βοηθό, ο οποίος θα ασκεί πλήρη εξουσία στην περιοχή του και θα φέρει
 τον τίτλο του καίσαρα. Έτσι η Αυτοκρατορία διοικείται πια από μια Τετραρχία, της οποίας ο
 Διοκλητιανός είναι καθοδηγητής. Η Ρώμη, θεωρητικά, παραμένει η πρωτεύουσα του κράτους,
 όμως οι τετράρχες έχουν την έδρα τους σε άλλες πόλεις.
 Ο Διοκλητιανός μετέφερε την έδρα του στη Νικομήδεια της Βιθυνίας, σε περιοχή όπου
 κυριαρχούσε το ελληνικό στοιχείο και ο ελληνικός τρόπος ζωής. Ουσιαστικά δέχεται ότι το
 ανατολικό τμήμα της Αυτοκρατορίας, πολυανθρωπότερο από το δυτικό, ήταν και οικονομικά
 ευρωστότερο. Όμως το ανατολικό τμήμα ανήκει στη σφαίρα επιρροής του ελληνικού
 πολιτισμού και της ελληνικής γλώσσας. Έτσι, σιγά-σιγά, το δυναμικό ανατολικό τμήμα της
 Ρωμαϊκής αυτοκρατορίας μεταβάλλεται σε ελληνικό.
",history,10,8,7.998522598962722,0.0017211826131201,8,7.924503096156087,0.0218728360711253,4,4.000043410712351,5.304880023587686e-05,6,6.3937001926904244,0.0581602241288494,6,5.351568017951649,0.0817944533118249,4,3.9929754162367317,0.0039500532859707,8,7.990564941660097,0.0046141771654949,7.01590316791976,7,6.992334462382701,0.0036212504320199,7.9932886758724635,3.2,13.9,49.807670614777216,0.000905931
236,236,78,79,"Τον 8ο αιώνα π.Χ. παρατηρήθηκε στον ελληνικό κόσμο μία σημαντική εξέλιξη. Το παλιό
 φυλετικό κράτος διασπάστηκε και τη θέση του πήρε η πόλη-κράτος. Ο Αριστοτέλης είδε τη
 δημιουργία της πόλης-κράτους ως επιθυμία των ανθρώπων για ζωή και την επιβίωσή της
 ως επιθυμία για καλή ζωή. Πυρήνας του νέου θεσμού υπήρξε ο συνοικισμός. Ακολούθησε η
 ένωση των συνοικισμών σε μία πόλη (ἄστυ), γύρω από μία ισχυρή θέση, την ακρόπολη. Πάνω
 στην ακρόπολη χτίζονταν
 οι ναοί και τα δημόσια κτίρια.
 Κάτω και γύρω από αυτήν
 απλώνονταν οι κατοικίες
 και τα καταστήματα, όπου
 τεχνίτες, ξυλουργοί, αγγειοπλάστες και έμποροι
 εργάζονταν για να καλύψουν
 τις ανάγκες της ζήτησης. Σταδιακά η πόλη περιβάλλεται
 από τείχη. Στην ύπαιθρο
 εξακολούθησε να μένει ένα
 μέρος του πληθυσμού που
 ασχολούνταν με τη γεωργία
 και την κτηνοτροφία.
 Ο πολίτης αισθάνεται
 ασφαλής, αναπτύσσει ποιΧάρτης με τις
 κίλες δραστηριότητες και
 πόλεις-κράτη
 νιώθει ελεύθερος. Αποκτά
 συνείδηση του ρόλου του ως μέλους μιας κοινότητας, στη διακυβέρνηση της οποίας μετέχει
 Ο πολίτης και η
 ενεργά. Οι πολίτες στρατεύονται για να υπηρετήσουν τις ανάγκες ενός νέου οργανικού συνόλου.
",history,10,7,7.009963296817595,0.0067371814712012,6,6.111327096666898,0.0338906728950548,4,3.6513549466270376,0.0519243468639467,5,4.652872794159521,0.0705320961818664,4,3.7693353751164977,0.0565507080953474,3,3.0203339221575334,0.0079811509972624,7,6.6530507158962,0.052635418391364,7.997811505338177,6,5.8222715596491526,0.0613895995939912,7.022975044667874,1.4,11.2,44.38461538461539,0.000875474
237,237,56,57,"Κάτοψη
 του μυκηναϊκού
 μεγάρου πυρήνα
 των μυκηναϊκών
 ανακτόρων.
 Λιτό, απέριττο,
 αντικατοπτρίζει
 τη διαφορετική
 νοοτροπία του
 Μυκηναίου σε σχέση
 με τον Μινωίτη.
",history,10,7,7.0850510510908045,0.0234144690671034,8,8.103494767390657,0.0334760227682268,3,3.000702997322321,0.0004774791432747,7,6.998307218898844,0.0009270133720035,7,6.20777195005212,0.0953269015425668,3,3.3873909996927978,0.0558885152267839,7,7.437790813933613,0.0550982097276993,7.999288701809974,7,6.999519015177157,0.0003445180822702,7.997107809743923,0.3,14.8,52.5,0.001054884
238,238,78,79,"παράθεμα 3 Ένας μεγάλος Έλληνας
 Όταν  νύχτωσε, η ησυχία βασίλευε στα δύο στρατόπεδα και τους στρατιώτες τούς είχε πάρει ο ύπνος.
 Εκείνη την ώρα ο Αλέξανδρος, ο γιος του Αμύντα,
 που ήταν στρατηγός και βασιλιάς των Μακεδόνων,
 πήγε με το άλογό του στους φρουρούς των Αθηναίων και ζήτησε να δει τους στρατηγούς τους. Οι φρουροί τούς ειδοποίησαν και εκείνοι ήρθαν αμέσως. Τότε ο Αλέξανδρος τούς είπε τα εξής: «Άνδρες Αθηναί4. Σημερινή άποψη από την πεδιάδα των
 οι, αυτά που θα σας πω να μην τα μάθει κανένας άλΠλαταιών
 λος εκτός από τον Παυσανία, γιατί αλίμονό μου. Θα
 κρατούσα το στόμα μου κλειστό, αν δε μ' ένοιαζε όλη η Ελλάδα. Γιατί κι εγώ είμαι Έλληνας και δε
 θέλω η Ελλάδα να γίνει σκλάβα. Σας λέω λοιπόν πως ο Μαρδόνιος αποφάσισε να δώσει μάχη μόλις
 ξημερώσει. Γι' αυτό αρχίστε τις προετοιμασίες. Αν πάλι ο Μαρδόνιος αναβάλει τη μάχη, να μείνετε
 στις θέσεις σας, γιατί τα τρόφιμα που έχει είναι λιγοστά. Κι αν ο πόλεμος τελειώσει και νικήσετε,
 τότε να φροντίσετε να ελευθερώσετε κι εμένα. Εμένα που για χάρη της Ελλάδας έκανα μια τόσο
 τολμηρή πράξη και σας φανέρωσα τα σχέδια του εχθρού, για να μη σας ξαφνιάσει».
 Ηρόδοτος, Ιστορία, Θ´, 44-45 (διασκευή)
",history,4,7,6.666195525944431,0.0679098126138108,8,7.777283845121019,0.042905559423813,3,3.106691362429899,0.027267846760484,5,4.7359141784986605,0.0486038623828156,4,4.2383477002713335,0.090392071556059,3,3.095416498290433,0.0253324538557124,6,6.004585626667399,0.0023225158795332,7.817571913527246,5,5.041515040443755,0.0288987196854672,7.002413859656372,2.2,8.8,39.749756572541386,0.000899619
239,239,77,78,"παράθεμα 2 Σπαρτιατικά και περσικά δείπνα
 Ο Ξέρξης έφυγε για την πατρίδα του και άφησε στην Ελλάδα τον Μαρδόνιο με όλα όσα είχε μαζί
 του. Ο  Παυσανίας, βλέποντας τη σκηνή του Μαρδόνιου με χρυσά και ασημένια αντικείμενα και
 κεντημένα υφάσματα, έδωσε διαταγή στους μάγειρους να ετοιμάσουν δείπνο σαν να τους το είχε
 ζητήσει ο Μαρδόνιος. Αυτοί υπάκουσαν με προθυμία και ετοίμασαν ένα δείπνο πολυτελέστατο.
 Όταν το είδε ο Παυσανίας, έμεινε κατάπληκτος. Για να διασκεδάσει, παράγγειλε στους δικούς
 του να ετοιμάσουν ένα σπαρτιατικό δείπνο. Εκείνοι το ετοίμασαν· η διαφορά όμως ήταν τόσο
 τεράστια που ο Παυσανίας, χαμογελώντας, κάλεσε τους στρατηγούς των Ελλήνων. Μόλις συγκεντρώθηκαν, τους έδειξε τα δύο δείπνα και τους είπε: «Έλληνες, σας κάλεσα εδώ, για να σας
 δείξω την επιπολαιότητα των Περσών. Αυτοί, ενώ είχαν κάθε μέρα τέτοια τροφή, ξεκίνησαν εναντίον μας, για να μας πάρουν τη δική μας που είναι τόσο λίγη».
 Ηρόδοτος, Ιστορία, Ι, 82 (διασκευή)
",history,4,6,6.015949690270645,0.0066350858853366,6,6.481069612779947,0.0682572091139687,3,3.0000112954622864,1.1921627530849075e-05,4,4.119376130536608,0.02944722372281,4,3.8332102236454375,0.0559111452991557,3,3.0420938281349663,0.0140261528394499,6,6.001092999933462,0.0008325072126415,7.990290506221413,5,4.959200817575038,0.0217646396273933,7.001283105746552,2.7,12.0,43.93508114856429,0.001016986
240,240,127,128,"Αναπαράσταση των
 αγαλμάτων μιας
 οικογένειας από τη
 Σάμο: ο συμποσιαστής
 πατέρας σε ανάκλιντρο
 δεξιά, η μητέρα
 καθιστή αριστερά, και
 ανάμεσά τους τα παιδιά
 τους, ο γιος (ντυμένος
 κούρος) και οι τρεις
 κόρες.
 Έργο του Γενέλεω.
 (Σάμος και
 Βερολίνο)
",history,10,7,6.912920788735846,0.019894613313329,8,6.164046779798809,0.0910142932456088,3,2.966914172065856,0.0116715304250792,4,4.258061382318715,0.0505502352761703,4,3.622286995407194,0.0756982717517115,3,3.0021744413336364,0.0012622668645445,7,6.52892569212645,0.0665098162055211,7.999087328810106,7,6.9879969861234486,0.0049869053584718,7.999552129115131,1.2,10.6,41.0,0.00075035
241,241,21,22,"Λογοτεχνικό δημιούργημα της σουμεριακής ακμής το έπος Γιλγαμές, το οποίο προηγείται
 κατά μιάμιση χιλιετία των ομηρικών επών, διηγείται την ιστορία ενός νεαρού βασιλιά, γεμάτου δύναμη και αλαζονεία. Ο βασιλιάς αυτός, ο Γιλγαμές, μέσα από τις περιπέτειες και τα
 παθήματά του μεταμορφώνεται, γίνεται ταπεινός και, τελικά, με δάκρυα και πόνο, δέχεται
 την κοινή μοίρα όλων των ανθρώπων, τον θάνατό του.
 Το σουμεριακό αυτό έπος, το αρχαιότερο στο είδος του, αποτελεί ένα από τα σπουδαιότερα
 λογοτεχνικά δημιουργήματα της ανθρωπότητας. Ας γευτούμε κάτι από την ομορφιά του:
 Άκου την ιστορία του ανθρώπου αυτού, του Γιλγαμές,
 που τόσο δεινοπάθησε σκληρά.
 Ανώτερος απ’ άλλους βασιλιάδες και πολεμιστής, άρχοντας
 και γίγαντας.
 Ήρωας που στην Ουρούκ είδε το φως, σαν Ταύρος άγριος, ορμητικός.
 Μπροστά τραβάει, αρχηγός
 Ακολουθεί, στήριγμα των συντρόφων του,
 Πλέγμα γερό, προστάτης των αντρών του,
 Αυτός, το μανιασμένο κύμα της πλημμύρας
 Που κι έναν τοίχο πέτρινο γκρεμίζει.
 Ο Γιλγαμές σε δύναμη άφταστος.
 Το έπος του Γιλγαμές: Πινακίδα Ι, στήλη ε΄. Απόδοση Αύρα Word (Εκδόσεις Ιστός)
 Τι σου θυμίζουν οι στίχοι του σουμεριακού έπους;
 Η Αίγυπτος
 Οι Φαραώ με τις
 πυραμίδες πίστευαν
 ότι θα συνέχιζαν
 και μετά τον θάνατο
 την εξουσία τους
 στους ανθρώπους.
",history,10,8,7.90460491654084,0.0253157852374733,8,7.777901879274964,0.0433442707549162,4,3.970689369185152,0.0106293313518171,6,5.94381509837342,0.0752217766238015,4,3.667758512601722,0.0640813193845294,3,3.269108887994168,0.0468633666685914,8,7.894474195901239,0.0278279960952212,7.067542373948129,7,6.873981239368732,0.0311736235057451,7.999371071289943,3.5,14.3,54.29711209006364,0.001102404
242,242,268,269,"στοές και στις οποίες συχνά κτίζονται ναοί αφιερωμένοι στη λατρεία των αυτοκρατόρων
 –fora– λαμπρύνουν τη Ρώμη και άλλες πόλεις, υδραγωγεία, γέφυρες και μεγάλοι δρόμοι
 με στοές αποσκοπούν στην ύδρευση και επικοινωνία των κέντρων της αυτοκρατορίας
 μεταξύ τους, κολοσσιαία λουτρά αποτελούν κέντρα πολιτιστικών εκδηλώσεων και
 επικοινωνίας (βλ. και παράθεμα «Οι Ρωμαίοι και τα
 δημόσια έργα», σελ. 124),
 τα θέατρα μετατρέπονται σε
 αμφιθέατρα για ναυμαχίες,
 μονομαχίες και θηριομαχίες,
 πολυτελή ανάκτορα και
 επαύλεις κτίζονται παντού.
 Τοιχογραφίες και ψηφιδωτά που συχνά αντιγράφουν ονομαστά έργα
 της ελληνικής τέχνης διακοσμούν όλα αυτά τα κτίρια
 και μας δίνουν μια εικόνα
 των χαμένων πρωτότυπων
 έργων.
",history,10,8,7.85194436486163,0.0337033047027817,8,7.677802565993716,0.0508973924566119,4,3.9998308098065536,0.0001489728868489,7,6.987158801583064,0.0055335050091722,5,4.9802276538612205,0.068584478825987,4,3.994631214533001,0.0040293114887593,8,7.9579113438412605,0.0140812873156874,7.007572640032777,7,6.999947736486092,0.0001400809534419,7.999503429168726,5.7,19.8,61.833333333333336,0.001264699
243,243,172,173,"ΕΝΟΤΗΤΑ 44
 Το προσφυγικό ζήτημα στην Ελλάδα κατά τον Μεσοπόλεμο
 Ένα από τα σημαντικότερα θέματα που είχε να αντιμετωπίσει η ελληνική κοινωνία του Μεσοπολέμου ήταν το προσφυγικό ζήτημα, δηλαδή η στέγαση και η επαγγελματική αποκατάσταση των προσφύγων.
 Το ελληνικό κράτος απευθύνθηκε στην Κοινωνία των Εθνών (ΚτΕ), η οποία βοήθησε την Ελλάδα να συνάψει δάνειο και
 ίδρυσε την Επιτροπή Αποκαταστάσεως Προσφύγων (ΕΑΠ), έναν αυτόνομο οργανισμό που θα δρούσε με τη συνεργασία
 του ελληνικού κράτους. Η ΕΑΠ λειτούργησε από το 1923 έως το 1930 και ασχολήθηκε κυρίως με την αποκατάσταση των
 προσφύγων στην ύπαιθρο. Περίπου 750.000 πρόσφυγες οδηγήθηκαν στη Μακεδονία και στη Θράκη, γιατί εκεί υπήρχαν
 διαθέσιμες γαίες αλλά και για να εξασφαλιστεί η αριθμητική υπεροχή του ελληνικού στοιχείου σε αυτές τις περιοχές.
 Η αποκατάσταση των προσφύγων στις πόλεις ήταν κυρίως έργο του ελληνικού κράτους, που δημιούργησε προσφυγικούς συνοικισμούς (Καισαριανή, Βύρωνας, Νέα Ιωνία στην Αθήνα και Κοκκινιά στον Πειραιά). Οι πλούσιοι πρόσφυγες προτίμησαν περιοχές της αρεσκείας τους (Νέα Σμύρνη, Καλλίπολη του Πειραιά). Τέλος, όσοι φτωχοί πρόσφυγες δεν εξασφάλισαν κάποια από τις κατοικίες που έδινε το κράτος συνέχισαν να μένουν για πολλά χρόνια σε άθλια οικήματα στους
 προσφυγικούς συνοικισμούς.
 Παρά τα κρατικά μέτρα, τα προβλήματα δεν έλειπαν, καθώς συχνά η στάση των γηγενών Ελλήνων απέναντι στους πρόσφυγες ήταν αρνητική. Οι πρόσφυγες πήραν γη που πολλοί γηγενείς θεωρούσαν δική τους και πρόσφεραν την εργασία
 τους φτηνά πιέζοντας προς τα κάτω τις αμοιβές και των ντόπιων. Ακόμη, οι πρόσφυγες ήταν στη συντριπτική τους πλειονότητα βενιζελικοί κι αυτό τους έφερνε σε αντίθεση με την αντιβενιζελική Παλαιά Ελλάδα. Τέλος, πολλοί γηγενείς θεωρούσαν τους πρόσφυγες παράδοξους, καθώς είχαν πρωτάκουστα ονόματα, έτρωγαν άγνωστα φαγητά και οι γυναίκες
 τους εργάζονταν σε ξένες δουλειές. Το αποτέλεσμα ήταν η λέξη «πρόσφυγας» να είναι για χρόνια απαξιωτικός χαρακτηρισμός μεταξύ των γηγενών Ελλήνων.
 Πάντως, η άφιξη των προσφύγων σφράγισε τη νεοελληνική κοινωνία.
 Σε πολιτικό επίπεδο, η συγκέντρωση της πλειονότητας των Ελλήνων μέσα στα όρια της Ελλάδας σήμανε την εγκατάλειψη της Μεγάλης Ιδέας. Χάρη στην εγκατάσταση των προσφύγων στη Μακεδονία και στη Θράκη ενισχύθηκε όχι μόνο
 η ελληνική παρουσία σε αυτές τις περιοχές αλλά και η εθνική ομοιογένεια της Ελλάδας. Πολιτικά, οι πρόσφυγες τάχθηκαν
 στον χώρο του βενιζελισμού. Αργότερα, αρκετοί από αυτούς έγιναν σοσιαλιστές και κομμουνιστές και διακρίθηκαν στους κοινωνικούς αγώνες.
 1. Ο αγώνας των προσφύγων
 να ριζώσουν στην Ελλάδα
",history,12,6,6.010369514471224,0.0046281136500231,6,6.019704688209458,0.0084000951180998,3,3.1192039023259355,0.0293381226505504,5,5.000757534642332,0.0670478260733049,3,3.2733719202855127,0.049163559403289,3,3.0140629851487404,0.005938533286807,6,6.000664387158816,0.0004393198762692,7.997198772951663,7,6.504978196728899,0.0688405030584676,7.995924506110441,4.3,16.4,55.62284859067099,0.001137038
244,244,253,254,"αποστροφής που προκάλεσε ο Α´ Παγκόσμιος πόλεμος και χλεύασε κάθε στοιχείο κοινωνικής ζωής που θεωρούσε συμβατικό. Αναζητώντας εναλλακτικούς τρόπους έκφρασης, οι ντανταϊστές (Τζαρά, Ντισάν, Πικαμπιά κ.ά.) ανέδειξαν κοινά
 αντικείμενα της καθημερινής ζωής σε έργα τέχνης.
 Ο σουρεαλισμός (υπερρεαλισμός) εμφανίστηκε στις αρχές της δεκαετίας του 1920 και
 επηρεάστηκε βαθύτατα από τον ντανταϊσμό,
 την ψυχανάλυση, αλλά και από τις πολιτικές
 εξελίξεις του καιρού του (1917: ρωσική επανάσταση). Δεν υπήρξε απλώς ένα καλλιτεχνικό ρεύμα αλλά μάλλον ένα επαναστατικό
 κίνημα που αξίωσε γενικότερες αλλαγές.
 Πρωτεργάτης ήταν ο διανοητής Αντρέ Μπρετόν. Κύριοι εκφραστές του στη ζωγραφική
 υπήρξαν ο Μιρό, γνωστός για τα ονειρικά γεωμετρικά του σχήματα, ο Ερνστ, που επιδίωκε να υποβάλει στον θεατή την αίσθηση
 αποπροσανατολισμού που υπάρχει στα όνειρα, ο Νταλί, ο Μαγκρίτ κ.ά.
 4. Σαλβαδόρ Νταλί, Η επιμονή της μνήμης - Τα μαλακά ρολόγια, 1931.
 Το μπαουχάους εμφανίστηκε το 1919, με
 κέντρο την ομώνυμη σχολή σχεδίου που διεύθυνε ο αρχιτέκτονας Βάλτερ Γκρόπιους (19191928) στη Γερμανία. Θεωρώντας ότι εκείνο
 που προέχει είναι η λειτουργικότητα ενός κτιρίου, οι δημιουργοί του μπαουχάους επιδίωξαν να γεφυρώσουν την απόσταση ανάμεσα
 στην υψηλή τέχνη και την εφαρμοσμένη δημιουργία. Μετά την επικράτηση του ναζισμού,
 το μπαουχάους θεωρήθηκε εκφυλισμένη τέχνη, η σχολή έκλεισε και οι πρωτεργάτες της
 εγκατέλειψαν τη χώρα. Οι αρχές του μπάουχαους, ωστόσο, υιοθετήθηκαν από τον Γαλλοελβετό Λε Κορμπιζιέ, τον κορυφαίο, ίσως,
 5. Βάλτερ Γκρόπιους, Το Μπαουχάους, Ντεσάου, 1926.
 αρχιτέκτονα του 20ού αιώνα, που μεταπολεμικά προχώρησε, στο πλαίσιο πάντα του μοντερνισμού, και σε πιο προσωπικές αναζητήσεις.
 Εντελώς ξεχωριστές περιπτώσεις δημιουργών υπήρξαν ο Κλέε, που διακρίθηκε για τη λεπτότητα των σχεδίων του
 και τη μαγική απόδοση του βάθους, ο Σαγκάλ, τα έργα του οποίου διακρίνονται για την απόλυτη περιφρόνηση κάθε
 αρχής και κανόνα, ο Μοντιλιάνι, που χάρη στις προσωπογραφίες του κατέχει μοναδική θέση στη σύγχρονη ιστορία της
 τέχνης, και ο Ουτριλό, που ασχολήθηκε με την απεικόνιση γαλλικών πόλεων δίνοντας έργα που χαρακτηρίζονται από
 άρτια οργάνωση του χώρου.
 Κατά τον Μεσοπόλεμο, οι καλλιτεχνικές πρωτοπορίες άρχισαν να χάνουν τη δημιουργική τους δύναμη. Οι διώξεις
 που εξαπέλυσαν εναντίον τους οι ναζί, οι οποίοι χαρακτήρισαν όλα τα πρωτοποριακά δημιουργήματα «εκφυλισμένη τέχνη», συνέβαλαν σίγουρα σε αυτό. Την ίδια εποχή, στη Σοβιετική Ένωση επιβαλλόταν ο σοσιαλιστικός ρεαλισμός, ένα αισθητικό δόγμα που είχε ως σκοπό την προβολή των ιδεωδών
",history,12,8,8.006010092583892,0.0031193024556844,7,7.003103222201602,0.0051187711204436,5,4.592637992377377,0.0542927505041796,7,6.999568168695134,0.0003035350669747,5,5.360058521266183,0.0593780934466526,5,4.987220661471355,0.005433813988157,8,8.001378819586535,0.0014786504783694,7.07585387249398,7,6.9999512704949325,7.491480234553521e-05,7.9940841854404425,4.0,16.8,55.60721247563353,0.001191679
245,245,125,126,"M Γλωσσάρι
 Ανταλλαγή πληθυσμών: Η παράλληλη μετακίνηση ανθρώπων από τον τόπο τους, μετά από διεθνή συμφωνία.
 Πρόσφυγες: Άνθρωποι που υποχρεώνονται να εγκαταλείψουν την πατρίδα τους και να καταφύγουν σε άλλες
 χώρες ή περιοχές.
 Καταυλισμοί: Πρόχειρη και προσωρινή διαμονή σε σκηνές.
 Οικισμοί: Μόνιμες εγκαταστάσεις κατοίκων.
 Ταλανίζομαι: Ταλαιπωρούμαι.
 Πραξικόπημα: Δυναμική πολιτική ή στρατιωτική ενέργεια, που στοχεύει στην κατάλυση του Συντάγματος μιας
 χώρας.
 Φασιστικό κόμμα: Το κόμμα που ίδρυσε το 1921 στην Ιταλία ο Μπενίτο Μουσολίνι.
 Ναζιστικό κόμμα: Το κόμμα που ιδρύθηκε το 1919 στη Γερμανία. Έγινε γνωστό κυρίως λόγω του αρχηγού
 του, Αδόλφου Χίτλερ.
 Ερίζω: Φιλονικώ, λογομαχώ.
 Δικτατορία: Το πολίτευμα, όπου η εξουσία ασκείται απολυταρχικά από ένα πρόσωπο ή ομάδα ατόμων που
 έχουν επικρατήσει με τη βία.
",history,6,6,6.09681291788884,0.0262425723775575,8,7.27098097284761,0.0917404084103917,3,2.9983005979993322,0.0010087783740327,4,4.009097285424559,0.0073495473765351,3,3.343067263263947,0.0572797668926406,3,2.994249201226893,0.0055007200029392,6,6.011134704474376,0.0043963348979992,7.9989675905761715,4,4.708494708613216,0.0839968169328999,7.04204142512026,0.7,12.9,47.569954867827214,0.000869615
246,246,151,152,"παράθεμα 2 Διάλογος Αννίβα και Σκιπίωνα
 Ο Αννίβας συναντήθηκε με τον μεγάλο του αντίπαλο τον Σκιπίωνα. Αφού είπαν πολλά και διάφορα, ρώτησε ο Σκιπίωνας:
 — Ποιον θεωρείς μεγαλύτερο στρατηγό;
 — Τον Αλέξανδρο της Μακεδονίας, απάντησε ο Αννίβας.
 — Και γιατί;
 — Διότι με πολύ μικρό στρατό νίκησε μεγάλη δύναμη.
 — Δεύτερο ποιον θεωρείς;
 — Toν Πύρρο, είπε ο Αννίβας. Αυτόν δεν τον ξεπέρασε κανένας στην τακτική.
 — Και ποιον θεωρείς τρίτο;
 — Τον εαυτό μου!
 Τότε γελώντας ο Σκιπίωνας είπε:
 — Φαντάζομαι τι θα έλεγες, αν με  είχες νικήσει.
 — Τότε θα θεωρούσα τον εαυτό μου ανώτερο από τον Αλέξανδρο και τον Πύρρο, απάντησε ο Αννίβας.
 Βαγγέλης Μιλλεούνης, Ιστορικά Ανέκδοτα, σ. 109-110 (διασκευή)
",history,4,6,6.011041232980345,0.0049030258919618,5,5.837021582752868,0.1055738538346983,3,3.000107558423224,8.99909628866526e-05,4,4.164859628697371,0.0360525388337402,3,3.3359205800989002,0.0545489661924332,3,2.98598783570511,0.0059812943354133,6,6.001218237370267,0.0007800539398879,7.9840923067765175,5,4.802147448745927,0.0420608613396114,7.0066392867447576,0.7,10.4,40.42857142857143,0.000822689
247,247,22,23,"ι Οθωμανοί Τούρκοι κατήργησαν τη βυζαντινή διοίκηση στις χώρες που κατέκτησαν.
 Πιο ανεκτικοί φάνηκαν απέναντι στο Οικουμενικό Πατριαρχείο της Κωνσταντινούπολης, διευρύνοντας τις αρμοδιότητές του. Ο Πατριάρχης, εκτός από θρησκευτικός ηγέτης,
 ήταν και εκπρόσωπος του ρουμ μιλέτ, των υπόδουλων δηλαδή Ορθόδοξων Χριστιανών και
 λογοδοτούσε στον Σουλτάνο για τις πράξεις τους. Έτσι, κατά την περίοδο της Τουρκοκρατίας η Εκκλησία δεν είχε μόνο θρησκευτικά καθήκοντα αλλά αποφάσιζε και για ποικίλες
 υποθέσεις, όπως π.χ. για τις κληρονομιές. Παράλληλα, ο Πατριάρχης είχε τη δυνατότητα να
 ιδρύει σχολεία και να επιβάλλει ειδική φορολογία στους πιστούς.
 Κάποιοι ορθόδοξοι κληρικοί αντιμετώπιζαν την τουρκική κατάκτηση ως θεραπεία σταλμένη από τον Θεό για τα σφάλματα των Βυζαντινών αυτοκρατόρων και του βυζαντινού λαού.
 Ωστόσο, υπήρχαν ιεράρχες, όπως ο Πατριάρχης Νεόφυτος ο Β΄, που είχαν επηρεασθεί από
 τις ευρωπαϊκές ιδέες και αμφισβητούσαν την υποταγή στους Τούρκους. Άλλα μέλη της Ορθόδοξης Εκκλησίας, πάλι, σαν το μοναχό Μάξιμο τον Γραικό που αναγνωρίσθηκε ως άγιος
 στη Μόσχα, καλλιέργησαν περαιτέρω σχέσεις με τη Ρωσία. Έτσι, οι Ρώσοι ταυτίστηκαν στη
 σκέψη των υπόδουλων Χριστιανών, με το «ξανθό γένος», που θα ελευθέρωνε την Κωνσταντινούπολη από τους απίστους.
 Οι Φαναριώτες αποτελούσαν μια άλλη ηγετική ομάδα των Ελλήνων κατά την περίοδο
 της Τουρκοκρατίας. Επρόκειτο για ορισμένες πλούσιες οικογένειες που ζούσαν στη συνοικία Φανάρι της Κωνσταντινούπολης, την έδρα του Οικουμενικού Πατριαρχείου. Είχαν
 αξιόλογη μόρφωση, γνώριζαν ξένες γλώσσες και ανελάμβαναν υψηλά αξιώματα στην οθωμανική διοίκηση. Οι Φαναριώτες, όπως και οι ιεράρχες, ήταν απόλυτα εξαρτημένοι από τις
 διαθέσεις του κάθε Σουλτάνου.
 Εκτός από τις δύο προηγούμενες ομάδες, μεγάλη εξουσία είχαν οι κοινοτικοί άρχοντες
 της εποχής, γνωστοί ως επίτροποι, δημογέροντες, προεστοί και κοτζαμπάσηδες. Οι Τούρκοι
 αναγκάστηκαν να σεβαστούν την τοπική ηγεσία κάθε χωριού, επειδή οι ίδιοι δεν είχαν κατάλληλα οργανωμένο διοικητικό μηχανισμό για να υπολογίζουν τον φόρο που αναλογούσε
 σε κάθε κάτοικο. Με το πέρασμα του χρόνου, αρκετοί κοινοτικοί άρχοντες απέκτησαν μεγάλη περιουσία και πολιτική δύναμη.
",history,6,8,7.956602883409836,0.0144770359713232,7,6.928621913097771,0.023728001827407,4,3.867039504608563,0.0314807640364268,5,5.116869007687228,0.0528443253581027,4,4.263000837254822,0.0535196042287525,3,3.0474210649654196,0.0153397045730206,8,7.985042038482788,0.0062296178577232,7.148044564600468,7,6.831148611512859,0.0384607150176223,7.996398625160964,3.2,16.3,56.72300389896593,0.001166225
248,248,43,44,"ι κάτοικοι του Σουλίου ήταν βοσκοί που μιλούσαν ελληνικά και αρβανίτικα. Συχνά
 έκαναν επιδρομές στα χωριά του κάμπου, για να εξασφαλίσουν ζώα και γεννήματα.
 Οι δύσκολες συνθήκες ζωής των Σουλιωτών, η πολύχρονη ενασχόλησή τους με τα όπλα,
 η άριστη γνώση του εδάφους, το ομαδικό πνεύμα και κυρίως η εξαιρετική τους τόλμη,
 τους είχαν μεταμορφώσει σε ικανότατους πολεμιστές. Οι Σουλιώτες συνήθιζαν να πολεμούν
 οχυρωμένοι πίσω από φυσικά εμπόδια. Δρούσαν ακόμη και τη νύχτα, ενώ δεν δίσταζαν να
 επιτεθούν με τα σπαθιά τους σε μεγαλύτερο αριθμό αντιπάλων, αιφνιδιάζοντάς τους.
 Μάταια οι Τούρκοι προσπαθούσαν να υποτάξουν τους Σουλιώτες. Το Σούλι, απέχοντας
 20 χιλιόμετρα από τη θάλασσα, μπορούσε να προμηθεύεται χρήματα, όπλα και πυρομαχικά, τα οποία έστελναν από τα Επτάνησα οι ξένες δυνάμεις κάθε φορά που συγκρούονταν
 με την Υψηλή Πύλη.
 Περισσότερο αποτελεσματικός, ο Αλή Πασάς των Ιωαννίνων πέτυχε με διάφορους τρόπους να διώξει από το Σούλι ορισμένους από τους αρχηγούς, αδυνατίζοντας έτσι την άμυνά
 του. Τελικά οι Τούρκοι κατάφεραν να κατακτήσουν το Σούλι το 1803, μετά από πολλές
 προσπάθειες. Κατέλαβαν τον οχυρό λόφο Κούγκι, όμως ο καλόγερος Σαμουήλ, που τον
 κρατούσε ελεύθερο ως την τελευταία στιγμή, ανατινάχθηκε μαζί τους. Τότε κάποιοι Σουλιώτες έσπασαν τον κλοιό των Τούρκων με έφοδο και πέρασαν τελικά στην Κέρκυρα, ενώ οι
 υπόλοιποι συνθηκολόγησαν, αφού τους υποσχέθηκαν ότι θα εγκαταλείψουν με ασφάλεια
 το Σούλι και θα καταφύγουν με τα όπλα τους στην Πρέβεζα.
 Οι Σουλιώτες στα Επτάνησα υπηρέτησαν αρχικά τους Ρώσους και στη συνέχεια τους
 Γάλλους κυρίαρχους. Το 1820, λίγο πριν τη Μεγάλη Επανάσταση, κλήθηκαν από τους
 Τούρκους να κατοικήσουν μόνιμα στο Σούλι, με τον όρο να βοηθήσουν το Σουλτάνο να
 εξοντώσει τον Αλή Πασά, με τον οποίο βρισκόταν σε πόλεμο. Οι Σουλιώτες συμφώνησαν
 και επέστρεψαν στα χωριά τους, αποκρούοντας με επιτυχία τους στρατιώτες του Αλή Πασά
 που έρχονταν εναντίον τους. Το 1822, όμως, έμειναν αβοήθητοι. Καταπονημένοι, εγκατέλειψαν οριστικά το Σούλι και διασκορπίσθηκαν στη Στερεά Ελλάδα και την Πελοπόννησο.
 Κατά τη διάρκεια της Μεγάλης Επανάστασης του 1821 πολλοί Σουλιώτες ανέπτυξαν σημαντική δράση ως οπλαρχηγοί, έχοντας τη φήμη των γενναίων και αδάμαστων πολεμιστών
 του έθνους.
",history,6,6,6.420688194874202,0.0577106955465702,6,6.43729189280284,0.0557267829625192,4,3.997200625063215,0.0015487358555825,5,5.002123604750068,0.0300796978690053,4,3.7770045321849466,0.0579184107011217,3,3.3209159513412487,0.0504370897007056,6,6.102365708068845,0.0271354048362953,7.984092212040736,7,6.7662746530823625,0.0472702341182458,7.997524456565543,3.9,14.8,53.14241486068112,0.001130595
249,249,104,105,"ισχύει και στην κοινωνία. Μέσω του κοινωνικού δαρβινισμού έγινε προσπάθεια να δικαιολογηθεί, δήθεν επιστημονικά,
 η κυριαρχία των πλουσίων στους φτωχούς, των λευκών στους μαύρους, του δυτικού πολιτισμού στους άλλους πολιτισμούς.
 Στοχασμός Οι μεταβολές του 19ου αιώνα σημάδεψαν και τον στοχασμό.
 Ο διανοητής Αύγουστος Κοντ (1798-1857) υιοθέτησε τον νόμο των τριών σταδίων, σύμφωνα με τον οποίο κάθε ανθρώπινη γνώση περνά από τρία διαδοχικά στάδια (θεολογικό - μεταφυσικό - επιστημονικό ή θετικό). Επιχείρησε, λοιπόν, να εφαρμόσει τον νόμο αυτό στην ιστορία. Υποστήριξε ότι κατά το πρώτο στάδιο ο άνθρωπος θεωρούσε τα
 πάντα εξαρτημένα από υπερφυσικά όντα. Κατά το δεύτερο στάδιο ερμήνευε τα πάντα με βάση αφηρημένες ιδέες.
 Στο τρίτο στάδιο, το θετικό, ο άνθρωπος, υποστήριξε ο Κοντ, ερμηνεύει τα πάντα επιστημονικά, δηλαδή με βάση φυσικούς νόμους. Κατά τον Κοντ, θα έπρεπε η κοινωνία να οργανωθεί με βάση αυτούς τους νόμους. Η επιστήμη που
 θα βοηθούσε σε αυτό ήταν η κοινωνιολογία ή, όπως ο ίδιος την ονόμαζε, η κοινωνική φυσική. Η αντίληψη αυτή ονομάστηκε θετικισμός.
 Ο φιλόσοφος Φρίντριχ Χέγκελ (1770-1831) πίστευε ότι το σύμπαν διακρίνεται σε τρεις σφαίρες: τον Λόγο, τη Φύση
 και το Πνεύμα. Το τελευταίο είναι εκείνο που κυριαρχεί, καθώς τόσο η Φύση όσο και ο Λόγος βασίζουν την ύπαρξή
 τους στο Πνεύμα και στις ιδέες. Ο Χέγκελ ήταν αυτός που εισηγήθηκε στους νεότερους χρόνους τη διαλεκτική μέθοδο. Σύμφωνα με αυτή, υπάρχουν τρεις αρχές, η θέση, η αντίθεση και η σύνθεση, μέσω των οποίων μπορούν να ερμηνευθούν τα ιστορικά φαινόμενα. Με βάση αυτή την αφετηρία, ο Χέγκελ υπήρξε ο πρώτος διανοητής της νεότερης
 εποχής που ερμήνευσε τον κόσμο θεωρώντας ότι βρίσκεται σε συνεχή μεταβολή.
 Οι διανοητές Καρλ Μαρξ (1818-1883) και Φρίντριχ Ένγκελς (1820-1895) υιοθέτησαν τη διαλεκτική μέθοδο του Χέγκελ,
 κάνοντας, ωστόσο, μια σημαντική τροποποίηση: στη θέση του κινητήριου παράγοντα της ιστορίας τοποθέτησαν όχι
 το πνεύμα και τις ιδέες, όπως υποστήριζε ο Χέγκελ, αλλά τον άνθρωπο και την ύλη. Γι’ αυτούς κινητήρια δύναμη της
 ιστορίας είναι η πάλη των τάξεων, δηλαδή η αδιάκοπη σύγκρουση ανάμεσα στην κοινωνική τάξη που έχει την εξουσία
 σε μια κοινωνία και την τάξη που επιχειρεί να της την αφαιρέσει. Θεωρούσαν, λοιπόν, ότι η σύγκρουση ανάμεσα στην
 κυρίαρχη αστική τάξη και την εργατική τάξη θα είχε ως αποτέλεσμα την επανάσταση, που θα άλλαζε συνολικά την
 κοινωνία εξαλείφοντας την κυριαρχία μιας κοινωνικής τάξης και θα οδηγούσε στον κομμουνισμό.
 Τέλος, ο Φρίντριχ Νίτσε (1844-1900) υποστήριζε ότι αποτελεί πλάνη η πεποίθηση πως ο άνθρωπος μπορεί να συλλάβει την απόλυτη αλήθεια και δίδασκε ότι η αξία του ανθρώπου δεν βρίσκεται σ’ αυτό που είναι αλλά σ’ αυτό που
 μπορεί να γίνει, δηλαδή στον υπεράνθρωπο. Κύριο γνώρισμα του υπερανθρώπου είναι η αποθέωση της δύναμης.
 ΑΣΚΗΣΕΙΣ – ΔΡΑΣΤΗΡΙΟΤΗΤΕΣ
 1. Να παρουσιάσετε σε σύντομο κείμενο τα κύρια γνωρίσματα της επιστημονικής ανάπτυξης κατά τον 19ο αιώνα.
 2. Διαθεματική δραστηριότητα: Χημεία, η θριαμβεύουσα επιστήμη του 19ου αιώνα: ανακαλύψεις και επιτεύγματα,
 εφαρμογές και προϊόντα, ο χημικός και η κοινωνική του θέση.
",history,12,8,8.181019542281547,0.0399879912238205,8,7.615367837940994,0.055665201213125,5,4.924141447080842,0.0215662675145655,7,7.0000044422969765,3.688629645450568e-05,6,5.546324153314345,0.1070419367022708,4,3.8175932521517097,0.0381673832345702,8,8.223252761993535,0.0460555860438237,7.946603061665883,7,7.001490627293606,0.0009126185902186,7.999972286140647,3.9,14.3,49.51822380106572,0.001031375
250,250,37,38,"3. Απόσπασμα από το έργο «Σάλπισμα Πολεμιστήριον» του Αδαμάντιου Κοραή
 «Οι Ηπειρώται ενθυμήθητε* τα κατορθώματα των προγόνων σας. εσείς και παλαιά εφάνητε ανδρείοι,
 και σήμερον ακόμη εδείξατε με τας κατά των αγρίων Πασάδων νίκας, ότι δεν εχάσατε την προγονικήν
 μεγαλοψυχίαν. Οι Θεσσαλοί και Μακεδόνες ενθυμήθητε ότι οι πρόγονοι σας κατετρόπωσαν τον Δαρείον, όστις ήτον ασυγκρίτως φοβερώτερος βασιλεύς από τον σημερινόν άνανδρον και γυναικώδη
 τύραννον της Ελλάδος. Οι Πελοποννήσιοι και οι λοιποί Έλληνες μη λησμονήσετε τα τρόπαια*, όσα
 κατά των βαρβάρων ανέστησαν* οι προπάτορές* σας. και σεις εξαιρέτως οι Μαϊνώται συλλογίσθητε
 ότι είσθε αίμα Σπαρτιατών. Όλοι ομού*, όσοι με το λαμπρόν όνομα των Ελλήνων δοξάζεσθε,
 βάλετε καλά εις τον νουν σας, ότι αφ’ όσας δυστυχίας δύναται να πάθη ο άνθρωπος η πλέον
 απαρηγόρητος είναι η δουλεία».
 Κοραής. Άπαντα τα πρωτότυπα έργα, επιμέλεια Γ. Βαλέτας, τόμ. Α1, σ. 69.
 * ενθυμήθητε = θυμηθείτε
 * τα τρόπαια = τις νίκες
 * ανέστησαν = κέρδισαν
 * προπάτορες = πρόγονοι
 * ομού = μαζί
",history,6,8,7.985846276020311,0.0060693256998512,3,3.244569658767432,0.0362874143828928,4,3.994786126342376,0.0026287101998867,7,6.992754510359418,0.0031677599118376,4,4.292664922773838,0.1276473068375902,3,3.0029953681012103,0.0018594812890655,8,7.997791651504485,0.0013210273336333,7.003169302773813,7,6.999289451267813,0.0004902175708669,7.9984913780585885,3.5,15.0,46.88596491228071,0.000916202
251,251,80,81,"η συμμαχία:
 η συνεργασία
 ανθρώπων ή
 κρατών, για να
 προστατέψουν
 τα συμφέροντά
 τους.
 η ηγεμονία: η
 κυριαρχία μιας
 χώρας πάνω
 στην άλλη.
",history,4,5,5.121722596625659,0.0264200183743934,4,4.000710554610578,0.0007158474515054,2,2.04741977056932,0.0153331005454498,4,4.126910516126372,0.032215377444335,3,2.746123006239486,0.0514139305594506,3,2.9890525375667494,0.0048929876264622,5,5.322808650381376,0.0424231961764597,7.985936564518568,7,6.878422684068937,0.0240428604189389,7.999816822510304,0.5,8.3,39.42592592592592,0.000828135
252,252,175,176,"Η βασική ιδέα της νέας τακτικής έγκειται στο ότι η κύρια δύναμη του στρατού συγκεντρώνεται στην επιθετική πτέρυγα σε τόσο βάθος, ώστε η διάσπαση των γραμμών του εχθρού να
 πετύχει οπωσδήποτε, ενώ η ασθενέστερη αμυντική πτέρυγα περιορίζει όσο είναι δυνατό τη
 δράση της, έως ότου κριθεί η μάχη από την άλλη· η πτέρυγα που νίκησε στρέφεται κατόπιν
 προς το κέντρο, ενώ η αμυντική περνά στην επίθεση και ο εχθρός περισφίγγεται και από τις
 δύο πλευρές. Στα Λεύκτρα ο Επαμεινώνδας ενήργησε την επίθεση με την αριστερή πτέρυγα
 του πεζικού του που είχε παραταχθεί σε εξαιρετικά μεγάλο βάθος (50 ανδρών) εναντίον της
 δεξιάς πτέρυγας του εχθρού (με βάθος 12 ανδρών) που διοικούσε ο Κλεόμβροτος.
 Ulrich Wilcken, Αρχαία ελληνική ιστορία (μετ. Ι. Τουλουμάκου),
 Εκδόσεις Παπαζήση, Αθήνα, 1976, σελ. 273
 Την τακτική αυτή αξιοποίησε ο Μ. Αλέξανδρος και αργότερα ο Μ. Φρειδερίκος και ο Χίντεμπουργκ στη διάρκεια του Α´ Παγκόσμιου πολέμου.
",history,10,8,8.018175074260725,0.0073753945041931,8,7.995530526709139,0.0024714225514778,4,4.004065399367391,0.0021299166069867,7,7.00003721738703,3.956871990805853e-05,4,4.660292520617077,0.0822831058813222,4,3.9326829429965393,0.0200133517905633,8,8.00404472714979,0.0021827649816344,7.00315917167427,7,7.000470642346556,0.0003549698099733,7.999248011550662,4.4,13.8,62.74131736526946,0.001162656
253,253,41,42,"Κύπρο και αλλού. Στη διάρκειά τους απαγχονίστηκε ο πατριάρχης Γρηγόριος
 Ε´ (10 Απριλίου 1821).
 Η επανάσταση, ωστόσο, δεν κάμφθηκε. Τουρκικά στρατεύματα που μετέβαιναν στην Πελοπόννησο για να την καταπνίξουν συνάντησαν ισχυρή και
 γενναία αντίσταση σε διάφορα σημεία της Στερεάς Ελλάδας (Αλαμάνα, Γραβιά, Βασιλικά και αλλού) από τις δυνάμεις οπλαρχηγών όπως ο Αθανάσιος
 Διάκος και ο Οδυσσέας Ανδρούτσος. Σε μια από αυτές τις μάχες σκοτώθηκε
 πολεμώντας και ο επίσκοπος Σαλώνων Ησαΐας. Την ίδια στιγμή ενισχύονταν
 οι ελληνικές θέσεις στην Πελοπόννησο. Γεγονός-σταθμός υπήρξε η άλωση
 της Τριπολιτσάς (23 Σεπτεμβρίου 1821), διοικητικού κέντρου της Πελοποννήσου, από δυνάμεις με επικεφαλής τον Θ. Κολοκοτρώνη.
 Παράλληλα, στη θάλασσα οι ελληνικές δυνάμεις παρεμπόδιζαν τις κινήσεις του τουρκικού στόλου, υποστήριζαν τις χερσαίες δυνάμεις και συμμετείχαν σε πολιορκίες παραλιακών φρουρίων.
 Οι Τούρκοι, θέλοντας να σπείρουν τον πανικό, κατέλαβαν τη Χίο (Πάσχα
 1822) και κατέσφαξαν τον ελληνικό πληθυσμό της (23.000 νεκροί και 47.000
 αιχμάλωτοι), γεγονός που προκάλεσε μεγάλη συγκίνηση στην Ευρώπη. Σε
 απάντηση, ο Κ. Κανάρης και οι άνδρες του ανατίναξαν, λίγο αργότερα, την
 3. Ν. Λύτρας, Η ανατίναξη της τουρκικής
 τουρκική ναυαρχίδα στο λιμάνι της Χίου.
 ναυαρχίδας στη Χίο από τον Κ. Κανάρη
 και άνδρες του.
 Συγχρόνως, ελληνικές δυνάμεις, υπό την ηγεσία του Θ. Κολοκοτρώνη, διέλυσαν
 στα Δερβενάκια της Αργολίδας (25-28 Ιουλίου 1822) τη στρατιά του Δράμαλη που είχε φτάσει στην Πελοπόννησο με σκοπό
 την ανακατάληψη της Τριπολιτσάς.
 Το 1823 σκοτώθηκε, πολεμώντας λίγο έξω από το Καρπενήσι, ο Μάρκος Μπότσαρης.
 Το 1824 ο σουλτάνος ήρθε σε συμφωνία με τον ηγεμόνα της Αιγύπτου Μοχάμετ Άλι, προσφέροντάς του, σε περίπτωση
 καταστολής της επανάστασης, την Κρήτη και την Πελοπόννησο. Πράγματι, αιγυπτιακός
 στρατός κατέπνιξε την επανάσταση στην Κρήτη και κατέστρεψε την Κάσο, ενώ τουρκικές δυνάμεις έκαναν το ίδιο στα Ψαρά.
 Η ελληνική απάντηση δόθηκε στη ναυμαχία του Γέροντα (29 Αυγούστου 1824), στην
 οποία ελληνικές ναυτικές δυνάμεις με επικεφαλής τον Α. Μιαούλη κατάφεραν ισχυρό
",history,12,8,7.998545932579688,0.000992872736964,7,6.9584657229563405,0.0180391519971977,4,3.9993119104674406,0.0004904770083969,7,6.995599191366118,0.0020741872716794,5,5.329123413988327,0.0746610170237878,3,3.4378788333735883,0.0550722531112711,8,7.961330530272335,0.0128808332936381,7.294210812021106,7,6.998414601103882,0.001011032391823,7.997809329293375,1.3,12.7,55.03030796806257,0.001075623
254,254,74,75,"1. Το οικονομικό υπόβαθρο του αμερικανικού εμφύλιου πολέμου
 Ο Νότος, ουσιαστικά μια ημιαποικία των Βρετανών, στους οποίους
 προμήθευε τη μεγαλύτερη ποσότητα του ακατέργαστου βαμβακιού
 τους, έβρισκε το ελεύθερο εμπόριο επωφελές, ενώ η βιομηχανία του
 Βορρά ζητούσε από καιρό, επίμονα και μαχητικά, προστατευτικούς δασμούς, τους οποίους αδυνατούσε να επιβάλει [...] εξαιτίας της πολιτικής
 επιρροής των νότιων πολιτειών (που πρέπει να θυμηθούμε ότι το 1850
 αποτελούσαν το μισό του συνόλου των πολιτειών). Είναι βέβαιο ότι η
 βιομηχανία του Βορρά ανησυχούσε περισσότερο για ένα έθνος που το
 μισό εφάρμοζε το ελεύθερο εμπόριο και το άλλο μισό τον προστατευτισμό παρά για ένα έθνος που το μισό χρησιμοποιούσε δούλους και το
 άλλο μισό είχε καταργήσει τη δουλεία.
 E.J. Hobsbawm, Η εποχή του κεφαλαίου, 1848-1875, γ´ ανατύπωση, μτφρ.
 Δ. Κούρτοβικ, ΜΙΕΤ, Αθήνα 2003, σ. 217.
",history,12,8,7.975365013599003,0.0106174228027348,8,7.989935438187194,0.0054393021875506,4,4.000003225681212,2.582783484294256e-05,7,6.998179666885335,0.0010626687616826,5,5.191366652259603,0.0996977028217364,4,4.025331993117618,0.0100742962794169,8,7.946991267618671,0.0170348946717552,7.002173747939196,7,6.999965446112327,0.000124789423853,7.998016174195072,6.2,18.4,58.05128205128205,0.000839088
255,255,247,248,"γαλήνη της ψυχής που αναζητούν
 οι σύγχρονοί του ο Επίκουρος την
 υπόσχεται με την απόκτηση της
 ηδονής, δηλαδή της αναζήτησης της
 ηρεμίας και γαλήνης, που δεν έχει να
 κάνει με σωματικές απολαύσεις αλλά με
 έναν τρόπο ζωής απαλλαγμένο από τα
 πάθη και τον φόβο του θανάτου και
 Η Νίκη της
 με φρόνηση, ανθρωπιά, δικαιοσύνη
 Σαμοθράκης
 και φιλία. Πολλά κοινά στοιχεία αλλά
 (γύρω στο 190
 και σημαντικές διαφορές έχει και η
 π.Χ.). Πρωτότυπο
 μαρμάρινο,
 στωική διδασκαλία, το άλλο μεγάλο
 πιθανότατα ροδιακό
 φιλοσοφικό ρεύμα της εποχής, που
 έργο. Η Νίκη
 ονομάστηκε έτσι διότι κέντρο της
 καταφθάνει πάνω
 ήταν η «Ποικίλη Στοά» της Αθήνας.
 στην πλώρη πλοίου
 Ιδρυτής της υπήρξε ο Ζήνων από
 για να στέψει τους
",history,10,8,8.000824413281407,0.0005535214125883,8,8.015118564378387,0.0086985501379783,4,3.999999714549631,0.0003880432712519,7,6.999997763272841,3.066034729324566e-05,7,6.5855080380682125,0.0572743821990242,4,3.943253166069553,0.0805187643505674,8,8.007251698712906,0.003430501250455,7.0007043039304335,7,7.000415575090479,0.0003174655311163,7.997447405042685,5.1,13.8,43.970737913486005,0.001048033
256,256,44,45,"ΕΝΟΤΗΤΑ 9
 Πρώτες προσπάθειες των επαναστατημένων Ελλήνων
 για συγκρότηση κράτους
 Μορφές πολιτικής οργάνωσης με τοπικό χαρακτήρα Προκειμένου να εδραιωθεί η
 επανάσταση, χρειάζονταν, εκτός από πολεμική προσπάθεια, ανεφοδιασμός των ελληνικών στρατευμάτων και πολιτική οργάνωση των περιοχών που απελευθερώνονταν. Παράλληλα, επιτακτική ήταν και η ανάγκη διαχείρισης των εθνικών γαιών ή εθνικών κτημάτων, δηλαδή των ακίνητων οθωμανικών περιουσιών που είχαν περάσει στον έλεγχο των
 Ελλήνων. Αυτές τις ανάγκες ανέλαβαν να καλύψουν οι τοπικοί οργανισμοί, δηλαδή πολιτικοί σχηματισμοί τοπικού χαρακτήρα, ένα είδος τοπικών κυβερνήσεων. Οι περισσότεροι
 ελέγχονταν από προεστούς, Φαναριώτες και ιεράρχες. Η παρουσία σε αυτούς εκπροσώπων των κατώτερων τάξεων ήταν σπάνια.
 Ανάμεσα στα πολλά τέτοια σώματα που δημιουργήθηκαν, τα σημαντικότερα ήταν η
 Πελοποννησιακή Γερουσία, που συστάθηκε με πρωτοβουλία Πελοποννήσιων προεστών,
 δίχως τη συμμετοχή κανενός άλλου φορέα του Αγώνα, η Γερουσία της Δυτικής Χέρσου
 Αλέξανδρος Μαυροκορδάτος
 Ελλάδος (Δ. Στερεάς Ελλάδας), που είχε επικεφαλής τον έμπειρο Φαναριώτη πολιτικό
 Αλέξανδρο Μαυροκορδάτο, και ο Άρειος Πάγος, που διοικούσε την Α. Στερεά Ελλάδα και είχε επικεφαλής τον επίσης
 Φαναριώτη Θεόδωρο Νέγρη.
 Η συγκρότηση τοπικών οργανισμών, παρ’ ότι αναμφισβήτητα βοή1. Ο Κολοκοτρώνης μιλά σε αγωνιστές
 θησε στην αντιμετώπιση ορισμένων επειγόντων προβλημάτων, έφεπου απειλούσαν προκρίτους
 ρε στην επιφάνεια και διαμάχες. Αυτές κλιμακώθηκαν από το καλοΈλληνες! Είμαι κι εγώ σύντροφός σας. Αλλά
 καίρι του 1821, όταν έφτασε στην Πελοπόννησο ο Δημήτριος Υψηπρώτα να με ακούσετε που θα σας μιλήσω. […] Γιαλάντης, αδερφός του ηγέτη της Φιλικής Εταιρείας Αλ. Υψηλάντη, ως
 τί θέλουμε να χάσουμε την πατρίδα μας σκοτώεκπρόσωπός του, για να αναλάβει την ηγεσία του Αγώνα. Τότε, αρνοντας ο ένας τον άλλο; Εμείς εσηκώσαμε τ’ άρκετοί οπλαρχηγοί και Φιλικοί, που κατηγορούσαν τους προεστούς,
 ματα για τους Τούρκους και ακουστήκαμε στην
 τους Φαναριώτες και τους ιεράρχες ότι επιχειρούσαν να μονοπωλήΕυρώπη ότι σηκωθήκαμε οι Έλληνες για τους τυσουν τη διαχείριση της εξουσίας, συσπειρώθηκαν γύρω του. Μάλιράννους [...]. Αν σκοτώσουμε τους προεστούς, τι θα
 μας πουν τότε; Θ’ ακουσθή σ’ όλον τον κόσμον και
 στα, το καλοκαίρι του 1821, όταν οι προεστοί της Πελοποννήσου αρθα μας πουν τα βασίλεια ότι τούτοι δεν σηκώθηνήθηκαν να συνεργαστούν με τον Υψηλάντη, απειλήθηκαν, και μάλικαν για την πατρίδα και την ελευθερίαν τους, αλστα δύο φορές, με σφαγή από εξοργισμένους αγωνιστές. Σώθηκαν
 λά για να σκοτωθούνε συνατοί τους [ενν. αναμετατελικά, μόνο χάρη στις παρεμβάσεις του Κολοκοτρώνη.
 ξύ τους]. […] Θα μας πούνε Καρμπουνάρους, ρέμπεΗ Α´ Εθνοσυνέλευση Η ανάγκη ενιαίας διεύθυνσης του Αγώνα
 λους κι ακατάστατους και κανένας δεν θα μας
",history,12,8,7.979968500251175,0.0081120086249294,8,7.803749981529563,0.0427036262336069,4,3.993308065439578,0.0032273400509548,5,5.364062035483812,0.0669594070109266,5,5.31691200251953,0.0861826387751854,3,3.020332390272415,0.0079787039531634,8,7.737121134200152,0.0403667649319803,7.132960308477379,7,6.926183528492402,0.0212599430641163,7.981992833456388,3.8,16.8,57.32331887201735,0.00113669
257,257,40,41,"παράθεμα 3 Τα δίδυμα που
 έγιναν βασιλιάδες
 Η γυναίκα του βασιλιά Αριστόδημου γέννησε δίδυμα
 αγόρια. Ο πατέρας τους μόλις που πρόλαβε να τα
 δει, γιατί αμέσως αρρώστησε και πέθανε. Τότε οι
 Σπαρτιάτες, σύμφωνα με τους νόμους τους, αποφάσισαν να κάνουν βασιλιά το μεγαλύτερο παιδί. Δεν
 ήξεραν όμως ποιο από τα δύο ήταν μεγαλύτερο,
 γιατί ήταν ολόιδια και είχαν το ίδιο ανάστημα. Τότε
 ρώτησαν τη μητέρα τους, αλλά και εκείνη τους είπε
 πως δεν μπορεί να τα ξεχωρίσει. Βέβαια η ίδια ήξερε
 πολύ καλά ποιο ήταν το μεγαλύτερο, αλλά ήθελε να
 βασιλέψουν και τα δύο. Οι Λακεδαιμόνιοι βρέθηκαν
 σε δύσκολη θέση, γι' αυτό έστειλαν στους Δελφούς
 να ρωτήσουν πώς θα λύσουν το πρόβλημα. Η Πυθία
 απάντησε πως έπρεπε να κάνουν βασιλιάδες και τα
 δυο παιδιά, αλλά να τιμούν πιο πολύ το μεγαλύτερο.
 Ηρόδοτος, Ιστορία, Ζ ~, 52 (διασκευή)
",history,4,7,6.705699338938899,0.0572925704974618,8,7.508162872924004,0.0610794699600531,3,2.9999558023737336,4.154387881258086e-05,4,4.202419853859617,0.0406310839858273,4,4.1595457671970735,0.044652253518689,3,3.320574618586761,0.050542955170401,6,6.000595997218625,0.0004169225423214,7.924141551868331,5,4.97451893544212,0.0203925885823741,7.00064404978184,2.1,9.5,39.05031447,0.000848322
258,258,214,215,"Μετά τους περσικούς πολέμους και σε όλη τη
 διάρκεια του 5ου και 4ου αιώνα π.Χ., φθάνουν σε
 μεγάλη ακμή οι καλές τέχνες στον ελληνικό χώρο.
 Στην Ολυμπία, στην Ακρόπολη, στους Δελφούς
 και σε άλλα μεγαλύτερα ή μικρότερα ιερά οι
 ανασκαφές έφεραν στο φως αριστουργηματικά
 αγάλματα και ανάγλυφα.
 Το μάρμαρο και ο ορείχαλκος εξακολουθούν
 να αποτελούν τα κυριότερα υλικά της γλυπτικής.
 Για τα λατρευτικά αγάλματα των θεών όμως
 που κάποτε είχαν κολοσσιαίο μέγεθος, χρησιμοποιούνταν το ελεφαντοστό για τα γυμνά
 μέρη των μορφών και φύλλα από χρυσάφι
 για τα ενδύματά τους. Τέτοια χρυσελεφάντινα
 αγάλματα ήταν το άγαλμα της Αθηνάς Παρθένου
 στον Παρθενώνα και του Δία στην Ολυμπία, και
 τα δύο έργα του Φειδία.
 Τους κούρους της αρχαϊκής περιόδου αντικαθιστούν τώρα τα αγάλματα των γυμνών
 αθλητών σε ποικίλες στάσεις –δισκοβόλοι και
 δορυφόροι κυρίως–, πολύ συχνά παριστάνονται
 πολεμιστές, κυρίως όμως ήρωες, άλλοτε
",history,10,7,7.049135223131621,0.022678089479689,6,6.0947354566675465,0.0260383177861034,4,3.679179020230592,0.0503893071261523,6,6.401011906740905,0.0684338892877125,4,3.926981108270411,0.0606620437245162,3,3.500062357715535,0.0556975620251609,7,6.986024241227767,0.055156316554813,7.98756184573358,7,6.980884140786657,0.0076309825764907,7.981884360589902,3.9,14.4,51.17511520737327,0.001235252
259,259,153,154,"Θουκυδίδης, Ιστορία, 38, 1 (μετ. Ι. Κακριδή)
 Οι γιορτές, παναθηναϊκές και κρατικές ή ιδιωτικές και λιτές, ήταν συνυφασμένες με την καθημερινή ζωή της Αθήνας. Η λαμπρότερη, η εορτή
 της ίδιας της πόλης, ήταν τα Παναθήναια, που
 τελούνταν κάθε τέσσερα χρόνια προς τιμήν της
 Αθηνάς. Κατά τη διάρκειά τους ξεδιπλωνόταν όλο
 το μεγαλείο και η δύναμη της πόλης. Τα Μεγάλα
 ή «εν άστει» Διονύσια ήταν μια πολυήμερη
 γιορτή προς τιμήν του Διονύσου. Τα Ανθεστήρια
 ήταν μία άλλη γιορτή αφιερωμένη στον ίδιο θεό,
 κατά την οποία οι Αθηναίοι δοκίμαζαν το νέο κρασί μέσα σε ατμόσφαιρα γενικής χαράς.
 Τέλος, τα Ελευσίνια, γιορτή αφιερωμένη στη
 Δήμητρα και στην κόρη της Περσεφόνη, εορτάζονταν στις αρχές Οκτωβρίου. Πομπή με προσκυνητές ξεκινούσε από την Αθήνα και κατέληγε στο
 ιερό της Δήμητρας στην Ελευσίνα. Εκεί τελούνταν
 τα Ελευσίνια μυστήρια.
",history,10,7,6.969537703468063,0.0247948843362067,6,6.033279918990633,0.0149629423470762,4,3.8354845940301487,0.0359030884573152,4,4.4267863731960375,0.0589453172445133,4,3.9015449406724656,0.0567755872599508,3,2.9999088085383336,8.420224897735813e-05,7,6.724455976093395,0.0540254064491187,7.997522432121912,7,6.681458940903639,0.0570016917415016,7.987353317686939,1.9,10.9,42.33333333333333,0.000950522
260,260,76,77,"Ελληνικά αντικείμενα που βρέθηκαν στα ενδότερα των Λεοντίνων, σε χώρους όπου ζούσαν
 ιθαγενείς, καθώς και ελληνικοί τάφοι που ανακαλύφθηκαν στις νεκροπόλεις μαρτυρούν αφενός τη γρήγορη και αρμονική συνύπαρξη Ελλήνων και Σικελών και αφετέρου τον πραγματικό
 εξελληνισμό των αυτοχθόνων. Σε παρόμοια συμπεράσματα οδηγούν και οι έρευνες στην
 περιοχή της Κατάνης: επιβίωση των ιθαγενών, αλλά συνάμα πρώιμος εξελληνισμός τους και
 ειρηνική συμβίωση με τους αποίκους. Αντίθετα, οι ανασκαφές στα περίχωρα της Γέλας και
 των Συρακουσών αποκάλυψαν εντελώς άλλα πράγματα: εξαφάνιση των εγχώριων οικισμών
 και αντικατάστασή τους από ελληνικά στρατιωτικά κτίσματα, δηλαδή φρούρια, πράγμα
 που αποδεικνύει εχθρικές σχέσεις και αντίσταση στον εξελληνισμό. Σε άλλες περιοχές, και
 ιδιαίτερα στα δυτικά του νησιού, τα ελληνικά αντικείμενα μαρτυρούν μάλλον την ύπαρξη
 εμπορικών σχέσεων παρά τον εξελληνισμό των ιθαγενών.
 C. Mossé, Η Αρχαϊκή Ελλάδα, Μ.Ι.Ε.Τ., μετ. Στρ. Πασχάλη, Αθήνα 2001, σ. 131
 Γιατί έχουν ονομάσει την αρχαιολογία βοηθητική επιστήμη της ιστορίας;
",history,10,8,7.977131284645907,0.0089092705498671,8,7.987799980184799,0.0055449301324276,4,3.999739626947303,0.0001953143921215,7,6.979317314508535,0.0081167776685756,6,5.681589462514239,0.064860573099116,4,4.000000199101123,0.022676545867519,8,7.952526161200254,0.0154392962763536,7.119197320227727,7,6.9996209618066985,0.0002830209735288,7.993295051694986,4.2,18.2,62.19236526946108,0.001063414
261,261,169,170,"ΑΓΗΣΙΛΑΟΣ, ΕΝΑΣ ΠΟΛΕΜΑΡΧΟΣ
 ΜΕ ΠΑΝΕΛΛΗΝΙΑ ΑΙΣΘΗΜΑΤΑ
 Ο Αγησίλαος λοιπόν με τούτα καταγινόταν. Αλλά οι Λακεδαιμόνιοι, όταν έμαθαν με βεβαιότητα ότι και τα χρήματα είχαν έλθει στην Ελλάδα, αλλά και ότι οι σπουδαιότερες πόλεις
 είχαν συνασπιστεί για πόλεμο εναντίον τους, θεώρησαν ότι η πόλη βρισκόταν σε κίνδυνο και
 ότι ήταν αναγκαίο να εκστρατεύσουν. Καθώς λοιπόν προετοιμάζονταν για τούτα, έστειλαν
 τον Επικυδίδα στον Αγησίλαο. Μόλις έφτασε τούτος, διηγήθηκε στον Αγησίλαο πώς έχουν
 τα πράγματα, και ότι η πόλη τον διατάζει να σπεύσει γρήγορα σε βοήθεια της πατρίδας.
 Ο Αγησίλαος, όταν άκουσε αυτά, στενοχωρήθηκε πολύ, σκεπτόμενος ποιες τιμές και ποιες
 ελπίδες έχασε, αλλά, αφού συγκάλεσε τους συμμάχους τους, δήλωσε όσα πρόσταζε η πόλη,
 και είπε ότι είναι ανάγκη να σπεύσει σε βοήθεια της πατρίδας. «Αν όμως εκεί τα πράγματα
 πάνε καλά» είπε «άνδρες σύμμαχοι, να ξέρετε ότι δε θα σας λησμονήσω, αλλά και πάλι
 θα γυρίσω, να κάνω όσα μου ζητήσετε». Ακούγοντας τούτα πολλοί δάκρυσαν, όλοι όμως
 ψήφισαν να προσφέρουν βοήθεια στη Λακεδαίμονα μαζί με τον Αγησίλαο. Και αν εκεί πάνε
 όλα καλά, να τον πάρουν πάλι μαζί, για να έρθουν στην Ασία.
 Ξενοφών, Ελληνικά, Δ, ΙΙ, 1-4 (μετ. Α. Παπαγεωργίου)
 ΒοιωτικόςΚορινθιακός
 πόλεμος
",history,10,7,7.491777968891803,0.0581374361054648,7,7.310866478171192,0.0536164186267781,4,3.8808017980981475,0.0293417890286039,7,6.028861525014236,0.0892091429168333,4,3.7575461856431502,0.0661694174138674,3,3.0229758471555215,0.0087986593701978,8,7.224133272529979,0.0846537495540995,7.037312419124646,7,6.967157425374481,0.0104739314872452,7.995911301242813,3.6,13.5,46.90952380952381,0.001113236
262,262,212,213,"Το θέατρο
 της Επιδαύρου.
 Είναι το καλύτερα
 διατηρημένο αρχαίο
 θέατρο στον
 ελλαδικό χώρο.
 Κτίστηκε μάλλον
 στις αρχές
 του 3ου αιώνα π.Χ.
 σε κλασικό σχέδιο.
",history,10,5,5.000460413211215,0.0003231969017779,4,3.998495176802602,0.0009150119369563,2,2.0159063114030698,0.0065569138949103,4,4.026942389312694,0.0120270637955907,2,2.184904451939815,0.0392804017982751,2,2.0202482841192797,0.008045618942435,5,5.001022983303642,0.0006753676433071,7.9859362601355315,4,4.363128087820769,0.0560248700283339,7.182387699347601,-1.5,7.1,27.93965517,0.000594538
263,263,64,65,"Ματιά στο παρελθόν
 Η καθημερινή διαβίωση των αγωνιστών
 Οι Έλληνες πολεμιστές τρέφονταν συνήθως φτωχικά. Το καθημερινό τους
 συσσίτιο ήταν λίγο ψωμί και λίγο αλεύρι από αλεσμένα όσπρια, που το
 έβραζαν με λάδι και κρεμμύδια για να το κάνουν κουρκούτι. Όταν ξεκινού­
 σαν για μακρινές εκστρατείες, έπαιρναν μαζί τους λιγοστό φαγητό, τα όπλα,
 τα ρούχα και την κάπα τους. Ένα κομμάτι παξιμάδι ή ψωμί και ένα κρεμ­
 μύδι αποτελούσε συνήθως αρκετή τροφή για μια μέρα. Τα ελληνικά πλοία
 φρόντιζαν για τον εφοδιασμό των αγωνιστών με τρόφιμα από τα εύφορα
 νησιά του Αιγαίου Πελάγους. Ασύγκριτα δυσκολότερη ήταν η κατάσταση
 για τους τραυματίες, καθώς γιατροί σπανίως υπήρχαν και τα φάρμακα ήταν
 λιγοστά. Έτσι, τα γιατροσόφια αποδεικνύονταν πολλές φορές το μοναδικό
 μέσο θεραπείας.
",history,6,6,6.001656972934143,0.0013508480660305,6,5.751531449176582,0.057013542853852,3,2.9999344760794884,5.708866662157325e-05,4,4.1333361711288035,0.0317362713383202,3,3.273185266311657,0.0489014660228034,3,2.9999166484869377,0.0001871904786868,6,6.000250629269431,0.000328058195696,7.9706859981350675,5,5.024830446750229,0.0370223891635726,7.003329591534566,2.8,12.7,52.19047619047619,0.001110383
264,264,127,128,"Ρώμης-Βερολίνου), στην προσπάθειά της να κυριαρχήσει στη Μεσόγειο και στα Βαλκάνια,
 επαναφέροντας την ένταση και τους φόβους ενός νέου πολέμου πάνω από την Ευρώπη.
 Οι φόβοι δεν άργησαν να επαληθευτούν. Ο Χίτλερ ανάγκασε την Αυστρία να ενωθεί
 με τη Γερμανία ενώ τον επόμενο χρόνο εισέβαλε στην Τσεχοσλοβακία. Παράλληλα ο ιταλικός στρατός κατέλαβε το 1939 την Αλβανία, κρούοντας το καμπανάκι του κινδύνου για την
 Ελλάδα.
 Η ιταλική επιθετικότητα δεν βρήκε την Ελλάδα απροετοίμαστη. Ο Ιωάννης Μεταξάς είχε
 ήδη από το 1936 φροντίσει για τη στρατιωτική προετοιμασία της χώρας. Έτσι, διπλασίασε
 τις πολεμικές δαπάνες, μερίμνησε για τη δημιουργία αξιόπιστου πυροβολικού και εκπόνησε
 σχέδια μάχης για ενδεχόμενες επιθέσεις από τη Βουλγαρία και αργότερα από την Ιταλία.
 Το 1939 ξέσπασε ο Β΄ Παγκόσμιος Πόλεμος, όταν ο γερμανικός στρατός εισέβαλε
 στη γειτονική Πολωνία, που την ασφάλειά της είχε εγγυηθεί η Αγγλία. Πολλές χώρες της
 Ευρώπης, με πρώτες την Αγγλία και τη Γαλλία, κήρυξαν πόλεμο στις δυνάμεις του Άξονα,
 σχηματίζοντας τη δική τους συμμαχία. Ο πόλεμος γρήγορα επεκτάθηκε κι έγινε παγκόσμιος. Με τον Άξονα συμμάχησε η Ιαπωνία, ενώ με τους Συμμάχους συντάχθηκε η Ρωσία και
 κατόπιν οι ΗΠΑ.
 Η Ελλάδα μπήκε στον πόλεμο τον Οκτώβριο του 1940. Είχαν προηγηθεί εχθρικές ιταλικές ενέργειες, με σοβαρότερη τον τορπιλισμό του καταδρομικού «Έλλη» από ιταλικό υποβρύχιο, τον Δεκαπενταύγουστο του 1940, στο λιμάνι της Τήνου. Δυόμισι μήνες αργότερα,
 χαράματα της 28ης Οκτωβρίου, ο Ιταλός πρέσβης στην Αθήνα Γκράτσι επέδωσε στον Μεταξά
 τελεσίγραφο ζητώντας την παράδοση της χώρας. Η άρνηση του Μεταξά εξ ονόματος όλων
 των Ελλήνων σήμανε την αρχή του πολέμου.
 Λίγο αργότερα ιταλικά στρατεύματα εισέβαλαν από τα ελληνοαλβανικά σύνορα, με
 σκοπό να καταλάβουν αρχικά την Ήπειρο. Ταυτόχρονα μία ομάδα Αλπινιστών διείσδυσε
 στη Βόρεια Πίνδο για να χτυπήσει στα νώτα τους οχυρωμένους Έλληνες και να εμποδίσει
 την άφιξη ενισχύσεων από τη Θεσσαλία.
 Όμως ο ελληνικός στρατός αμύνθηκε με επιτυχία, ενώ οι Ιταλοί Αλπινιστές εξουδετερώθηκαν στις χιονισμένες χαράδρες του Σμόλικα. Στα μέσα Νοεμβρίου του 1940 οι Έλληνες στρατιώτες αντεπιτέθηκαν, αναγκάζοντας τους Ιταλούς να αποσυρθούν στο εσωτερικό
 της Αλβανίας και πετυχαίνοντας σημαντικές νίκες, μπήκαν στη Βόρεια Ήπειρο, αλλά η
 περαιτέρω προώθησή τους ήταν πολύ δύσκολη. Λόγω του ορεινού εδάφους και του βαρύτατου χειμώνα, τα κρυοπαγήματα ήταν περισσότερα από τις απώλειες της μάχης, ενώ η
 μεταφορά τροφίμων και πυρομαχικών δυσκόλευε όσο τα στρατεύματα απομακρύνονταν
",history,6,8,7.828516000198476,0.0378645360995986,6,6.011469049197331,0.0073701665649908,4,3.999762506544357,0.0002672735492288,6,6.13836227909627,0.0868438982968553,4,4.394062813389382,0.064988977699691,3,3.2227052169021135,0.0425899541547664,8,7.791126585593503,0.0427364561122868,7.377536608965443,7,6.995958236349679,0.0020988042959956,7.999289007645359,3.4,14.9,54.90275779376499,0.001088823
265,265,79,80,"ΠΕΡΣΙΚΟΙ ΠΟΛΕΜΟΙ
 Το περσικό κράτος καταπίεζε τις ελληνικές πόλεις της Μ. Ασίας, οι
 οποίες επαναστάτησαν. Οι Πέρσες τελικά κατέπνιξαν την επανάσταση. Στη συνέχεια επιτέθηκαν εναντίον της Ελλάδας. Στη μάχη
 του Μαραθώνα (490 π.Χ.) νικήθηκαν από τους Αθηναίους. Το 480
 π.Χ., στις Θερμοπύλες, 300 Σπαρτιάτες και 700 Θεσπιείς, με αρχηγό
 τον βασιλιά της Σπάρτης Λεωνίδα, αντιμετώπισαν τον πολυάριθμο
 περσικό στρατό και σκοτώθηκαν πολεμώντας γενναία. Στη ναυμαχία της Σαλαμίνας (480 π.Χ.) ο περσικός στόλος έπαθε πανωλεθρία.
 Η τελευταία ελληνοπερσική μάχη έγινε στις Πλαταιές (479 π.Χ.),
 όπου οι Πέρσες και πάλι ηττήθηκαν. Με τη νίκη αυτή πέρασε για τους
 Έλληνες ο περσικός κίνδυνος.
",history,4,6,5.999433783155837,0.0007020499219875,6,5.909054533482049,0.0273581253370578,3,2.9999856303334127,1.4874968381976533e-05,4,4.0672831414988195,0.0202567722501858,3,3.0006694249011616,0.0250142112833923,3,2.92414898615927,0.0215706135606132,6,5.999780626607389,0.0002313592881305,7.996826427998911,5,4.8386300674666245,0.056883199763575,7.042027911025798,-0.9,9.5,40.35416666666666,0.000701808
266,266,226,227,"Μεγάλη πρόοδο σημείωσε η Αλεξάνδρεια, πρωτεύουσα
 του κράτους. Η εξαιρετική της θέση και το ευχάριστο
 κλίμα της προσέλκυσαν πλήθη ανθρώπων. Στο λιμάνι
 της έφθαναν πολλά πλοία και φόρτωναν σιτάρι. Τα
 αιγυπτιακά υαλικά και αλάβαστρα* ήταν περιζήτητα. Η
 Αίγυπτος τότε είχε και το μονοπώλιο του παπύρου.
 Ονομαστά υπήρξαν τα δημόσια ιδρύματα της πόλης,
 τα οποία λάμπρυναν με το έργο τους σπουδαίοι επιστήμονες. Το Μουσείο, στο οποίο φιλοξενούνταν πολλοί
 πνευματικοί άνθρωποι, αποτέλεσε πραγματική εστία του
 πολιτισμού. Μεγάλη φήμη απέκτησε και η Βιβλιοθήκη,
 η οποία έφθασε να αριθμεί 700.000 βιβλία.
 Το κράτος της Συρίας, του οποίου ιδρυτής υπήρξε ο Σέλευκος (312-281 π.Χ.), αποτελούσε
 ένα μωσαϊκό εθνοτήτων με ασταθή σύνορα. Οι βασιλείς της Συρίας θεωρούσαν τους εαυτούς
 τους νόμιμους διαδόχους του Αλέξανδρου, επειδή το κράτος τους αποτελούσε τον βασικό
 κορμό της αυτοκρατορίας του.
 Ο Σέλευκος μετέφερε την πρωτεύουσα από τη Βαβυλώνα στην Αντιόχεια, πόλη που πήρε
 το όνομα του πατέρα του. Η επικράτεια διαιρέθηκε σε 25 σατραπείες, των οποίων τη διοίκηση
 είχαν αναλάβει στρατηγοί. Γεωργοί από την Ελλάδα έκαναν πιο αποδοτική την εκμετάλλευση
 της γης με τη βελτίωση των καλλιεργειών. Επίσημη γλώσσα του κράτους ήταν η ελληνική.
",history,10,8,7.751250239616922,0.0458727457805828,6,6.150223887651876,0.0476862818722169,4,3.9975281796141644,0.0013918807775608,5,4.994421571523162,0.0430930233439726,4,3.6630027084684116,0.0629698946901349,3,3.022948019412297,0.0088146878081959,6,6.438993408470935,0.0610327260330685,7.98901107673845,7,6.5694766843419075,0.067561358320507,7.966787248093169,1.0,11.4,45.10778816199377,0.000894681
267,267,183,184,"Οι ελληνικές πόλεις του νότου, εξάλλου,
 είχαν ήδη αρχίσει να παρακμάζουν. Οι
 συνεχείς και πολυετείς συγκρούσεις
 είχαν προξενήσει μεγάλες καταστροφές
 και οι άνθρωποι υπέφεραν. Δεν είχαν
 πάψει όμως να ακούγονται φωνές για
 ειρήνευση και ένωση των Ελλήνων. Ο
 ρητοροδιδάσκαλος Ισοκράτης απευθύνεται στον Φίλιππο και τον προτρέπει,
 αφού ενώσει τους Έλληνες, να στραφεί
 εναντίον των Περσών. Στην Αθήνα υπάρχουν πολιτικοί που υποστηρίζουν τον
 Φίλιππο και άλλοι που τον αντιμάχονται.
 Ο Φίλιππος αναζητούσε συνεχώς
 λόγους για να επεμβαίνει στα θέματα
 της νότιας Ελλάδας, ιδιαίτερα μετά την
 κυριαρχία του στα παράλια της Μακεδονίας. Μια τέτοια ευκαιρία του έδωσε το αμφικτιονικό
 συνέδριο, όταν αυτό κήρυξε πόλεμο εναντίον των Αμφισσέων, για θέματα που σχετίζονταν
 με το μαντείο των Δελφών, και τον όρισε αρχιστράτηγο. Όταν οι Αθηναίοι έμαθαν ότι ο
 Φίλιππος είχε περάσει τις Θερμοπύλες και είχε στρατοπεδεύσει στην Ελάτεια, ένιωσαν
 έκπληξη και ταραχή. Αποφάσισαν τότε να δράσουν αποφασιστικά. Ενωμένος στρατός
 των Αθηναίων και των Θηβαίων παρατάχθηκε στην πεδιάδα της Χαιρώνειας (338 π.Χ.)
 απέναντι από τον στρατό των Μακεδόνων. Στη σύγκρουση που ακολούθησε υπερίσχυσαν οι
 Μακεδόνες. Ο Φίλιππος εφάρμοσε με επιδεξιότητα τη λοξή φάλαγγα και πέτυχε να διασπάσει
 την παράταξη των Αθηναίων. Στη μάχη διακρίθηκε και ο γιος του Αλέξανδρος, μόλις 18
 ετών. Η μάχη αυτή σήμανε την κυριαρχία των Μακεδόνων και τον μαρασμό των πόλεων του
 ελληνικού νότου.
 Το 337 π.Χ. έγινε συνέδριο στην Κόρινθο, όπου αποφασίστηκε από όλους τους
",history,10,7,7.169879668441176,0.0491712367797874,7,7.377453223188183,0.053390251922101,4,3.9890134113639135,0.0048580352810486,5,5.110286962123041,0.034048032788103,4,4.1761842126556985,0.0539016255054623,3,3.2227044621843106,0.0425895281656714,7,7.164862029714556,0.0836281496963588,7.99241824685015,6,6.038514987425202,0.0886834340824665,7.067541621409873,1.4,12.0,48.26194852941177,0.000917086
268,268,125,126,"Ο Α´ Παγκόσμιος πόλεμος στη λογοτεχνία
 Έριχ Μ. Ρεμάρκ, Ουδέν νεώτερον από το δυτικό μέτωπο (1929).
 Έργο-μνημείο της αντιπολεμικής πεζογραφίας.
 Δείτε, επίσης, και την ομότιτλη ταινία.
 Ανρί Μπαρμπύς, Η φωτιά (1916).
 Μια νατουραλιστική περιγραφή της ζωής των στρατιωτών στα
 χαρακώματα.
 Στρατής Μυριβήλης, Η ζωή εν τάφω (τελική μορφή 1931).
 Ο Α´ Παγκόσμιος πόλεμος με τα μάτια ενός ανθρώπου που τον
 έζησε πολεμώντας στην πρώτη γραμμή.
 Σεμπαστιέν Ζαπριζό, Ατέλειωτοι αρραβώνες (1996).
 Μια ανθρώπινη, αντιηρωική ματιά στον Α´ Παγκόσμιο πόλεμο.
 Δείτε, επίσης, και την ομότιτλη ταινία.
",history,12,8,7.984092801480017,0.0065955478750094,8,7.880829507616099,0.0294985338699813,4,4.000702130721038,0.0004782977288855,7,6.998006155101095,0.0011293339610003,4,4.10019408601147,0.064529325893413,4,4.09385988975032,0.0260714946783719,8,7.952665115860015,0.0155491476159237,7.006687991844046,7,7.000094910741296,0.0001240490378292,7.99975164331623,-0.9,10.1,34.87586206896552,0.000780436
269,269,10,11,"Η μετάβαση του ανθρώπου από την Παλαιολιθική εποχή της κυνηγετικής και τροφοσυλλεκτικής
 οικονομίας στη Νεολιθική, όταν ο άνθρωπος γίνεται γεωργός και κτηνοτρόφος, αποτελεί μία
 πραγματική επαναστατική αλλαγή. Η Νεολιθική εποχή χαρακτηρίζεται από τα παρακάτω στοιχεία,
 που το ένα αποτελεί συνέχεια του άλλου: α) μόνιμη εγκατάσταση του ανθρώπου και δημιουργία
 οικισμών β) απασχόληση με τη γεωργία και την κτηνοτροφία και γ) χρήση της κεραμικής.
 Περίπου το 6500 π.Χ. το κλίμα γίνεται θερμότερο
 και το κυνήγι σπανιότερο. Ο άνθρωπος, για
 την τροφή του, δεν μπορεί πια να στηρίζεται
 ΑΝΑΤΟΛΗ
 αποκλειστικά στο κυνήγι και την καρποσυλλογή.
 Θα έπρεπε ο ίδιος να προχωρήσει στην παραγωγή
 ΦΟΙΝΙΚΗ
 Αλφάβητο
 ΜΕΣΟΠΟΤΑΜΙΑ
 της τροφής του. Είναι η αρχή για τη γεωργία και την
 περ-1200
 γραφή σφηνοειδής
 κτηνοτροφία.
 Η γεωργία γεννιέται σε μία «εύφορη ημισέληνο»
 που περιλαμβάνει τη Μεσοποταμία, την Παλαιστίνη
 ΑΡΑΒΙΑ
 ΑΙΓΥΠΤΟΣ
 Ιερογλυφικά
 (Χαναάν, Φοινίκη) και την Αίγυπτο. Στη συνέχεια,
 γεωργία και κτηνοτροφία επεκτείνονται στη βόρεια
 Η «Εύφορη
",history,10,8,7.994060152104794,0.0029888432953451,10,9.67049459163399,0.0583214011713723,3,3.0600868827095837,0.0182454336266486,7,6.991114368603121,0.0031327118385375,4,4.205789629877472,0.0595036070650549,3,3.2689467783202417,0.0467618137401834,8,7.965017389193235,0.0123450275604414,7.437820907480869,7,6.997232208868809,0.0013450666999844,7.990275019537876,2.7,14.4,53.64646464646465,0.001028572
270,270,44,45,"B Οι πηγές αφηγούνται...
 1. Επιστολή των κατοίκων του Σουλίου στον Αλή Πασά (απόδοση στα νέα ελληνικά)
 «Βεζύρ Αλή Πασά σε χαιρετούμεν.
 Η πατρίς μας είναι απείρως γλυκυτέρα και από τα πουγκεία* σου, και από τους ευτυχείς τόπους, τους
 οποίους υπόσχεσαι να μας δώσεις. Όθεν* ματαίως κοπιάζεις, επειδή η ελευθερία μας δεν πωλείται, ούτ’
 αγοράζεται σχεδόν με όλους τους θησαυρούς της γης, παρά με το αίμα και θάνατον έως του τελευταίου
 Σουλιώτου. (Όλοι οι Σουλιώτες μικροί και μεγάλοι)».
 Χριστόφορου Περραιβού, Ιστορία Σύντομος του Σουλίου και Πάργας, τόμ. 1, Παρίσι 1803, σ. 54.
 * πουγκεία = χρηματικά ποσά
 * όθεν = γι’ αυτό
",history,6,8,7.851734559053625,0.0337652454317503,8,6.937000657781027,0.0982693565998557,4,3.8175762566914955,0.0381498052014091,6,6.0198205488241,0.0811737536956707,4,3.687664395198226,0.0764230658716606,3,2.8848221211075042,0.0431951793580656,8,7.645006583888971,0.053770923435611,7.000799487311724,7,6.985752412994771,0.0059646203324805,7.997506641402651,1.0,9.7,38.29059829059829,0.00076443
271,271,35,36,"στρατού, που ενεργούσε με εντολή της Ιερής Συμμαχίας,
 είχε ως αποτέλεσμα την καταστολή της επανάστασης.
 Σχεδόν ταυτόχρονα, στο βασίλειο του Πεδεμοντίου (σημερινή βορειοδυτική Ιταλία) ξέσπασε επανάσταση με τα
 ίδια αιτήματα, που είχε, όμως, και την ίδια τύχη.
 Η επανάσταση στην Ελλάδα (1821) ήταν το πρώτο εθνικό
 Καρμπονάροι οδηγούνται σιδηροδέσμιοι σε δίκη μετά τις
 κίνημα του 19ου αιώνα που έμελλε να πετύχει, καταλήγοντας
 αποτυχημένες επαναστάσεις των ετών 1820-1821 στην Ιταλία.
 στη δημιουργία ανεξάρτητου κράτους. Υπήρξε, λοιπόν, ένα
 από τα σημαντικότερα γεγονότα της εποχής της.
 ΑΣΚΗΣΕΙΣ – ΔΡΑΣΤΗΡΙΟΤΗΤΕΣ
 1. Ορισμένοι υποστηρίζουν ότι τα ιστορικά γεγονότα διαμορφώνονται αποκλειστικά και μόνο από τη βούληση των
 ισχυρών. Οι πολιτικές εξελίξεις στην Ευρώπη αμέσως μετά το συνέδριο της Βιέννης επιβεβαιώνουν ή διαψεύδουν
 αυτή την άποψη; Να τεκμηριώσετε τη θέση σας.
 2. Να μελετήσετε τις πηγές 1α και 1β. Κατόπιν να κάνετε άσκηση (σε σχήμα) άστρου τοποθετώντας στο κέντρο την
 έννοια «έθνος».
 3. Αφού μελετήσετε την πηγή 2, να αναφερθείτε στη σχέση των επαναστάσεων των ετών 1820-1821 με τη γαλλική
 επανάσταση του 1789.
",history,12,8,7.924280383464946,0.0217621459159496,7,6.9538649407479625,0.0236877314987479,4,3.999988696836226,0.0001498506106052,7,6.997828589427172,0.001226521473421,4,4.461242896315753,0.0732747288488468,4,3.592834844207232,0.0543657238720689,8,7.866620114527251,0.0319899598103699,7.06008332780695,7,7.000042008968762,0.0001257176010667,7.999446592331822,2.1,13.3,41.28103579588728,0.000831897
272,272,76,77,"3. Μονομαχία
 Έλληνα με Πέρση
 στρατιώτη (Σκωτία,
 Εδιμβούργο,
 Βασιλικό Μουσείο)
 Όταν οι Έλληνες συγκεντρώθηκαν στον  Ισθμό της Κορίνθου, συμφώνησαν να δώσουν έναν όρκο που θα τους έδενε πιο στενά μεταξύ τους. Ο
 όρκος έλεγε περίπου τα εξής: «Δε θα βάλω τη ζωή μου πάνω από την
 ελευθερία και δε θα εγκαταλείψω τους αρχηγούς ούτε ζωντανούς ούτε
 νεκρούς. Θα θάψω επίσης όλους τους συμμάχους που θα σκοτωθούν
 στη μάχη. Άμα νικήσω τους εχθρούς, δε θα καταστρέψω καμία από τις
 πόλεις που έλαβαν μέρος στον κοινό αγώνα. Δε θα ξαναχτίσω κανέναν
 από τους ναούς που έκαψαν ή γκρέμισαν οι βάρβαροι, αλλά θα τους
 αφήσω όπως είναι. Κι αυτό για να θυμούνται οι νεότεροι την ασέβεια των
 Περσών». Μόλις έδωσαν τον όρκο, ξεκίνησαν για τη Βοιωτία με αρχιστράτηγο τον βασιλιά της Σπάρτης Παυσανία.
 Διόδωρος Σικελιώτης, Βιβλιοθήκη ιστορική, Θ´, 29 (διασκευή)
",history,4,6,6.061374964842599,0.0186851501005602,4,4.548640028107911,0.0806793957441372,4,3.939911988560027,0.0182474355360754,5,4.934780443029922,0.0347768714112572,3,3.1137172560356703,0.0932293886755901,3,3.00001241888485,1.3520536811692683e-05,6,6.003729800744999,0.0019879146080065,7.904649529252254,5,5.530954993551973,0.0802626060990457,7.0027908134507015,2.9,11.1,40.810497614178594,0.000901038
273,273,45,46,"οδήγησε, σύντομα, στην απόφαση κατάργησης των τοπικών οργανιβοηθήση […].
 σμών και δημιουργίας κεντρικής διοίκησης. Έτσι, προκηρύχθηκαν
 Πηγή: Δ. Κόκκινος, Η Ελληνική Επανάστασις, Μέεκλογές για την ανάδειξη παραστατών, δηλαδή εκπροσώπων του
 λισσα, Αθήνα 1959-1960, τόμ. 1, σ. 479-480.
 λαού που θα αποτελούσαν την Εθνική Συνέλευση.
 Η Α´ Εθνοσυνέλευση έγινε κοντά στην Επίδαυρο (Δεκέμβριος 18212. Προσωρινόν Πολίτευμα της Ελλάδος
 Ιανουάριος 1822), έμεινε γνωστή ως Εθνοσυνέλευση της Επιδαύρου
 (σύνταγμα της Επιδαύρου), 1822
 και ψήφισε το πρώτο ελληνικό σύνταγμα, γνωστό ως σύνταγμα της
 § γ´ – Όλοι οι Έλληνες εισίν όμοιοι ενώπιον των νόΕπιδαύρου. Ήταν ένα κείμενο έντονα επηρεασμένο από τα συντάγμων άνευ τινός εξαιρέσεως ή βαθμού, ή κλάσεως (ενν.
 ματα της γαλλικής επανάστασης, με το οποίο ανακηρυσσόταν η ελκοινωνικής τάξης), ή αξιώματος.
 ληνική ανεξαρτησία και θεσπιζόταν το πολίτευμα της αβασίλευτης
 § ζ´ – Η ιδιοκτησία, τιμή και ασφάλεια εκάστου
 δημοκρατίας. Η τελευταία ρύθμιση αποτελούσε μοναδική εξαίρεση
 των Ελλήνων, είναι υπό την προστασίαν των νόμων.
 σε όλη την Ευρώπη, όπου επικρατούσε τότε η βασιλεία. Έχοντας επίΛ. Αξελός (επιμ.), Τα ελληνικά συντάγματα, 1822γνωση αυτής της διαφοράς, η Εθνοσυνέλευση έσπευσε να διακηρύ1952, Στοχαστής, Αθήνα 1971, σ. 66.
 ξει ότι η επανάσταση ήταν εθνική και δεν είχε κοινωνικοανατρεπτιΝΕΟΤΕΡΗ ΚΑΙ ΣΥΓΧΡΟΝΗ ΙΣΤΟΡΙΑ
",history,12,8,8.000802563256002,0.0005675369474102,7,7.116790826612586,0.0305383828236295,4,4.0002210913735325,0.0002298997744045,7,7.000333586359943,0.0002456174520117,3,3.2923318463390387,0.0524463223107394,3,3.5003636263170392,0.0558321506472047,8,8.001290382310344,0.0008844990470671,7.003168118263602,7,7.042097091966127,0.0140256502680457,7.997737458343934,1.5,14.3,44.98225957049486,0.000884017
274,274,135,136,"2. Απόσπασμα από τον λόγο της Απελευθέρωσης που εκφώνησε ο πρωθυπουργός Γεώργιος Παπανδρέου στο Σύνταγμα, στις 18 Οκτωβρίου 1944
 «Ασπαζόμεθα την ιεράν γην της ελευθέρας πατρίδος! Οι βάρβαροι, αφού εβεβήλωσαν, επυρπόλησαν
 και εδήωσαν, επί τρία και ήμισυ έτη, πιεζόμενοι πλέον από την γενικήν συμμαχικήν νίκην και την
 εθνικήν μας αντίστασιν, τρέπονται εις φυγήν. Και η κυανόλευκος κυματίζει μόνη εις την Ακρόπολιν.
 Από τα βάθη της ιστορίας οι Ελληνικοί αιώνες πανηγυρίζουν την επάνοδον της Ελευθερίας εις την
 αρχαίαν Πατρίδαν της. Και στεφανώνουν την Γενεάν μας. Διότι ολόκληρος ο λαός μας υπήρξεν αγωνιστής της Ελευθερίας. Δεν ευρίσκεται ασφαλώς εις την κατεχόμενην Ευρώπην άλλο
 παράδειγμα τόσον καθολικής αντιστάσεως και τόσον ακλονήτου αισιοδοξίας διά την τελικήν
 Νίκην».
 3. Μαρτυρία Γερμανού αξιωματικού για την καταστροφή του χωριού Χορτιάτης Θεσσαλονίκης από τους Γερμανούς
 «...Ολόκληρο το χωριό μυρίζει πυρκαγιά και θάνατο. Κάποιες τέφρες βγάζουν ακόμα καπνούς.
 Είναι αδύνατο να γίνει ακριβής εκτίμηση του αριθμού των νεκρών. Εμείς τους υπολογίζουμε
 γύρω στους 200-300, ενώ οι χωρικοί μιλούν για 500-600».
",history,6,8,7.621282398605039,0.0536740755328252,6,5.989225973109228,0.008103119094068,,,6.100764379111297e-11,,,1.9845511524017297e-11,4,3.669817611342296,0.0614640375985442,2,2.002472890048832,0.0013903296866496,8,7.620260154825246,0.0539930695690544,7.014059882217225,,,1.0384506115239888e-09,,1.4,13.1,48.825910931174086,0.000872029
275,275,11,12,"Αφρική και την Ευρώπη, ενώ αργότερα νέες εστίες
 ημισέληνος».
 εμφανίζονται σε Αμερική και Ασία. Τα πρώτα φυτά
 που καλλιεργήθηκαν ήταν τα δημητριακά, τα οποία
 αποτελούν τη βάση της διατροφής του ανθρώπου.
 Για να διευκολύνονται στην καλλιέργεια οι άνθρωποι, σιγά-σιγά εφευρίσκουν διάφορα εργαλεία,
 όπως το αλέτρι για να οργώνουν τη γη, το δρεπάνι
 για τον θερισμό, τη μυλόπετρα για να αλέθουν
 τους σπόρους. Αυτά τα εργαλεία είναι συνήθως
 κατασκευασμένα από λειασμένο λίθο.
 Εργαλεία και
 Νέες τεχνικές αναπτύσσονται. Οι άνθρωποι
 αντικείμενα
 κατασκευάζουν κεραμικά σκεύη για να τοποτου νεολιθικού
 ανθρώπου.
 θετούν τα περισσεύματα των δημητριακών και
 Αναγνώρισε τα
 για να ψήνουν τις τροφές. Αρχίζουν να υφαίνουν
 αντικείμενα. Σε τι
 χρησιμεύει το καθένα;
 τα ενδύματά τους, χρησιμοποιώντας το μαλλί των
",history,10,6,6.003486918226997,0.0066007674380215,8,7.881533720136758,0.0299149429967239,3,2.998299657128655,0.0010077996311805,4,4.203555598237301,0.041142404918851,4,3.6571131566688564,0.0616726860999892,3,3.0004571725275184,0.0003666264376605,6,6.000887997983227,0.0006035194520214,7.962672275813418,5,5.2222587286705675,0.1018912690500408,7.008314009231981,0.7,11.8,45.95294117647059,0.000902196
276,276,208,209,"Κορινθιακό
 κιονόκρανο.
 Βρισκόταν στο
 εσωτερικό της Θόλου,
 που ήταν ένα κυκλικό
 ιερό κτίριο της
 Επιδαύρου. Θεωρείται
 ιδιόχειρο έργο του
 γλύπτη Πολύκλειτου
 του νεότερου. 4ος
 αιώνας π.Χ.
",history,10,7,6.668510795223551,0.0534714148106816,4,4.1279538537346525,0.0202578108977545,3,2.991422621448777,0.0039636663897322,7,6.808536172657114,0.0415124075594091,3,3.045127041186788,0.016183185716465,3,2.990293491117953,0.0043913678172877,6,6.3474400786454375,0.0533599157548649,7.995929499306612,7,6.956535683524777,0.0144700837335652,7.999286576749569,-0.5,11.5,37.65,0.000646037
277,277,182,183,"1. Πεθαίνοντας στο Άουσβιτς:
 το Ολοκαύτωμα των Εβραίων
 Οι Ρούντολφ Βρμπα και Άλφρεντ Βέτσλερ δραπέτευσαν,
 τον Απρίλιο του 1944, από το στρατόπεδο συγκεντρώσεως
 του Άουσβιτς. Δύο μήνες αργότερα δημοσίευσαν ένα κείμενο (Vrba-Wetzler Report) στο οποίο περιέγραφαν με λεπτομέρειες τη ζωή στο στρατόπεδο.
 Το κρεματόριο περιλαμβάνει ένα μεγάλο θάλαμο, ένα
 θάλαμο αερίων και ένα φούρνο. Οι άνθρωποι συγκεντρώνονται στον μεγάλο θάλαμο, που χωρά περίπου 2.000
 άτομα. Εκεί υποχρεώνονται να βγάλουν τα ρούχα τους
 και δίνεται σε όλους ένα κομμάτι σαπούνι και μια πετσέτα σαν να πήγαιναν για λουτρό. Κατόπιν συγκεντρώνονται
 όλοι στον θάλαμο αερίων, που σφραγίζεται ερμητικά. Τότε άνδρες των SS, που φορούν μάσκες αερίων, διοχετεύουν στην αίθουσα αέριο από τρία ειδικά ανοίγματα.
 Μετά από τρία λεπτά όλοι είναι νεκροί. Τα άψυχα σώματα
 μεταφέρονται, στη συνέχεια, στο φούρνο με κάρα για να
 καούν.
 Πηγή: www.spartacus.schoolnet.co.uk/
",history,12,8,8.007653776137204,0.005674934585306,6,5.840228429555282,0.0345590904694388,4,3.999749265429273,0.0003130267112848,7,6.9966945601386215,0.0017774046478933,3,3.3879571313600536,0.0568542660098763,3,3.377797747103262,0.053351510846429,8,8.002122526633286,0.0013955266638636,7.001322276793189,7,6.999914537015172,8.075460540520044e-05,7.999439554854234,3.2,13.6,40.24070897655803,0.000849189
278,278,197,198,"στη ναζιστική Γερμανία: τα στρατόπεδα εξόντωσης, οι
 θάλαμοι αερίων, τα φρικιαστικά πειράματα των ναζί «γιατρών του θανάτου» σε αιχμαλώτους, τα βασανιστήρια και
 οι μαζικές εκτελέσεις αμάχων ως αντίποινα και η γενοκτονία των Εβραίων θα αποτελούν για πάντα σύμβολα
 του απόλυτου εγκλήματος σε βάρος του ανθρώπου.
 Η εξασθένηση του διεθνούς ρόλου της Ευρώπης Η
 αποδυνάμωση της διεθνούς θέσης της Ευρώπης, που είχε ξεκινήσει με τον Α´ Παγκόσμιο πόλεμο, επισφραγίστηκε μετά τον Β´ Παγκόσμιο πόλεμο. Η κατεστραμμένη
 2. Η ιαπωνική πόλη Χιροσίμα μετά τη ρίψη της ατομικής βόμβας.
 Ευρώπη του 1945 ήταν, πλέον, αντικείμενο ανταγωνισμού των δύο νέων υπερδυνάμεων, των ΗΠΑ και της Σο2. Οι σκοποί των Ηνωμένων Εθνών
 βιετικής Ένωσης. Παράλληλα, φούντωνε το κίνημα ανεΟι σκοποί των Ηνωμένων Εθνών είναι:
 ξαρτητοποίησης των αποικιών.
 1. Να διαφυλάξουν την παγκόσμια ειρήνη και ασφάλεια [...].
 Ο Οργανισμός Ηνωμένων Εθνών (ΟΗΕ) Η θηριωδία
 2. Να καλλιεργήσουν φιλικές σχέσεις μεταξύ των εθνών [...].
 του πολέμου επανέφερε την ιδέα δημιουργίας ενός διε3. Να επιτύχουν τη συνεργασία όλων των κρατών στην επίλυση
 των διεθνών προβλημάτων οικονομικού, κοινωνικού, πολιτιστικού ή
 θνούς οργανισμού που θα ρύθμιζε τις διαφορές μεταξύ
 ανθρωπιστικού χαρακτήρα και στην προώθηση και την ενθάρρυνση
 των κρατών αποτρέποντας νέες συγκρούσεις. Το 1945,
 του σεβασμού των ανθρώπινων δικαιωμάτων και των θεμελιωδών
 λοιπόν, ιδρύθηκε ο Οργανισμός Ηνωμένων Εθνών (ΟΗΕ)
 ελευθεριών για όλους τους ανθρώπους, χωρίς διακρίσεις ανάλογα
 με τη συμμετοχή πενήντα κρατών. Η έδρα του αποφασίμε το φύλο, τη γλώσσα ή τη θρησκεία.
 Χάρτης των Ηνωμένων Εθνών, άρθρο 1.
 στηκε να είναι στη Νέα Υόρκη, σύμπτωμα και αυτό της
 Πηγή: www.un.int (η ιστοσελίδα του ΟΗΕ).
 ενίσχυσης του διεθνούς ρόλου των ΗΠΑ.
",history,12,8,7.967104595333751,0.0118544269284535,7,7.090775144339105,0.0273438188044184,4,3.9999145899219,0.0001113451713694,7,6.999794321024126,0.0001644074099683,4,4.212823535581265,0.0855071349440022,4,3.626405580934488,0.054666256785384,8,7.944165498125471,0.0178001948502838,7.053400172843567,7,7.000633058990019,0.0006546106964397,7.999288283048145,1.8,12.7,47.74032659,0.000949982
279,279,119,120,"ου 1912). Η απροθυμία του σουλτάΗ Ελλάς, μετά των αδελφών συμμάχων κρατών, θα επιδιώξη πάση θυσία τον ιερόν αυνου να συζητήσει τέτοιου είδους ζητόν σκοπόν, επικαλούμενοι δε την αρωγήν του Υψίστου εν των δικαιοτάτω τούτω αγώνι
 του πολιτισμού, ανακράζομεν Ζήτω η Ελλάς, Ζήτω το Έθνος.
 τήματα στάθηκε η αφορμή του ποΑθήναι, 5 Οκτωβρίου 1912
 λέμου. Αμέσως ξεκίνησε η σύγκρουΟ βασιλεύς Γεώργιος
 Το υπουργικόν Συμβούλιον
 ση, που ονομάστηκε Α´ βαλκανικός
 Πηγή: Η Αθήνα των βαλκανικών πολέμων, 1912-1913, Πνευματικό Κέντρο Δήμου Αθηναίπόλεμος.
 ων, ΕΛΙΑ, Αθήνα 1993, σ. 20.
 Ο ελληνικός στρατός, με αρχιστράτηγο τον διάδοχο Κωνσταντίνο, προέλασε στη Μακεδονία καταλαμβάνοντας πολλές περιοχές. Τα
 σερβικά στρατεύματα κατέλαβαν
 τα Σκόπια και το Μοναστήρι και
 προωθήθηκαν μέχρι το Δυρράχιο
 της (σημερινής) Αλβανίας. Παράλληλα, βουλγαρικές δυνάμεις έφτασαν σε μικρή απόσταση από την
 Κωνσταντινούπολη και, αφού κατέ1. Ελληνικό ιππικό
 λαβαν τη Δ. Θράκη και την Α. Μακεκατά τους
 δονία, κατευθύνονταν στη Θεσσαβαλκανικούς
 λονίκη.
 πολέμους.
 ΝΕΟΤΕΡΗ ΚΑΙ ΣΥΓΧΡΟΝΗ ΙΣΤΟΡΙΑ
",history,12,8,8.005880449284863,0.0026712896646583,8,8.018381989971047,0.0079314442921903,4,3.9898169387777074,0.0053737076448137,7,7.010994818701363,0.0048674896064404,4,4.295322608886636,0.0715309448817209,4,4.025442947976899,0.0393598607304757,8,8.002816360221871,0.0015224926537941,7.0059078204312755,8,7.7575434230114695,0.0458430988541295,7.020323015097972,1.6,13.5,46.682795698924735,0.000837979
280,280,246,247,"Την εποχή των ελληνιστικών βασιλείων (322-330 π.Χ.),
 τα γράμματα και οι τέχνες
 εξελίσσονται ραγδαία. Όμως
 τώρα πνευματικοί άνθρωποι
 και καλλιτέχνες δημιουργούν
 όχι σαν ελεύθεροι πολίτες
 μίας πόλης-κράτους, όπως
 γινόταν την αρχαϊκή και
 κλασική εποχή, αλλά μέσα
 στο πλαίσιο της μοναρχικής
 εξουσίας των διαδόχων του
 Μ. Αλέξανδρου που υποστηρίζουν οικονομικά και προωθούν με κάθε τρόπο τα γράμματα και τις
 τέχνες για να λαμπρύνουν την εξουσία τους και να δηλώσουν την ελληνική προέλευσή τους. Ο
 ελληνικός πολιτισμός εμπλουτίζεται με στοιχεία ανατολικών πολιτισμών και του αιγυπτιακού και
 γίνεται το στοιχείο που ενώνει τους πολλούς και διάφορους πολιτισμούς των υπηκόων αυτών των
 κρατών. Η ελληνική γλώσσα, η ελληνιστική «κοινή», είναι η επίσημη γλώσσα των βασιλείων αυτών
 και δεν υπάρχει μορφωμένος άνθρωπος που να μην τη γνωρίζει.
 Η «Ακαδημία» του Πλάτωνα και το «Λύκειο» του Αριστοτέλη εξακολουθούν να είναι
 οι δύο μεγάλες φιλοσοφικές σχολές της Αθήνας με ακτινοβολία και επιρροή σε ολόκληρο
 τον αρχαίο κόσμο. Ωστόσο τα φιλοσοφικά ρεύματα που ανταποκρίνονται πειστικότερα
 στα παντοτινά ερωτήματα για το νόημα της ανθρώπινης ύπαρξης είναι η διδασκαλία των
 επικουρείων και των στωικών
 φιλοσόφων. Ο Επίκουρος από τη
 Σάμο (341-270 π.Χ.) ιδρύει τη σχολή
 του σε έναν κήπο στην Αθήνα, που
 γίνεται έτσι γνωστή ως «Κήπος». Τη
",history,10,7,7.222571395424666,0.0426709208011796,8,7.679030746892977,0.0505457217063212,4,3.9997973652014593,0.0001561560587847,5,5.226602689697643,0.0532800930566955,6,5.719424656450656,0.0531073616582704,4,3.9820449307856762,0.0072627347477524,7,7.13426681817856,0.0384923004337775,7.995928074587624,7,6.895517370303878,0.0276951569003034,7.988996949754437,3.9,15.1,54.63047210300429,0.001039199
281,281,82,83,"θέλησε να οικοδομήσει ένα σύγχρονο, κατά τα δυτικά πρότυπα, εθνικό κράτος. Οι επιδιώξεις της συνοψίζονταν στο τρίπτυχο: εθνική ανεξαρτησία, βασιλική απολυταρχία και συγκεντρωτικό σύστημα διακυβέρνησης.
 Η διοίκηση του κράτους ήταν συγκεντρωτική. Η Ελλάδα διαιρέθηκε σε 10 νομούς, ενώ η πρωτεύουσα μεταφέρθηκε το
 1834 από το Ναύπλιο στην Αθήνα, κίνηση που σκοπό είχε να τονίσει ότι το νέο κράτος ήταν κληρονόμος της αρχαίας
 Ελλάδας.
 Ο στρατός βασίστηκε, αρχικά, στους περίπου 3.500 Βαυαρούς στρατιωτικούς που είχαν έρθει μαζί με τον Όθωνα στην
 Ελλάδα. Οι Έλληνες αγωνιστές που δεν έγιναν δεκτοί στις ένοπλες δυνάμεις του κράτους έμειναν χωρίς κανέναν πόρο
 ζωής, με αποτέλεσμα τη μεγάλη δυσαρέσκειά τους. Αρκετοί από αυτούς στράφηκαν στη ληστεία.
 Η δικαιοσύνη αναδιοργανώθηκε, ιδρύθηκαν δικαστήρια και συντάχθηκαν νέοι νόμοι.
 Η εκπαίδευση αναμορφώθηκε, επίσης. Η πρωτοβάθμια εκπαίδευση παρεχόταν στα επταετούς διάρκειας αλληλοδιδακτικά
 Δημοτικά σχολεία. Η δευτεροβάθμια εκπαίδευση προσφερόταν στα τριτάξια Ελληνικά σχολεία, που βρίσκονταν στις πρωτεύουσες των επαρχιών, και στα τετρατάξια Γυμνάσια, που υπήρχαν στις πρωτεύουσες των νομών. Επίσης, ιδρύθηκε, το
 1837, Πανεπιστήμιο στην Αθήνα. Την ίδια χρονιά ιδρύθηκε και το Πολυτεχνικό Σχολείο, πρόδρομος του σημερινού Πολυτεχνείου. Ωστόσο, η εκπαίδευση των κοριτσιών παρέμεινε παραμελημένη.
 Η ελληνική εκκλησία ορίστηκε αυτοκέφαλη, δηλαδή χωρίστηκε διοικητικά από το Πατριαρχείο Κωνσταντινουπόλεως,
 απόφαση που υπαγορεύθηκε από το ότι το τελευταίο βρισκόταν σε οθωμανικό έδαφος, υπό την άμεση επιρροή του σουλτάνου. Επίσης, διατάχθηκε το κλείσιμο των μοναστηριών που είχαν μικρό αριθμό μοναχών.
 Η στάση των Ελλήνων απέναντι στην Αντιβασιλεία ήταν αρχικά δύσπιστη και στη συνέχεια απροκάλυπτα εχθρική. Αναπτύχθηκαν, μάλιστα, συνωμοτικές κινήσεις με σκοπό την ανατροπή της Αντιβασιλείας, ενώ δεν έλειψαν και ανοιχτές εξεγέρσεις (Μεσσηνία, 1834).
 Η περίοδος της απόλυτης μοναρχίας του Όθωνα (1835-1843) Μετά την ανάληψη της διακυβέρνησης από τον Όθωνα
 (Μάιος 1835), η κατάσταση δεν άλλαξε. Ο βασιλιάς προσπάθησε, όπως και η Αντιβασιλεία πριν απ’ αυτόν, να περιορίσει την
 επιρροή των κομμάτων ενισχύοντας κατά περιόδους ένα από αυτά και περιθωριοποιώντας τα άλλα. Ωστόσο, η πολιτική
 αυτή συνάντησε έντονες αντιδράσεις που εκφράστηκαν αρχικά με εξεγέρσεις τοπικού χαρακτήρα ( Ύδρα, Μεσσηνία).
 Η 3η Σεπτεμβρίου 1843 Παράλληλα, η οικονομική κατάσταση
 των αγροτών χειροτέρευε και στην ύπαιθρο αναπτυσσόταν η
 ληστεία. Επιπλέον, η Ελλάδα αδυνατούσε να εξοφλήσει τα δάνειά της, με αποτέλεσμα οι Δυνάμεις να επιβάλουν οικονομικό
 έλεγχο στη χώρα και περικοπή των κρατικών δαπανών. Οι στρατιωτικοί, από τα πρώτα θύματα των περικοπών, στράφηκαν
 εναντίον του Όθωνα. Η γενική αναταραχή οδήγησε σε έντονη
 πολιτική κινητοποίηση με πρωτεργάτες τους Α. Μαυροκορδάτο,
 Ι. Κωλέττη, Α. Μεταξά και Α. Λόντο, δηλαδή πολιτικούς όλων των
 κομμάτων. Κοινή ήταν η πεποίθηση ότι η παραχώρηση συντάγματος θα απάλλασσε τη χώρα από τους Βαυαρούς και θα την
",history,12,8,7.858777967000606,0.0350166171166362,7,6.573599062614164,0.058336621905328,4,3.998831367522939,0.0007287248715015,7,6.400795716799898,0.0781895612798619,4,4.530449197992084,0.0723941184480196,3,3.0015007014681956,0.0009052031940221,8,7.961728275581549,0.0131228250145544,7.622457153439598,7,6.9897098478299995,0.0046084610140715,7.998498811067321,1.8,14.6,54.86417537837416,0.001040584
282,282,187,188,"βρίσκεται στην Ινδία. Την τελευταία μεγάλη μάχη την έδωσε στον Υδάσπη, παραπόταμο του
 Ινδού ποταμού, αντιμέτωπος με τον Ινδό βασιλιά Πώρο (326 π.Χ.), τον οποίο και νίκησε. Από
 τον Υδάσπη προχωρεί ανατολικότερα, προς τον άλλο παραπόταμο του Ινδού, τον Ύφαση.
 Επιθυμεί να φθάσει στον Γάγγη· όμως ο στρατός του εξαντλημένος από τους συνεχείς πολέμους
 και τις κακουχίες αρνείται να τον ακολουθήσει. Ο Αλέξανδρος αναγκάζεται να επιστρέψει στα
 Σούσα (324 π.Χ.). Τον επόμενο χρόνο (323 π.Χ.) πεθαίνει στη Βαβυλώνα.
 Κοντά στον μύθο
 Στην κληρονομιά του πατέρα του, τη Μακεδονία και το «Κοινόν των Ελλήνων» ο Αλέξανδρος
 προσθέτει μια ολόκληρη αχανή αυτοκρατορία. Η ελληνική παρουσία κυριαρχεί σ’ έναν
 ολόκληρο κόσμο. Ο Αλέξανδρος πέρα από ιστορία, σύνορα και λαούς, μυθοποιείται.
",history,10,7,6.97805271899216,0.0094178153741819,7,6.94557006710302,0.0234001840732384,4,3.9902930834512986,0.0043910022564211,6,5.707489598131133,0.0532471770229178,4,4.021365132747178,0.0366025601580842,3,3.1480383340635854,0.0336917814584426,6,6.326777327151376,0.052111997453485,7.952572903804651,7,6.701407522703818,0.0529584090668552,7.994078299971079,0.3,10.2,37.16666666666667,0.000760592
283,283,39,40,"Ο δίσκος της
 Φαιστού αποτελεί το
 σπουδαιότερο δείγμα
 ιερογλυφικής γραφής
 από την Κρήτη.
 Μέχρι στιγμής δεν έχει
 αποκρυπτογραφηθεί
 και το
 περιεχόμενό του
 παραμένει
 ακατανόητο.
 Η επικρατέστερη
 άποψη είναι ότι
 πρόκειται για ύμνο σε
 κάποια θεότητα.
 (Αρχαιολογικό
 Μουσείο Ηρακλείου)
",history,10,7,7.074820212701752,0.0221601322109327,4,4.00026138292219,0.0005611437081582,3,3.0000488852069793,4.782099658583621e-05,7,6.349994856072044,0.0731047544135533,3,3.0009071563836187,0.0297518825080338,3,3.00149070473924,0.0009163309625301,7,6.591820605604539,0.0566106816162481,7.999702668141083,7,6.994290213044472,0.0026891369325001,7.999497418940777,-0.2,12.9,45.63372093023256,0.000867754
284,284,250,251,"Η ψυχανάλυση ήταν η επιστήμη που άνοιξε πραγματικά νέους δρόμους στη μελέτη
 της ανθρώπινης ύπαρξης. Θεμελιωτής της υπήρξε ο Αυστριακός Σίγκμουντ Φρόιντ, ο
 οποίος, αναζητώντας τη θεραπεία της υστερίας, οδηγήθηκε στην ανακάλυψη του ασύνειδου ή ασυνείδητου, που μαζί με το συνειδητό και το προσυνειδητό αποτελούν τις
 τρεις βαθμίδες του ανθρώπινου ψυχισμού. Η ψυχανάλυση μελετά το ασυνείδητο (τις
 απωθημένες σκέψεις και επιθυμίες, καθώς και τις μεταξύ τους διασυνδέσεις) και προσπαθεί να ανακαλύψει εκεί τους παράγοντες που προκαλούν τις ψυχικές διαταραχές
 και συνδέονται, κατά τον Φρόιντ, με τη σεξουαλική επιθυμία (λίμπιντο).
 Στην ιστορία η επανάσταση ήρθε με το ιστοριογραφικό κίνημα των Αννάλ [Annales
 (Χρονικά), γαλλικό ιστορικό περιοδικό, 1929]. Οι ιστορικοί των Αννάλ μετατόπισαν το ενδιαφέρον τους από την πολιτική στην οικονομία, στις κοινωνικές δομές και στις νοοτροπίες. Επιδιώκοντας μια όσο το δυνατόν συνολική ιστορική προσέγγιση του αντικειμένου τους, ανέπτυξαν έναν γόνιμο διάλογο με τις κοινωνικές επιστήμες, την οικονομία,
 την κοινωνιολογία, την ανθρωπολογία και τη γεωγραφία.
 3. Σίγκμουντ Φρόιντ
 Τέλος, η διαμόρφωση της μαζικής κουλτούρας υπήρξε ένα από τα νέα φαινόμενα
 του 20ού αιώνα. Τα τεχνολογικά επιτεύγματα [κινηματογράφος, τηλεόραση, ραδιόφωνο, πικάπ, walkman, ψηφιακός δίσκος
 (cd, dvd), Internet κ.ά.] επέτρεψαν την ευρύτατη διάδοση των πολιτιστικών αγαθών. Παράλληλα, όμως, διαμορφώθηκε μια
 κατηγορία πολιτιστικών προϊόντων, συχνά χαμηλής ποιότητας, που παράγονται μαζικά, προορίζονται για «μαζική κατανάλωση» (π.χ. τηλεοπτικές σειρές χαμηλής καλλιτεχνικής αξίας) και συνιστούν αυτό που λέγεται απαξιωτικά, όχι άδικα, μαζική
 κουλτούρα.
",history,12,8,7.999151794742261,0.0009788316996348,6,6.094772111318889,0.0256707753522288,4,4.000032561140188,3.432735402839292e-05,7,6.998465830064561,0.0009222695317148,4,4.413509620985906,0.0640291046088305,4,3.9860385518563817,0.0060274525273923,8,7.996308398248061,0.0030594106026369,7.010983278745243,7,6.999932247928882,7.191254117896579e-05,7.995376752292941,4.2,18.8,59.31560283687944,0.001187063
285,285,101,102,"Οι αγώνες των κολιγών της Θεσσαλίας, που έφτασαν μέχρι και την ένοπλη σύγκρουση με το κράτος [Κιλελέρ (σημ.
 Κυψέλη του ν. Λάρισας), 1910], ήταν ένας από τους παράγοντες που ώθησαν αργότερα στη διανομή των τσιφλικιών.
 Το εργατικό κίνημα έκανε μόλις τα πρώτα βήματά του αυτή την εποχή. Κατά τη δεκαετία του 1870 σημειώθηκαν οι πρώτες εργατικές απεργίες και κυκλοφόρησαν εφημερίδες και έντυπα που υπερασπίζονταν τα αιτήματα των εργατών. Παράλληλα, άρχισαν να διαδίδονται οι σοσιαλιστικές ιδέες, ξεκινώντας από ορισμένους κύκλους διανοουμένων. Το 1891 γιορτάστηκε για πρώτη φορά στην Ελλάδα η εργατική Πρωτομαγιά στο Παναθηναϊκό στάδιο.
 Τέλος, τέθηκε και το γυναιΓΙΑ ΜΙΑ ΑΛΛΗ ΜΑΤΙΑ ΣΤΟ ΠΑΡΕΛΘΟΝ…
 κείο ζήτημα (αναγνώριση δι…διαβάστε λογοτεχνία
 καιωμάτων στις γυναίκες), στο
 0 Κωνσταντίνος Χατζόπουλος, Ο πύργος του Ακροποτάμου (1915).
 πλαίσιο των γενικότερων κοιΡεαλιστική παρουσίαση της ελληνικής υπαίθρου κατά τον 19ο αιώνα.
 νωνικών αναζητήσεων που έφε0 Αθηνά Κακούρη, Πριμαρόλια (1998).
 ρε η αστικοποίηση, με κύριο αίΗ ζωή στην Πάτρα του 19ου αιώνα με φόντο τη σταφιδική κρίση.
 τημα την ανάγκη εκπαίδευσης
 0 Ιωάννα Καρυστιάνη, Νύφες (2005).
 των γυναικών, που ήταν έως τόΗ μετανάστευση στις Η.Π.Α. στα τέλη του 19ου αιώνα
 τε παραμελημένη.
 και στις αρχές του 20ού αιώνα.
 Στο βιβλίο βασίστηκε η ομώνυμη ταινία του Παντελή Βούλγαρη (2005).
 ΑΣΚΗΣΕΙΣ – ΔΡΑΣΤΗΡΙΟΤΗΤΕΣ
 1. Να μελετήσετε τον πίνακα 2 και να καταγράψετε τις παρατηρήσεις σας αναφορικά με την ανάπτυξη της ελληνικής
 ναυτιλίας τον 19ο αιώνα.
 2. Με αφετηρία την εικόνα 2, να συγκεντρώσετε στοιχεία για την οικονομική και την κοινωνική σημασία της καλλιέργειας της σταφίδας στην Ελλάδα του 19ου αιώνα.
 3. Διαθεματική δραστηριότητα: Η μετανάστευση από την Ελλάδα προς τις ΗΠΑ στα τέλη του 19ου αιώνα και στις αρχές
 του 20ού αιώνα. Αποτυπώσεις στη λογοτεχνία και στον κινηματογράφο.
",history,12,8,7.943851624853025,0.0175937684324045,7,6.990968150129703,0.0248832483550502,4,3.999870243723308,0.0001211422568158,6,6.458448371274379,0.0643470456383081,4,4.097005444091337,0.0730884711000574,3,3.07593606327373,0.0216234984315177,8,7.731036216220673,0.0499360020787502,7.060083876761951,7,6.9876167677966805,0.0053333667168382,7.9968147133076855,1.3,11.7,41.06060606060606,0.000844004
286,286,122,123,"βιομηχανικό
 δυναμικό κάθε έθνους αναγκάζεται να παράγει, να
 Ο ιμπεριαλισμός (η πολιτική επέκτασης των βιουπερπαράγει. Αυτή την υπερπαραγωγή πρέπει να τη διαθέσουμε. Κι
 μηχανικά αναπτυγμένων κρατών σε βάρος άλλων
 έτσι ριχνόμαστε στις παγκόσμιες αγορές ενώ κλείνουμε τη δική μας
 κρατών) υπήρξε η κυριότερη αιτία του πολέμου. Κααγορά με προστατευτικά μέτρα. […] Έτσι με φυσική νομοτέλεια, η μία
 ταλυτικός παράγοντας στάθηκε η επιθετική προχώρα βαδίζει εναντίον της άλλης, συγκρούεται μαζί της. Ποια θα εξασπάθεια της ταχύτατα αναπτυσσόμενης Γερμανίας
 σφαλίσει την οριστική υπεροχή των εθνικών βιομηχανικών της προϊνα καλύψει τις ανάγκες της σε πρώτες ύλες, καύσιμα
 όντων και με ποιο τρόπο; […] Μήπως με πόλεμο; Η Αγγλία και η Γερκαι αγορές μέσω της αναδιανομής του παγκόσμιου
 μανία αλληλοϋποβλέπονται· ο πόλεμος είναι η μόνη τους λύση.
 πλούτου και των αποικιών. Η πολιτική αυτή την έφεΑ. Μερχέμ, Η εργατική ζωή, 1911.
 ρε γρήγορα αντιμέτωπη με τη Βρετανία και τη Γαλ2. Τα αίτια του πολέμου: ο εθνικισμός
 λία, τις χώρες που έλεγχαν τότε τις περισσότερες
 Ο θρίαμβος των εθνών συνεπήρε ολόκληρη την Ευρώπη με μια μεκαι πλουσιότερες αποικίες.
 ταδοτική κίνηση που κάνει ολόκληρη την ήπειρο να ενδιαφέρεται για
 Ο εθνικισμός έπαιξε ουσιαστικό ρόλο στην ωρίοποιαδήποτε αλλαγή επέρχεται σε μια από τις χώρες που την απαρμανση των συνθηκών που οδήγησαν στον πόλεμο.
 τίζουν. Συγχρόνως το εθνικό συναίσθημα μετατράπηκε σιγά σιγά σε
 Σε μια Ευρώπη όπου οι πολιτικές αποφάσεις είχαν
 ένα αλαζονικό και απόλυτο πάθος, που δεν ικανοποιείται παρά μόνο
 με την εξύψωση ενός κράτους σε βάρος των άλλων.
 πάψει πλέον να αφορούν μόνο τους ηγέτες, οι συS. Berstein & P. Milza, Ιστορία της Ευρώπης, μτφρ. Α.Κ. Δημητρακόμπεριφορές των λαών είχαν βαρύτητα. Βεβαίως,
 πουλος, Αλεξάνδρεια, Αθήνα 1997, τόμ. 2, σ. 266.
 εκτός από κάποιους φανατικούς, οι λαοί της Ευρώπης δεν επιθυμούσαν τον πόλεμο. Δεν ήταν, ωστό3. Τα αίτια του πολέμου: ο μιλιταρισμός
 σο, και διατεθειμένοι να καταπνίξουν τα εθνικά
 Μας εκπαίδευσαν δέκα εβδομάδες σ’ ένα στρατόπεδο κι αυτό το
 διάστημα μας επηρέασε πιο βαθιά από τα δέκα χρόνια του σχολείου.
",history,12,8,8.003029210689817,0.001852098425393,8,8.055021176552657,0.0176988034626844,4,4.000348203516694,0.0004491149705007,,,1.703132549863962e-05,7,6.4072409478831105,0.0777949661452585,5,4.915040120322374,0.0235149091588306,8,8.000372746871562,0.000608972725694,7.004066372887792,7,6.999946171482975,8.719619471862932e-05,7.9997025138519575,2.4,12.5,45.08225108225109,0.000851117
287,287,101,102,"Οι ερωτώντες διατύπωναν την ερώτηση γραπτά ή προφορικά... Η Πυθία, αθέατη απ'
 όλους, υπνωτισμένη από το μάσημα των φύλλων δάφνης, τα λιβάνια και τους καπνούς,
 έδινε την απάντηση με λέξεις ασυνάρτητες, κραυγές ακατάληπτες... Η απάντηση ήταν
 σκοτεινή και διφορούμενη, την οποία όμως οι πιστοί ερμήνευαν με τον τρόπο που τους
 άρεσε και μόνο αν το μέλλον ερχόταν αντίθετο, έβλεπε κανείς τη σωστή ερμηνεία. Έτσι
 δικαιολογείται το επίθετο του Απόλλωνα, Λοξίας. Ένα από τα γνωστότερα παραδείγματα
 αμφίβολου χρησμού είναι η απάντηση του μαντείου στον βασιλιά των Λυδών Κροίσο. Είχε
 ρωτήσει αν θα κέρδιζε πολεμώντας με τους Πέρσες. Ανάμεσα στα δύο βασίλεια ήταν το
 ποτάμι Άλυς. Το μαντείο απάντησε: Αν ο Κροίσος διαβεί τον Άλυ, θα καταστρέψει ένα
 μεγάλο κράτος. Ο Κροίσος ερμήνευσε τον χρησμό όπως του άρεσε, έκαμε τον πόλεμο,
 αλλά νικήθηκε. Τότε όλοι κατάλαβαν ότι το μαντείο εννοούσε ότι ο Κροίσος περνώντας
 τον Άλυ, δηλαδή κηρύσσοντας τον πόλεμο κατά των Περσών, θα καταστρέψει το δικό του
 κράτος.					
 Φ.M. Πέτσα, Δελφοί, εκδ. Κρήνη 1983, σ. 12
 Αμφικτιονίες
",history,10,8,7.996858739481357,0.0017487562829562,8,7.997138815056871,0.003395419373245,4,3.957986776564212,0.0140745241405052,7,6.970121617864379,0.0108382371219571,5,5.035128729679855,0.0922049949892195,4,3.8190255601711307,0.0388606421955045,8,7.984153385490543,0.0066152576485432,7.00169242238735,7,6.999190597950644,0.0005578355618051,7.988896424649283,1.6,10.5,42.27457314259345,0.000845327
288,288,88,89,"ο ξέσπασμα της ελληνικής Επανάστασης, τον Μάρτιο του 1821, αρχικά καταδικάστηκε
 από τις Μεγάλες Δυνάμεις της εποχής. Η Ιερή Συμμαχία, που συγκροτήθηκε το 1815
 μεταξύ της Ρωσίας, της Πρωσίας, της Αυστρίας, της Αγγλίας και της Γαλλίας, με κοινές αποφάσεις που έλαβε σε συνέδριά της το 1821 και το 1822 ήταν αντίθετη απέναντι σε οποιαδήποτε επαναστατική κίνηση.
 Όμως, μετά τον απαγχονισμό του Οικουμενικού Πατριάρχη Γρηγορίου του Ε΄ την ημέρα του Πάσχα του 1821 και τις διώξεις των Ελλήνων υπηκόων της Οθωμανικής Αυτοκρατορίας, ο Ρώσος πρεσβευτής αναχώρησε από την Κωνσταντινούπολη το καλοκαίρι του 1821
 και οι σχέσεις των δύο χωρών επιδεινώθηκαν.
 Από τον τρίτο χρόνο της Επανάστασης και καθώς ο αγώνας των επαναστατημένων
 Ελλήνων συνεχιζόταν, τα συμφέροντά τους στην περιοχή και ο αυξανόμενος ανταγωνισμός
 ανάμεσά τους έκαναν τις Μεγάλες Δυνάμεις να μεταβάλουν σταδιακά τη στάση τους απέναντι στο Ελληνικό Ζήτημα, αντιμετωπίζοντάς το πιο ευνοϊκά. Έτσι, το 1823 η αγγλική πολιτική
 έγινε φιλική προς τους αγωνιζόμενους Έλληνες, με αποτέλεσμα να αλλάξει και η στάση
 της Ρωσίας, που δεν ήθελε ν’ αφήσει στους Άγγλους την πρωτοβουλία των διπλωματικών
 κινήσεων.
 Οι Μεγάλες Δυνάμεις αποφάσισαν να μεσολαβήσουν από κοινού για την επίλυση του
 Ελληνικού Ζητήματος. Το 1827 η Αγγλία, η Γαλλία και η Ρωσία υπέγραψαν στο Λονδίνο
 συνθήκη που καλούσε τις δύο εμπόλεμες πλευρές να κάνουν ανακωχή και ν’ αρχίσουν
 διαπραγματεύσεις για τη δημιουργία αυτόνομου ελληνικού κράτους. Η Υψηλή Πύλη όμως,
 ενθαρρυμένη από τις στρατιωτικές της επιτυχίες, αντέδρασε απορρίπτοντας τη μεσολάβηση.
 Τότε αγγλικά, γαλλικά και ρωσικά πολεμικά πλοία με αρχηγούς τους ναυάρχους Κόδριγκτον, Δεριγνύ και Χέυδεν κατέπλευσαν στην Πύλο, για να εφαρμόσουν τις αποφάσεις
 των Μεγάλων Δυνάμεων. Στη Ναυμαχία του Ναυαρίνου, τον Οκτώβριο του 1827, ενωμένες οι ναυτικές συμμαχικές δυνάμεις αντιμετώπισαν με επιτυχία τον τουρκοαιγυπτιακό
 στόλο, καταστρέφοντάς τον ολοκληρωτικά. Η νίκη του στόλου των συμμαχικών δυνάμεων
 στο Ναυαρίνο ήταν καθοριστική και επιτάχυνε τις εξελίξεις, οδηγώντας τελικά στην απελευθέρωση της Ελλάδας.
",history,6,8,7.975535291879666,0.0093477629034298,7,6.978113959177739,0.0095241822186829,4,3.9999998165585566,8.03068718703682e-05,7,6.994797496068713,0.0024454182206812,4,4.203685352118555,0.0528857085234425,3,3.1066920463450742,0.0272690768638257,8,7.962300843610052,0.0131706398972694,7.132957404691524,7,6.999648754913437,0.000288251960318,7.997812508296647,7.0,19.8,65.89736070381232,0.001334154
289,289,239,240,"Η φυσική διαμόρφωση του τόπου λοιπόν αυτές τις ευκολίες παρέχει στην πόλη, οι Ρωμαίοι
 όμως πρόσθεσαν σ’ αυτές τα οφέλη τα προερχόμενα από την προνοητικότητα. Επειδή οι
 Έλληνες φάνηκαν ότι πέτυχαν κυρίως στην ίδρυση των πόλεων, εφόσον λάμβαναν υπόψη
 τους την ομορφιά, την οχυρότητα, τα λιμάνια και την καταλληλότητα του χώρου, οι Ρωμαίοι
 προνόησαν για ό,τι εκείνοι αδιαφόρησαν, δηλαδή για την κατασκευή δρόμων, τη μεταφορά
 του νερού και για υπονόμους, με τους οποίους να μπορούν να καθαρίζουν τα λύματα της
 πόλης και να τα διοχετεύουν στον Τίβερη. Κατασκεύασαν επίσης δρόμους σ’ όλη τη χώρα,
 αποκόπτοντας λόφους και επιχωματώνοντας κοιλάδες, ώστε μεγάλες άμαξες να μπορούν
 να μεταφέρουν τα εμπορεύματα τα οποία μετακινούνταν με πλωτά μέσα. Οι υπόνομοι
 σκεπάστηκαν με πελεκητές πέτρες και συνετέλεσαν ώστε μερικοί δρόμοι να διευκολύνουν
 τη διέλευση αμαξών φορτωμένων με χόρτο. Τόσο πολύ εξάλλου είναι το μεταφερόμενο με
 αγωγούς νερό από τα υδραγωγεία, ώστε να τρέχουν ποτάμια νερού μέσα από την πόλη και
 στους υπονόμους και να έχει σχεδόν κάθε σπίτι δεξαμενές, σωληνώσεις και αρκετές βρύσες,
 για τα οποία φρόντισε ιδιαίτερα ο Μάρκος Αγρίππας που στόλισε και με πολλά άλλα
 αναθήματα την πόλη.
 Στράβων, Γεωγραφικά V. 3.8., (μετ. Α. Μαστραπά)
",history,10,8,8.001154740387136,0.0019020106462715,8,8.000847369409575,0.0018873180610148,4,4.000996139020572,0.0006848672898702,7,7.000002457022381,6.120754590734901e-05,6,6.034896693778137,0.0235822513337957,4,3.592683050291839,0.054286891957525,8,7.999849066454658,0.0005812096567386,7.012427143562945,7,7.010978157837144,0.0048668793411639,7.9946637517477726,8.7,20.2,55.68181818181819,0.001238551
290,290,161,162,"Στην πολιτική σκηνή της Αθήνας κυριαρχεί ο Αλκιβιάδης,
 πολιτικός με πολλές ικανότητες και υπέρμετρες φιλοδοξίες. Ο
 Αλκιβιάδης, χρησιμοποιώντας ως πρόφαση τον πόλεμο δύο
 σικελικών πόλεων, της Έγεστας και του Σελινούντα, πείθει την
 Εκκλησία του Δήμου, παρά τις αντιρρήσεις του Νικία, να
 οργανώσει μεγάλη εκστρατεία στη Σικελία με το πρόσχημα
 της αποστολής βοήθειας προς τους Εγεσταίους, φίλους της
 Αθήνας. Η Εκκλησία όρισε, ως αρχηγούς της εκστρατείας,
 τρεις στρατηγούς δίνοντάς τους πλήρεις εξουσίες (στρατηγούς
 αυτοκράτορες): τον Αλκιβιάδη, που ήταν ο εμπνευστής της
 εκστρατείας, τον Νικία και τον Λάμαχο.
 Όταν ο στόλος των Αθηναίων έφθασε στη Σικελία, στην Αθήνα
 ξέσπασε οξύτατη πολιτική κρίση. Ο Αλκιβιάδης είχε κατηγορηθεί
 από τους εχθρούς του ότι, την παραμονή της αποχώρησης
 για τη Σικελία, αυτός και φίλοι του, σε κατάσταση μέθης, είχαν
 ακρωτηριάσει τις ερμαϊκές στήλες που χρησίμευαν ως οδοδείκτες
 στους δρόμους και τις πλατείες της πόλης. Ο λαός είχε δώσει υπερβολική σημασία στο γεγονός
 αυτό. Η κατηγορία για ιεροσυλία ήταν φοβερή. Η Εκκλησία αποφάσισε να ανακαλέσει από τη
 Σικελία τον Αλκιβιάδη. Αυτός, φοβούμενος την καταδίκη του σε θάνατο, αρνείται να επιστρέψει
 στην Αθήνα και καταφεύγει στη Σπάρτη. Εκεί, προδίδοντας την πόλη του, συμβουλεύει τους
 Σπαρτιάτες να στείλουν ισχυρό εκστρατευτικό σώμα στη Σικελία για να βοηθήσουν τους
 Σελινούντιους και τους συμμάχους τους Συρακούσιους. Ακόμη, προτρέπει να καταλάβουν
 και να οχυρώσουν τη Δεκέλεια στην Αττική για να αποκόψουν την Αθήνα από την αγροτική
 ενδοχώρα της.
 Στη Σικελία η κατάσταση εξελίσσεται άσχημα για τους Αθηναίους. Ο εμπνευστής της
 εκστρατείας είναι απών, ο Νικίας δεν πιστεύει στη χρησιμότητα της επιχείρησης και ο Λάμαχος
",history,10,8,7.851910971042223,0.0337385205990329,8,7.777334737719453,0.0426267615271308,4,3.9984992650236393,0.0009047365953628,6,5.898381734311812,0.0617834193327138,6,5.89302329449265,0.0323534026975046,3,3.0014997927146148,0.0009060218918141,8,7.930637880926952,0.0204863444744255,7.067542483118842,7,6.988428398639371,0.0050823676001003,7.996398372260501,3.8,15.3,54.79273504273504,0.001092405
291,291,146,147,"Σκηνή στον
 γυναικωνίτη.
 Ερυθρόμορφη πυξίδα.
 Παρίσι, Μουσείο
 Λούβρου.
 Ο γυναικωνίτης είναι
 το βασίλειο
 της γυναίκας.
 Με τι ασχολείται
 η κύρια μορφή
 της εικόνας;
",history,10,5,5.589485158425759,0.0789804220006883,4,5.750312621355988,0.0793313891510131,3,2.5621735296544124,0.0550475409573677,7,6.987100161292318,0.0054867586889905,6,5.673245134181343,0.1050969662224535,3,2.9876428797969403,0.0054344936561512,6,6.58140325950535,0.0928792926490326,7.970687548123223,7,6.9960860513206455,0.0020712747507322,7.999613994352671,-1.6,9.5,36.83448275862069,0.000605487
292,292,265,266,"Ελληνορωμαϊκός πολιτισμός
 ονομάζεται ο πολιτισμός που
 αναπτύχθηκε μετά την κυριαρχία
 της Ρώμης σε ολόκληρη τη λεκάνη
 της Μεσογείου, που επισφραγίστηκε
 με την κατάκτηση και καταστροφή
 της Κορίνθου (146 π.Χ.) και τη
 ναυμαχία του Ακτίου (31 π.Χ.).
 Ήδη από πολύ νωρίς οι Ρωμαίοι
 κατακτητές είχαν έρθει σε επαφή με
 τα ελληνικά γράμματα και τις τέχνες.
 Λατίνοι ποιητές και συγγραφείς
 επηρεάστηκαν αποφασιστικά από
 τους μεγάλους Έλληνες ποιητές,
 τον Όμηρο και άλλους, όπως ο
 Βιργίλιος με την «Αινειάδα» του,
 που αποτελεί συνέχεια ως προς το
 περιεχόμενό της της Ιλιάδας και της
 Οδύσσειας, με τα «Βουκολικά» του
 που μαρτυρούν την επίδραση του Θεόκριτου και τα «Γεωργικά» που φανερώνουν επίδραση
 του Ησιόδου, ή ο Οβίδιος και ο Οράτιος που είναι επηρεασμένοι από την Αλεξανδρινή
 ποίηση. Αλλά και στη φιλοσοφία, στην ιστορία, στις επιστήμες, στο δίκαιο των ρωμαϊκών
 χρόνων οι επιρροές είναι ολοφάνερες. Παράλληλα οι Έλληνες συνεχίζουν να παράγουν
 πλούσιο πνευματικό έργο: περιηγητές (Παυσανίας), πεζογράφοι (Λογγίνος, Φιλόστρατος),
 γραμματικοί (Αθήναιος), ιστοριογράφοι (Διονύσιος, Ιώσηπος, Αππιανός, Αρριανός,
 Κάσσιος Δίων), φιλόσοφοι (Επίκτητος, Δίων ο Χρυσόστομος, Λουκιανός, Ηρώδης ο Αττικός,
",history,10,7,7.18146343415332,0.0386811667674745,8,7.939934339698794,0.0184027659979295,4,3.754916504709996,0.0447197512514698,7,6.946071218092726,0.0166421482819601,4,4.091756930254633,0.0777855656668029,4,3.835539359437803,0.0359436148580707,8,7.640898028804058,0.0546950230152813,7.095345978408943,7,6.999867248361795,0.0001672614658566,7.997805024436147,7.2,21.0,65.07566862361384,0.001357396
293,293,77,78,"φού κατέστειλαν την επανάσταση στην Κρήτη και κατέστρεψαν την Κάσο και τα Ψαρά,
 οι αιγυπτιακές δυνάμεις κινήθηκαν προς την Πελοπόννησο. Τον χειμώνα του 18241825 ο γιος του Μεχμέτ Αλή, Ιμπραήμ Πασάς, αποβιβάστηκε στη Μεθώνη με πολύ στρατό
 και εφόδια.
 Την ίδια στιγμή οι Έλληνες επαναστάτες είχαν διχαστεί από τις εμφύλιες διαμάχες για
 την εξουσία, με αποκορύφωμα τη φυλάκιση του Κολοκοτρώνη και άλλων γνωστών οπλαρχηγών. Καθώς ήταν απροετοίμαστοι, δεν μπόρεσαν να συγκρατήσουν τα τουρκοαιγυπτιακά
 στρατεύματα.
 Με ορμητήριο τη Μεθώνη, ο Ιμπραήμ και οι Γάλλοι σύμβουλοι και επιτελείς του επιχείρησαν να καταλάβουν τον όρμο του Ναυαρίνου, για την ασφάλεια των πλοίων τους. Στη
 συνέχεια, τα τουρκοαιγυπτιακά στρατεύματα περικύκλωσαν τα κάστρα χρησιμοποιώντας κανόνια και ανάγκασαν τους πολιορκημένους να τα παραδώσουν.
 Μπροστά στον κίνδυνο να σβήσει η Επανάσταση, ο υπουργός των Εσωτερικών Παπαφλέσσας ζήτησε από την κυβέρνηση την αποφυλάκιση των οπλαρχηγών. Ο ίδιος πήγε στη
 Μεσσηνία και οχυρώθηκε με τους άνδρες του στο ορεινό χωριό Μανιάκι, αποφασισμένος
 να μην αφήσει τον Ιμπραήμ να περάσει στο εσωτερικό της Πελοποννήσου. Δίνοντας άνιση
 μάχη, στα τέλη Μαίου του 1825, ο Παπαφλέσσας και οι συμπολεμιστές του πολέμησαν γενναία και έχασαν τη ζωή τους.
 Μετά τη μάχη στο Μανιάκι, η κυβέρνηση αποφάσισε γενική αμνηστία. Οι φυλακισμένοι
 οπλαρχηγοί ελευθερώθηκαν και ο Θεόδωρος Κολοκοτρώνης διορίστηκε αρχιστράτηγος. Ο
 Ιμπραήμ, ανεμπόδιστος, έφτασε στην Τριπολιτσά και δύο ημέρες μετά προχώρησε εναντίον
 του Ναυπλίου, της πρωτεύουσας των επαναστατών. Συγκρούστηκε όμως στους Μύλους της
 Αργολίδας με ελληνικές στρατιωτικές δυνάμεις, που είχαν επικεφαλής τον Υψηλάντη και
 τον Μακρυγιάννη, και επέστρεψε στην Τριπολιτσά.
 Ο Κολοκοτρώνης για ν’ αντιμετωπίσει τον στρατό του Ιμπραήμ, που ήταν οργανωμένος
 σύμφωνα με ευρωπαϊκά πρότυπα, επέλεξε την τακτική του κλεφτοπόλεμου. Έλληνες ένοπλοι έκαναν αιφνιδιαστικές επιθέσεις κατά τις νυχτερινές κυρίως ώρες και προκαλούσαν
 στον εχθρό μεγάλες φθορές. Όμως είχε γίνει φανερό πως ο τρόπος αυτός του πολέμου
 δεν ήταν πλέον αποτελεσματικός. Έτσι, η επαναστατική Κυβέρνηση ανέθεσε την οργάνωση
 τακτικού στρατού στον Γάλλο συνταγματάρχη Κάρολο Φαβιέρο.
",history,6,8,7.996509488692929,0.0020210593416881,7,6.780122540181424,0.0439517503499428,4,3.999770298214571,0.0002733096225011,6,6.01969207917341,0.0753565710608013,5,4.740003192608128,0.0790525577495706,3,3.2689506220197018,0.046760617141602,8,7.93976504576105,0.0185017031618384,7.132957139035625,7,6.994119066239364,0.0028698508400619,7.996821017311504,3.3,16.1,55.48643182201248,0.001192799
294,294,34,35,"παράθεμα 2 Τα παιδιά σε αθηναϊκά ερυθρόμορφα αγγεία
 Σώζονται αρχαϊκά ερυθρόμορφα
 από την Αθήνα που δείχνουν παιδιά να διασκεδάζουν στα σπίτια
 τους. Τα αγόρια παίζουν με στεφάνια, με κλουβιά πουλιών και με μικρά άρματα, ενώ τα κορίτσια κάνουν τραμπάλα. Υπάρχουν επίσης
 σκηνές από σχολεία όπου διακρίνουμε άλλα παιδιά να μαθαίνουν
 ανάγνωση και γραφή από τον γραμματιστή και άλλα να μαθαίνουν να
 παίζουν λύρα και αυλό από τον κιθαριστή. Επίσης έχουμε σκηνές
 από γυμναστήρια, όπου βλέπουμε
 τους παιδοτρίβες (γυμναστές) να 6. Ερυθρόμορφος αμφορέ7. Μελανόμορφος αμφορέας με τον Ηρακλή να παλεύκρατάνε μακριά ραβδιά ή βέργες, ας με τον Ηρακλή να μαλώει με το λιοντάρι της Νεμέας
 που καμιά φορά τις χρησιμοποι- νει με τον Απόλλωνα για τον
 (Μπρέσια, Μουσείο Πολιτιτρίποδα
",history,4,6,5.80191839013952,0.0844512467829686,8,7.036895576544339,0.1031022746783811,3,3.000002628062248,1.5494910448395953e-05,4,4.476634709963037,0.0711569599610839,4,4.087498283714467,0.0394478968813079,4,4.0521792256938625,0.0335946966291377,6,6.0697715004857855,0.0308169653325671,7.4999958118100665,7,6.948574501222765,0.0161451278985829,7.999832276706705,5.4,16.1,50.84096692111959,0.001207597
295,295,117,118,"παράθεμα 3 Η Βεργίνα και τα μνημεία της
 Η Βεργίνα έγινε γνωστή χάρη στον αρχαιολόγο Μανόλη
 Ανδρόνικο, που έκανε ανασκαφές και αποκάλυψε το 1977
 τρεις βασιλικούς τάφους και πολλά άλλα ευρήματα. Όλα
 αυτά βεβαιώνουν ότι η Βεργίνα δεν είναι άλλη από τις Αιγές,
 την πρώτη πρωτεύουσα του Μακεδονικού κράτους. Έθιμο
 ιερό όριζε να θάβονται εκεί οι Μακεδόνες βασιλιάδες. Οι
 τάφοι της Βεργίνας έχουν έναν υπόγειο προθάλαμο και μια
 λαμπρή πρόσοψη*. Στον μεγαλύτερο τάφο υπήρχε μαρμά­
 ρινη σαρκοφάγος* και μέσα σ’ αυτή χρυσή λάρνακα με τα 6. Η είσοδος στον χώρο των βασιλικών
 τάφων που ανακαλύφθηκαν στη
 καμένα οστά του νεκρού και ένα θαυμάσιο χρυσό στεφάνι.
 Βεργίνα
 Απ’ όλα αυτά ο Ανδρόνικος κατέληξε στο συμπέρασμα ότι
 ο τάφος ήταν βασιλικός και ανήκε πιθανότατα στον Φίλιππο Β~, τον πατέρα του Αλέξανδρου.
 * η πρόσοψη: η μπροστινή όψη ενός κτιρίου, η φάτσα.
 * η σαρκοφάγος: η λάρνακα στην οποία τοποθετούσαν τον νεκρό, το φέρετρο.
 Πάπυρος Λαρούς Μπριτάνικα, τόμος 14ος, σ. 91-92
",history,4,7,7.274776148273077,0.079521533451995,6,6.429212225532524,0.0756283233850361,3,3.2450839340195046,0.044719593300457,4,4.211038499964218,0.0428276847881342,4,4.108864634470137,0.0384410931940842,3,3.3211937202786697,0.0505565581030745,6,6.004346977751133,0.0021842578879395,7.946595260508303,5,5.3203805497887515,0.0905969962427187,7.006581865149201,2.3,10.9,42.31942374565325,0.000923375
296,296,125,126,"της μεγάλης γλυπτικής στα κέντρα
 αυτά. Οπωσδήποτε όμως και η
 συγκέντρωση πλούτου από τους
 αριστοκράτες και τις πόλεις ήταν
 βασική προϋπόθεση για τη γέννηση της μεγάλης
 γλυπτικής, αφού το κόστος ενός μαρμάρινου αγάλματος
 ήταν υπέρογκο. Για ένα άγαλμα φυσικού μεγέθους
 έπρεπε να εργαστεί ένας γλύπτης με τους βοηθούς του
 για έναν τουλάχιστον χρόνο.
 Οι ανθρώπινες μορφές παριστάνονται από την αρχή
 τυποποιημένες και ακίνητες. Οι νεαροί άνδρες –κούροι–
 παριστάνονται ορθοί, γυμνοί, με καλογυμνασμένα
 σώματα και πλούσια κόμη· οι νεαρές κοπέλες –κόρες–
 ορθές, κομψά ντυμένες, καλοχτενισμένες, στολισμένες
 με πλήθος κοσμημάτων· οι άρχοντες και οι αξιοσέβαστες
 γυναίκες (οικοδέσποινες και ιέρειες) καθιστοί σε
 θρόνους και σκαμνιά· οι συμποσιαστές μισοξαπλωμένοι
 σε ανάκλιντρα. Υπάρχουν επίσης αγάλματα ντυμένων
 κούρων, κούρων με προσφορές στους θεούς (αναθέτες),
 ιππέων, πολεμιστών, μυθικών τεράτων, όπως οι σφίγγες
 και οι σειρήνες, προσωποποιήσεων της ιδέας της νίκης
 (Νίκες), διαφόρων ζώων (λιοντάρια, άλογα, πουλιά κ.ά.).
",history,10,8,7.966935607847947,0.0116921250832641,8,7.729608946767257,0.0473885394267936,4,3.985938430539587,0.0059393834700991,7,6.788358614583508,0.0429081967270865,4,4.05105553570138,0.0496693376916836,4,3.9250472569282753,0.0220923784060556,8,7.53074027908125,0.0557509638266525,7.001494598996942,7,6.997148173073924,0.0015773713570848,7.992388764672796,5.3,19.7,60.57344632768361,0.001154911
297,297,75,76,"Γύρω στα μέσα του 19ου αιώνα, οι
 σχέσεις μεταξύ βόρειων και νότιων
 πολιτειών οξύνθηκαν. Στον νότο, οι
 μεγάλοι γαιοκτήμονες διατηρούσαν
 φυτείες στις οποίες εργάζονταν μαύροι δούλοι. Στον βορρά, οι αστοί θεωρούσαν ότι η δουλεία εμπόδιζε τη
 βιομηχανική ανάπτυξη (οι δούλοι δεν
 είχαν, στην πραγματικότητα, εισόδημα και έτσι δεν μπορούσαν να αγοράζουν βιομηχανικά προϊόντα), ήταν ηθικά απαράδεκτη και έπρεπε να καταργηθεί.
 Μετά την εκλογή του δεδηλωμένου πολέμιου της δουλείας Αβραάμ
 Λίνκολν ως προέδρου των ΗΠΑ
 (1860), οι νότιες πολιτείες αποσχίστηκαν και συγκρότησαν νέο κράτος. Η κρίση οδηγήθηκε σε σκληρό
 εμφύλιο πόλεμο (πόλεμος Βορείων2. Η εδαφική εξάπλωση των ΗΠΑ.
 Νοτίων) που έληξε με νίκη των Βορείων (1865), αφήνοντας πίσω του πάνω από 600.000 νεκρούς. Η ενότητα των ΗΠΑ αποκαταστάθηκε και θεσμοθετήθηκε η κατάργηση της δουλείας, αν και χρειάστηκε να περάσουν πολλά χρόνια μέχρι να γίνουν ουσιαστικά βήματα
 για την εφαρμογή αυτής της απόφασης.
 Μετά τον αμερικανικό εμφύλιο πόλεμο άρχισε και η συστηματική διείσδυση των ΗΠΑ στη Λατινική Αμερική με τη
 μορφή, αρχικά, επένδυσης κεφαλαίων. Παράλληλα, οι ΗΠΑ φρόντιζαν να ελέγχουν και τα πολιτικά καθεστώτα της περιοχής διασφαλίζοντας τις επενδύσεις τους. Έτσι, στις παραμονές του Α´ Παγκόσμιου πολέμου (1914) οι ΗΠΑ είχαν τον
 οικονομικό έλεγχο ολόκληρης της αμερικανικής ηπείρου.
 Στα χρόνια μετά τον εμφύλιο πόλεμο οι ΗΠΑ σημείωσαν τους υψηλότερους ρυθμούς οικονομικής ανάπτυξης στον
 κόσμο. Κορμός της αμερικανικής οικονομίας υπήρξε η βιομηχανία, που επεκτάθηκε αυτή την εποχή και στον αγροτικό,
 έως τότε, νότο. Η άφιξη νέων μεταναστών και η ανάπτυξη του σιδηροδρόμου υπήρξαν, επίσης, γεγονότα καταλυτικά.
 Παράλληλα, την ίδια εποχή άρχισε και ο εποικισμός της αμερικανικής ενδοχώρας, η γνωστή «κατάκτηση της Δύσης»,
 που συνοδεύτηκε από τον αφανισμό των ντόπιων Ινδιάνων. Στα τέλη του 19ου αιώνα οι ΗΠΑ ανταγωνίζονταν τις οικονομικά αναπτυγμένες ευρωπαϊκές χώρες.
 H Κίνα
 Η Κίνα ήταν μια αχανής χώρα με πλούσιο πολιτισμό που δεν είχε καταφέρει, ωστόσο, να εξελιχθεί. Κατά τον 19ο αιώνα δέχτηκε τις επιθέσεις
 ισχυρών αποικιακών δυνάμεων (Αγγλία, Γαλλία,
 Ιαπωνία), δίχως να μπορέσει να αντιδράσει. Μια
 σειρά από στρατιωτικές ήττες (1839-1842: πόλεμος του οπίου) την υποχρέωσαν να ανοίξει τις
",history,12,7,7.193601547860453,0.0434160235922525,7,7.004988199530658,0.0157419040916089,4,3.9669164277744926,0.011672334539326,5,4.7399328909010165,0.0755774487997484,5,5.09941853193277,0.0763601870094041,3,3.18243057920472,0.0381529307169038,6,6.214884782153327,0.0449320757037569,7.9890124443376465,6,5.848173336444006,0.0560948375405867,7.499997854386265,3.0,14.5,50.93988779054234,0.001052398
298,298,188,189,"ελληνική αντίσταση, άρχισαν να κινούνται προς την
 Αθήνα, ενώ τα ελληνικά στρατεύματα της Αλβανίας διαλύονταν. Τότε, ο αντιστράτηγος Τσολάκογλου υπέγραψε, με δική του πρωτοβουλία, συνθηκολόγηση. Στις 27
 Απριλίου 1941 οι Γερμανοί κατέλαβαν την Αθήνα.
 Ο βασιλιάς, η κυβέρνηση και κάποιες ελληνικές και
 βρετανικές ένοπλες δυνάμεις υποχώρησαν στην Κρήτη, όπου η αντίσταση συνεχίστηκε για λίγο χάρη και
 στις ηρωικές προσπάθειες του κρητικού λαού (μάχη
 της Κρήτης). Στα τέλη Μαΐου 1941, ωστόσο, και η Κρήτη βρισκόταν υπό γερμανικό έλεγχο. Ο Γεώργιος Β´ και
 η κυβέρνησή του κατέληξαν στο Καΐρο, όπου και εγκαταστάθηκε η εξόριστη ελληνική κυβέρνηση (κυβέρνηση του Καΐρου).
 ΓΙΑ ΜΙΑ ΑΛΛΗ ΜΑΤΙΑ
 ΣΤΟ ΠΑΡΕΛΘΟΝ…
 Ο ελληνοϊταλικός πόλεμος στην Τέχνη
 …διαβάστε λογοτεχνία
 0 Οδυσσέας Ελύτης, Άσμα ηρωικό και πένθιμο
 για τον χαμένο ανθυπολοχαγό (1945).
 0 Γιάννης Μπεράτης,
 Το πλατύ ποτάμι (1946-1947).
 Δύο έργα βασισμένα σε βιώματα των δημιουργών τους από τον ελληνοϊταλικό πόλεμο.
 …δείτε κινηματογράφο
 0 Τάκης Κανελλόπουλος, Ουρανός (1962).
 Μια αντιπολεμική και ανθρώπινη ματιά στον
 πόλεμο της Αλβανίας.
 3. Η καταστροφή από τους ναζί του χωριού Κάνδανος στην Κρήτη.
",history,12,6,6.440612117312696,0.0559932606802071,6,5.829371430079164,0.0406388475174236,3,3.000073251767617,6.497513469942708e-05,5,4.955529765694337,0.0502925788832246,3,2.5379165570775513,0.063898751945765,3,3.429022097319489,0.0577890344624986,6,6.003225794757441,0.0017475157093769,7.985935471789617,7,6.941725465547222,0.0141528977577925,7.999370249781535,1.7,13.0,45.2014652,0.000882482
299,299,93,94,"παράθεμα 2 Τα κυριότερα παιχνίδια των παιδιών της αρχαίας Ελλάδας
 Τα παιδιά της αρχαίας Αθήνας αλλά και
 όλης της Ελλάδας έπαιζαν με τη σφαίρα
 και την μπάλα, με το στεφάνι, με τη σβούρα, με τα κοκκαλάκια, το κουτσό, το παιχνίδι του αρνιού που πηδά, τον εφεδρισμό,
 παιχνίδι σύμφωνα με το οποίο έπρεπε να
 παίρνεις επάνω στην πλάτη σου έναν φίλο
 σου. Έπαιζαν με βόλους ή καλύτερα με
 καρύδια κάπως έτσι: έριχναν ένα καρύδι
 πάνω σε τρία άλλα που σχημάτιζαν πυραμίδα. Ο νικητής που χαλούσε την πυραμίδα έπαιρνε τα καρύδια. Όταν έπαιζαν το
 παιχνίδι που είναι γνωστό σαν δέλτα, χάραζαν στο χώμα ένα τρίγωνο. Νικούσε
 4. Πήλινο αλογάκι (Αρχαιολογικό Μουσείο
 όποιος πετούσε το καρύδι μέσα στο τρίγωΑθηνών)
 νο και έπαιρνε όλα τα καρύδια. Άλλοτε
 έσκαβαν στο έδαφος ένα λακκάκι και προσπαθούσαν να ρίξουν τα καρύδια μέσα σε αυτό. Ένα
 παιχνίδι ισορροπίας ήταν ο ασκολιασμός. Συναγωνίζονταν ποιος θα κρατούσε περισσότερη
 ώρα ισορροπία σε ένα ασκί γεμάτο κρασί που πριν το είχαν αλείψει με λάδι. Γνωστά επίσης
 στους αρχαίους ήταν τα ξυλοπόδαρα καθώς και το παιχνίδι που λέμε εμείς γιογιό. Αυτό ήταν
 ξύλινο ή μεταλλικό ή πήλινο. Έπαιζαν ακόμη και με κομμάτια από σπασμένα αγγεία ή με πέτρες που τις πετούσαν όσο πιο κοντά μπορούσαν σε μια γραμμή χαραγμένη στο έδαφος.
 Ρομπέρ Φλασελιέρ, Ο δημόσιος και ιδιωτικός βίος των αρχαίων Ελλήνων (διασκευή).
 Αφού διαβάσετε το κείμενο, να καταγράψετε τα παιχνίδια που έπαιζαν τα παιδιά και μετά να
 πείτε ποια από αυτά παίζετε κι εσείς σήμερα.
",history,4,6,5.90468177791098,0.0253365510092552,7,6.569026902646584,0.0578700106817004,3,2.9796676186025053,0.0079765889651708,5,4.821931905545,0.028906490396655,3,3.0135802328140926,0.0075065554696004,3,3.0000190335591412,0.0001273975132939,6,5.998105414191855,0.0011525475995428,7.998072611931633,5,4.9997266207071505,0.0158005122935283,7.033080622343732,3.5,11.7,46.29441222983658,0.001020547
300,300,278,279,"Θεμελιωμένη, γύρω στο 300 π.Χ. από τον Σέλευκο τον Νικάτορα, τον πρώτο από τους
 Σελευκίδες βασιλείς, η Αντιόχεια ήταν η πρωτεύουσα της αυτοκρατορίας τους, που
 εκτεινόταν από τη Μεσόγειο θάλασσα μέχρι τον Ινδό ποταμό. Όταν την κατέλαβαν οι
 Ρωμαίοι την ανακήρυξαν σε ελεύθερη πόλη που την κυβερνούσε μια εκκλησία του δήμου,
 ένα συμβούλιο προυχόντων και ορισμένοι εκλεγμένοι αξιωματούχοι. Οι Ρωμαίοι τής
 έδωσαν ένα πλήθος προνόμια και τη στόλισαν με λαμπρά οικοδομήματα. Την κατέστησαν
 το κέντρο της ελληνιστικής Ανατολής. Ο πληθυσμός της ήταν ίσος με αυτόν της
 Αλεξάνδρειας. Η εβραϊκή κοινότητα ήταν εκεί πολυάνθρωπη όχι μόνο λόγω του μεγέθους
 της πόλης, αλλά κυρίως γιατί τόσο οι Σελευκίδες βασιλείς όσο και οι Ρωμαίοι επέτρεπαν
 στους Εβραίους να ζουν ειρηνικά. Οι Έλληνες είχαν στενές σχέσεις με την εβραϊκή
 κοινότητα, παρακολουθούσαν τις θρησκευτικές τελετές της και σχεδόν αποτελούσαν, κατά
 κάποιον τρόπο, ένα παράρτημά της.
 M. CLÉVENOT, Les homes de la fraternité, Παρίσι, 1981, σ. 96 (Μετ. Β.Σ.)
",history,10,8,7.999396444680599,0.0005606571038664,7,7.013918479758786,0.0262613853004546,4,4.000002165412752,1.6336206892631832e-05,7,6.978441845906673,0.0083916860215689,4,4.702135682211065,0.0846082883807941,3,3.3775515955750848,0.0532356418125929,8,7.995494224967587,0.0025092023097645,7.002463679438733,7,6.998941630306604,0.0006984922100427,7.998797467102122,2.8,13.2,45.88166582021331,0.000804572
301,301,131,132,"ύριες πηγές μας: Το Α΄ βιβλίο του Θουκυδίδη,
 η Αθηναίων Πολιτεία του Αριστοτέλη, οι Βίοι
 Αριστείδης, Θεμιστοκλής, Κίμων του Πλουτάρχου.
 Για πρώτη φορά, στους Περσικούς πολέμους, οι ελληνικές
 πόλεις παραμέρισαν τις συνεχείς διαιρέσεις τους για να
 υπερασπιστούν αυτό που αποτελούσε για τους πολίτες
 τους το υπέρτατο αγαθό, την ελευθερία. Η νίκη τους
 εναντίον των Περσών δεν ερμηνεύεται διαφορετικά.
 Από όλες τις ελληνικές πόλεις, η Αθήνα
 προσέφερε στον κοινό αγώνα τα περισσότερα.
 Ήταν επόμενο να δρέψει και τους καρπούς της
 νίκης. Κερδίζει ένα μοναδικό κύρος. Αμέσως
 συγκεντρώνονται γύρω της πολλές πόλεις του
 Αιγαίου. Συνάπτεται η Συμμαχία της Δήλου.
 Η δημιουργία αυτής της συμμαχίας, η εισροή
 στην πόλη ενός πλήθους ξένων, των μετοίκων,
 η εμφάνιση μεγάλων ηγετικών φυσιογνωμιών,
 η μετεξέλιξη του πολιτεύματος σε δημοκρατικότερη
 κατεύθυνση μεταβάλλουν σταδιακά την Αθήνα σε ηγέτιδα
 δύναμη στην Ελλάδα.
 Η Ακρόπολη σε φωτογραφία του William Stilman.
",history,10,8,7.989066496030212,0.0049552619072854,7,6.987948695676266,0.0297839250248471,4,3.9978188792171068,0.0012511089567098,7,6.992319625507662,0.0035744278286786,4,4.67162221637318,0.0861672744494,3,3.1824439070486505,0.0381589472145712,8,7.966803455328488,0.0119674432712715,7.007571798114441,7,6.998875934622447,0.0007296855905876,7.990201154869283,1.6,12.9,47.68148148148149,0.000905345
302,302,204,205,"εποχή (390-323 π.Χ.) οι
 μορφές θα αρχίσουν πάλι να κινούνται πιο ελεύθερα στον χώρο, τα σώματα να λυγίζουν,
 οι χειρονομίες να γίνονται πιο εύγλωττες, τα ενδύματα και τα χτενίσματα πιο πολύπλοκα και
 εξεζητημένα, η έκφραση των συναισθημάτων πολύ πιο έντονη.
 Η κλασική τέχνη του 5ου και του 4ου αιώνα π.Χ. παρίστανε θέματα κυρίως από τη μυθολογία
 –Γιγαντομαχία, Αμαζονομαχία, Κενταυρομαχία, κ.ά.– που πολλές φορές συμβόλιζαν ή
 απεικόνιζαν με αλληγορικό τρόπο τη σύγχρονη πραγματικότητα, αλλά και θέματα από τη
 δημόσια θρησκευτική ζωή. Σύγχρονα γεγονότα ή πρόσωπα πολύ σπάνια απεικονίζονταν και
 μόνο σε εξαιρετικές περιπτώσεις, όταν επρόκειτο για πολίτες με μεγάλη προσφορά στην πόλη
 τους –τυραννοκτόνοι, πορτρέτο Θεμιστοκλή και Περικλή, ανδριάντες τραγικών ποιητών–, ή
 για εξαιρετικά πολεμικά γεγονότα. Πάντως στην ύστερη κλασική περίοδο αρχίζουν ολοένα και
 περισσότερο να στήνονται σε δημόσιους χώρους πορτρέτα σημαντικών πολιτών, πολιτικών και
 πνευματικών ανθρώπων. Στα ερυθρόμορφα αγγεία όμως που αγοράζονταν από τον πολύ κόσμο
",history,10,7,7.437761099460975,0.0550918773280064,7,7.3167998469323265,0.0520080896190688,4,3.997819093520093,0.0012513676463656,7,6.853904791673912,0.0349966219543407,4,4.65589825726056,0.0817118975824956,4,3.9046723511423806,0.0253004759552226,7,7.32033993949517,0.0506463556470186,7.977014435251931,7,6.9965788435229115,0.0018641740495522,7.957102918764576,3.3,16.1,55.52272727272727,0.001164814
303,303,251,252,"ΕΝΟΤΗΤΑ 62
 Τέχνες στον κόσμο τον 20ό αιώνα
 Κατά τον 20ό αιώνα αναπτύχθηκαν διάφορα καλλιτεχνικά ρεύματα, που έγιναν
 γνωστά ως μοντερνισμός, και τα οποία, παρά τις διαφορές τους, συνέκλιναν σε
 ορισμένες κοινές θέσεις: κάθε μορφή δημιουργίας δεν πρέπει να αποτελεί προσπάθεια απεικόνισης του εξωτερικού περιβάλλοντος αλλά μέσο έκφρασης του
 εσωτερικού κόσμου του δημιουργού· κατά την καλλιτεχνική και λογοτεχνική δημιουργία το πρωτεύον δεν είναι η κυριαρχία της λογικής αλλά η έκφραση του ασυνείδητου, που αντανακλά πιο πιστά την ανθρώπινη ύπαρξη· τα καλλιτεχνικά έργα
 δεν πρέπει να αξιολογούνται με παραδοσιακά κριτήρια (νόημα κτλ.)· αντιθέτως, το
 ενδιαφέρον πρέπει να εστιάζεται στη διαδικασία δημιουργίας του έργου.
 Ο φοβισμός ή φωβισμός [από τη γαλλική λέξη fauves (: αγρίμια, θηρία), επειδή
 οι κριτικοί θεώρησαν πως οι συγκεκριμένοι καλλιτέχνες ζωγράφιζαν παραμορφωτικά, σαν «θηρία»] εμφανίστηκε το 1905 και υποστήριξε με πάθος την επικράτηση
 του ενστίκτου στη λογική, του καθαρού χρώματος στη μορφή. Οι φοβιστές (Ματίς,
 Ντεραίν, Βλαμένκ κ.ά.) δεν ζωγράφιζαν ό,τι έβλεπαν αλλά ό,τι αισθάνονταν βλέ1. Ανρί Ματίς, Γυναίκα με καπέλο, 1905.
 ποντας το θέμα τους.
 Ο εξπρεσιονισμός χαρακτηρίστηκε από την απόλυτη κυριαρχία του ενστίκτου
 για έκφραση (express: εκφράζω), καθώς και από τη χρήση του χρώματος με παθιασμένο τρόπο. Γνώρισε τη μεγάλη
 ανάπτυξή του στη Γερμανία με τις καλλιτεχνικές ομάδες Η Γέφυρα (1905: Κίρχνερ, Χέκελ κ.ά.) και Γαλάζιος Καβαλάρης
 (1912: Καντίνσκι κ.ά.). Στο κλίμα αυτό κινήθηκαν και διάφοροι μεμονωμένοι καλλιτέχνες, όπως ο Νόλντε, ο Κοκόσκα, η
 Κόλβιτς κ.ά.
 Ο κυβισμός υπήρξε ένα από τα σημαντικότερα ―για ορισμένους το σημαντικότερο μετά την Αναγέννηση― κινήματα της
 τέχνης του 20ού αιώνα. Οι κυβιστές καλλιτέχνες, με κύριους
 εκπροσώπους τους Πικάσο και Μπρακ, έθεταν ως πρωταρχικό
 σκοπό τη δημιουργία μιας τέχνης που να απευθύνεται στη
 νόηση και έρχονταν να επιβάλουν τη δύναμη της λογικής και
 τη θέληση για οργάνωση. Τα έργα τους αποτελούν συστηματικές προσπάθειες αποτύπωσης του τρισδιάστατου κόσμου
 στη δισδιάστατη επιφάνεια του πίνακα. Επηρεασμένοι από τις
 επιστημονικές εξελίξεις του καιρού τους, ιδίως από τη θεωρία
",history,12,8,7.992483628404898,0.0037033269236174,8,7.997852913898839,0.0012786713336468,4,4.000009457971828,1.68879895820424e-05,7,6.988989312983222,0.0048697852808189,6,5.878086797560741,0.0430405357437972,4,3.8933190317202246,0.0272750383179584,8,7.981412020297284,0.007514786871242,7.245081652803663,7,6.999444644915286,0.0003819893798788,7.998966053057302,4.3,16.7,56.68867924528302,0.001169531
304,304,35,36,"Αυτή την περίοδο οι ποιητές δεν ασχολούνται με τους ήρωες και τα
 κατορθώματά τους στον πόλεμο. Δεν τους απασχολούν τα περασμένα. Πιο πολύ τους ενδιαφέρει η καθημερινή ζωή των ανθρώπων και τα
 προβλήματά της.
 Ο Ησίοδος, ένας μεγάλος ποιητής, προσπαθεί με τα ποιήματά του να διδάξει τους ανθρώπους (διδακτική ποίηση). Στο έργο του «Έργα και ημέρες»
 μιλάει για τον αδελφό του τον Πέρση, ο οποίος ήταν τεμπέλης και του άρεσε να διασκεδάζει συνέχεια. Ο Ησίοδος προσπαθεί με το ποίημά του να του
 δώσει συμβουλές. Θέλει να τον διδάξει πώς θα γίνει τίμιος και εργατικός.
 Ένα άλλο είδος ποίησης που αναπτύχθηκε ήταν η λυρική. Ονομάστηκε έτσι γιατί τα ποιήματα, καθώς τα απάγγελλαν, τα συνόδευαν
 παίζοντας λύρα. Τα ποιήματα αυτά είναι μικρά και μιλούν για τις χαρές και τις λύπες των ανθρώπων.
 Ο αγώνας που έκαναν οι άνθρωποι για να τα βγάλουν πέρα με τις καθημερινές ανάγκες τους οδήγησε σε πολλές σκέψεις. Κάποιοι άρχισαν να
 ασχολούνται με θέματα που δεν μπορούσαν οι ίδιοι να εξηγήσουν. Προσπαθούσαν κυρίως να καταλάβουν πώς έγινε ο κόσμος. Αυτοί ήταν οι φιλόσοφοι. Άλλοι θέλησαν να γράψουν για τα περασμένα, για να μην ξεχαστούν. Με αυτό τον τρόπο σιγά σιγά άρχισε να δημιουργείται και η Ιστορία.
",history,4,7,6.567157681598587,0.0574663979801875,6,6.030841146164761,0.0218042949043816,3,3.000015654434037,1.73870693489719e-05,4,4.053256540164185,0.0169361776819852,4,3.9679672929156595,0.0345278377076893,3,3.010982502406904,0.0048626798784424,6,6.001058542650753,0.0006823044748584,7.989012722039206,5,4.709995162907077,0.0503141320168732,7.002439593634335,1.0,8.4,38.55357142857143,0.000831237
305,305,195,196,"ΕΝΟΤΗΤΑ 49
 Τα αποτελέσματα του Β´ Παγκόσμιου πολέμου
 και η ίδρυση του Οργανισμού Ηνωμένων Εθνών
 Οι επιπτώσεις του Β´ Παγκόσμιου πολέμου έγιναν πιο αισθητές στην Ευρώπη.
 Οι ανθρώπινες απώλειες Οι ανθρώπινες απώλειες ήταν θεαματικά περισσότερες από κάθε άλλο πόλεμο. Από τα περίπου 50.000.000 νεκρών και αγνοουμένων, τα 35.000.000 ήταν Ευρωπαίοι· τέσσερις φορές περισσότεροι απ’ όσους χάθηκαν στον Α´ Παγκόσμιο πόλεμο! Τεράστιος ήταν ο αριθμός των αμάχων θυμάτων. Μόνο η Σοβιετική Ένωση έχασε πάνω
 20.000.000 ανθρώπους (το 10% του πληθυσμού της!), από τους οποίους σχεδόν το 60% ήταν άμαχοι. Η Ελλάδα υπολογίζεται ότι έχασε συνολικά περίπου 500.000 ανθρώπους (ενόπλους και αμάχους).
 1. Τα αποτελέσματα του Β´ Παγκόσμιου πολέμου σε μια εικόνα:
 Νέες γυναίκες με γκρίζα ή κάτασπρα μαλλιά
 (Σεράγεβο, Γιουγκοσλαβία, 1946). Εδώ, όπως και στο Βελιγράδι, βλέπω
 στους δρόμους πολλές νέες γυναίκες με γκρίζα ή κάτασπρα μαλλιά. Τα
 πρόσωπά τους βασανισμένα αλλά ακόμα νεανικά, ενώ το σχήμα του σώματός τους προδίδει σαφέστατα τη νεανικότητά τους. Μου φαίνεται ότι
 καταλαβαίνω ποιες επιπτώσεις είχε ο τελευταίος πόλεμος σε αυτές τις
 ασθενικές και εύθραυστες υπάρξεις [...]. Είναι κρίμα. Τίποτε δεν θα μπορούσε να μιλήσει πιο καθαρά στις μελλοντικές γενιές από αυτά τα νεανικά γκρίζα μαλλιά, από τα οποία έκλεψαν την αμεριμνησία της νιότης.
 Ας έχουν τουλάχιστον σαν μνημείο τη σύντομη αυτή σημείωση.
 Ivo Andric, Conversation with Goya: Bridges, Signs, Λονδίνο 1990, σ. 50.
 Πηγή: E. Hobsbawm, Η εποχή των άκρων, μτφρ. Β. Καπετανγιάννης, Θεμέλιο, Αθήνα 1995, σ. 37.
",history,12,7,6.964535119410343,0.0409216516261564,7,7.027170274526348,0.0144394005527404,3,3.201817251397671,0.0403873895051297,6,5.838487460113811,0.0892100140406005,5,5.052477785124211,0.0950178153425917,4,4.0071323018579506,0.0208007339993135,6,6.058424412176152,0.0180347832157769,7.979666845597819,7,6.919639640761929,0.0227460299539449,7.999902623445706,0.8,11.0,42.82370242214533,0.000744403
306,306,223,224,"νελλόπουλου, που είχε διαδεχθεί τον Κ. Καραμανλή στην ηγεσία της ΕΡΕ, προκηρύχτηκαν εκλογές για τον Μάιο του
 1967. Μπροστά στο ενδεχόμενο να προκύψουν πολιτικές λύσεις ανεπιθύμητες στο μετεμφυλιακό κατεστημένο, ομάδα
 στρατηγών σχεδίαζε να ζητήσει τη συνεργασία του βασιλιά προκειμένου να εγκαθιδρύσει δικτατορία.
 Η απριλιανή δικτατορία (1967-1974) Ωστόσο, τα σχέδια των στρατηγών πρόφτασε να τα κάνει πράξη μια άλλη συνωμοτική ομάδα μεσαίων και ανώτερων
 αξιωματικών (χούντα, βλέπε γλωσσάριο),
 με επικεφαλής τον συνταγματάρχη Γεώργιο Παπαδόπουλο, η οποία, την 21η
 Απριλίου 1967, κατέλαβε, με πραξικόπημα, την εξουσία. Οι πραξικοπηματίες επικαλέστηκαν, για να δικαιολογήσουν τις
 αντιδημοκρατικές πράξεις τους, την ανικανότητα των πολιτικών να αντιμετωπίσουν τα προβλήματα και τον κίνδυνο
 επιβολής κομμουνισμού στην Ελλάδα.
 Μετά την εκδήλωση του πραξικοπήματος, ο Κωνσταντίνος συνεργάστηκε με
 τους πραξικοπηματίες, και μάλιστα ο
 πρώτος πρωθυπουργός της δικτατορίας
 διορίστηκε με υπόδειξή του. Λίγο αργότερα, έδειξε, με κινητοποίηση πιστών
 του στρατιωτικών μονάδων, ότι θέλει να
 3. Άρμα μάχης μπροστά στη Βουλή την 21η Απριλίου 1967,
 ημέρα επιβολής της απριλιανής δικτατορίας.
 ανατρέψει τη δικτατορία. Ωστόσο, μετά
 την αποτυχία αυτής της προσπάθειας,
 αναχώρησε ανενόχλητος στο εξωτερικό.
 2. Ο δικτάτορας Παπαδόπουλος παρουσιάζει τις «μεθόδους» του
 Αξίζει να επισημανθεί, επίσης, το γεγοΚάθε ένας ο οποίος δεν κάθεται καλά, έστω και αν μου κοστίζη ως κράτος
 νός ότι, ενώ η ΕΟΚ ανέστειλε τη διαδικαακριβά, θα τον θέτω υπό περιορισμόν. […] Δεν θα τους αφήσω να γίνουν θηρία
 σία σύνδεσης με την Ελλάδα, οι ΗΠΑ συκάτω από τα κομμουνιστικά κελεύσματα. Διότι εάν γίνουν θηρία και απολυθούν
 νεργάστηκαν με τους δικτάτορες, θέτοαπό το κλουβί, θα υποχρεωθώ να τους τουφεκάω […] Προκειμένου λοιπόν να
 ντας, έτσι, σε δοκιμασία, και μάλιστα ματους τουφεκάω και να έχω αίματα εις την άσφαλτον, δεν θα τους αφήσω, έστω
 και αν προσβάλλεται ο προηγμένος ανθρωπισμός ορισμένων …
",history,12,8,8.0018508721123,0.0014968182850563,8,7.817988202698189,0.0385013347530672,4,4.001319820474691,0.0008167059040116,7,7.000006143307152,2.252233175735397e-05,5,4.931343864373048,0.0850781782845348,3,3.067391413855148,0.0199933279099018,8,7.99827597963116,0.0016003961574137,7.0330829581487535,7,7.000535634958254,0.000393751457816,7.998294747897944,4.6,17.6,56.74208145,0.001208738
307,307,144,145,"αντιπροσώπων ολόκληρου του έθνους. [...]
 τότε Εθνικό Συμβόλαιο. Αντιδρώντας οι
 4. Είναι βασικός σκοπός και αρχή να μετατρέψουμε την εθνική δύναμη σε δύναμη
 Βρετανοί διέλυσαν τη Βουλή (Μάρτιος
 επιρροής και την εθνική προσταγή σε κυρίαρχη δύναμη.
 1920). Τότε ο Κεμάλ συγκάλεσε την Α´
 5. Δεν θα δοθούν προνόμια στις χριστιανικές μειονότητες [...].
 Μεγάλη Εθνοσυνέλευση της Τουρκίας
 6. Δεν γίνεται αποδεκτή η προστασία των ξένων Δυνάμεων.
 στην Άγκυρα. Εκεί ψηφίστηκε νέο σύ7. Θα γίνουν οι αναγκαίες προεργασίες για την άμεση σύγκληση της Βουλής [ενν.
 νταγμα, το οποίο όριζε ότι η χώρα θα
 Εθνικής Συνέλευσης] και την έναρξη των εργασιών της κυβέρνησης [...].
 ονομάζεται από εδώ και πέρα Τουρκία,
 Κεμάλ Ατατούρκ, Ομιλίες, μτφρ. Σ. Σολταρίδης, Λιβάνη, Αθήνα 1995, σ. 51-52.
 καταργούσε τον θρησκευτικό χαρακτήρα που είχε ως τότε το κράτος θεσπί’ζοντας το κοσμικό κράτος και προέβλεπε ότι η νομοθετική εξουσία θα ασκούνταν από τη Μεγάλη Εθνοσυνέλευση. Ο
 Κεμάλ αναδείχθηκε αρχηγός του κράτους και πρωθυπουργός.
 Στη συνέχεια ―και αφού διέλυσαν το ποντοαρμενικό κράτος (Νοέμβριος 1920)― οι κεμαλικοί στράφηκαν στη Μικρά
 Ασία. Από τη στιγμή αυτή, η μικρασιατική εμπλοκή άρχισε να γίνεται μια σύγκρουση δύο αντίπαλων εθνικών στρατών,
 πίσω από τους οποίους στοιχίζονταν, εκ των πραγμάτων, δύο πληθυσμοί, ο ελληνικός και ο τουρκικός, που η υλοποίηση
 των εθνικών ονείρων του ενός προϋπέθετε τη ματαίωση των εθνικών ονείρων του άλλου.
 ΑΣΚΗΣΗ
 Αφού μελετήσετε την πηγή, να παρουσιάσετε τις κύριες επιδιώξεις του τουρκικού εθνικού κινήματος όπως αυτές
 προκύπτουν από το κείμενο.
",history,12,8,7.996420886217038,0.0030164622863525,7,7.016232082797927,0.0100498306248212,4,4.029295371086192,0.0106433782225644,7,6.9997519286039775,0.0002092083226126,4,4.150818991998676,0.0902652991159491,3,3.2689466106562577,0.0467605118409269,8,8.001155882326657,0.001391035380663,7.047420547788306,7,7.0124267634018835,0.0053767458086119,7.997194525603817,1.2,11.9,42.74916163648558,0.000810275
308,308,148,149,"νάντησαν, ωστόσο, ισχυρή αντίσταση και υποχώρησαν στη γραμμή που οριζόταν από τις πόλεις Εσκί Σεχίρ-Κιουτάχεια-Αφιόν Καραχισάρ. Εκεί παρέμεινε το μέτωπο τον επόμενο έναν χρόνο.
 Όμως, οι όροι του παιχνιδιού είχαν αντιστραφεί. Ο Κεμάλ, ενιΟ μικρασιατικός πόλεμος
 σχυμένος οικονομικά, διπλωματικά και στρατιωτικά, εμφανιζόστη λογοτεχνία και στον κινηματογράφο
 ταν αδιάλλακτος. Την ίδια στιγμή στην Αθήνα ενισχύονταν οι
 0 Ηλίας Βενέζης, Νούμερο 31328 (1931).
 αντιπολιτευτικές φωνές (ο Αλ. Παπαναστασίου και έξι συνεργά0 Στρατής Δούκας, Ιστορία ενός αιχμαλώτου
 τες του δημοσίευσαν, τον Μάρτιο του 1922, το Δημοκρατικό Μα(1929).
 νιφέστο, στο οποίο ασκούσαν κριτική στις βασιλικές επιλογές)
 0 Διδώ Σωτηρίου, Οι νεκροί περιμένουν
 και οξυνόταν η οικονομική κρίση. Σε αυτές τις συνθήκες, οι κυ(1959).
 βερνήσεις της Αθήνας αναζητούσαν στο εξωτερικό διπλωματική
 0 Διδώ Σωτηρίου, Ματωμένα χώματα (1962).
 και οικονομική στήριξη, αλλά δίχως αποτέλεσμα.
 0 Νίκος Κούνδουρος, 1922 (1982).
 Στις 13 Αυγούστου εκδηλώθηκε η τελική τουρκική επίθεση. ΛίΤαινία βασισμένη στο βιβλίο Νούμερο 31328
",history,12,8,8.000052439802872,0.0005745706286592,8,7.998158372864509,0.0014942083539754,4,4.000092090012913,0.0001276810604155,7,6.9973109323671,0.0014806704863497,5,5.419771997316275,0.0885177099653342,4,3.9907869146896644,0.009698457229278,8,7.99512872383184,0.0029061565384711,7.004065928885666,7,6.999739180706484,0.0002282758779484,7.970619904212072,0.3,13.4,45.15037593984962,0.000868152
309,309,87,88,"ΕΝΟΤΗΤΑ 20
 Από την έξωση του Όθωνα (1862) έως το κίνημα στο Γουδί (1909)
 Ο Γεώργιος Α´ βασιλιάς των
 Ελλήνων ― Η ενσωμάτωση των
 Επτανήσων Μετά την έξωση του
 Όθωνα, οι Δυνάμεις αναγόρευσαν
 βασιλιά των Ελλήνων τον 18χρονο
 Δανό πρίγκιπα Γουλιέλμο-Γεώργιο
 Γκλύξμπουργκ με το όνομα Γεώργιος. Παράλληλα, η Αγγλία, πιεζόμενη σοβαρά από τους αγώνες
 των ριζοσπαστών Επτανησίων που
 αξίωναν ένωση με την Ελλάδα, πρόσφερε στον νέο βασιλιά τα Επτάνησα (1863). Η επίσημη ενσωμάτωσή
 τους στο ελληνικό κράτος έγινε το
 1864.
 Το σύνταγμα του 1864 Όταν ο
 1. Α. Κριεζής, Η άφιξη του Γεώργιου στην Ελλάδα, 17 Οκτωβρίου 1863.
 Γεώργιος έφτασε στην Ελλάδα
 (1863), είχε ήδη συγκληθεί Εθνοσυνέλευση με σκοπό την ψήφιση συντάγματος. Το νέο σύνταγμα του 1864 θεμελιωνόταν στη δημοκρατική αρχή, δηλαδή
 αναγνώριζε τον λαό ως κυρίαρχο παράγοντα του πολιτεύματος. Ο βασιλιάς οριζόταν ανώτατος άρχοντας της πολιτείας. Έτσι, θεσπιζόταν το πολίτευμα της βασιλευόμενης δημοκρατίας. Τη νομοθετική εξουσία θα ασκούσαν από κοινού ο βασιλιάς και η Βουλή. Η Γερουσία καταργήθηκε ως θεσμός αντιδημοκρατικός. Δικαίωμα ψήφου αναγνωριζόταν
 στους άνδρες που είχαν συμπληρώσει το 21ο έτος της ηλικίας τους. Η εκτελεστική εξουσία ασκούνταν από τον βασιλιά με τη συνεργασία υπουργών που διόριζε ο ίδιος. Η δικαστική εξουσία κηρύχθηκε ανεξάρτητη.
 Εσωτερικές πολιτικές εξελίξεις Ο Αλέξανδρος Κουμουνδούρος ήταν ο πολιτικός που δέσποσε την περίοδο 1864-1881.
 Ως πρωθυπουργός προχώρησε σε διανομή των εθνικών γαιών (1871) που είχαν μείνει αδιάθετες και επιδίωξε τη διεύρυνση των ελληνικών συνόρων. Αρκετές επιλογές του, ιδίως στην εξωτερική πολιτική, έβρισκαν αντίθετο τον Γεώργιο,
 που τον απομάκρυνε όταν ο Κουμουνδούρος αποφάσισε την αποστολή ελληνικού στρατού για την ενίσχυση της κρητικής επανάστασης των ετών 18661. Ο Χ. Τρικούπης καυτηριάζει τη λειτουργία του ελληνικού πολιτεύματος
 1869 (βλέπε ενότητα 21).
 […] Καλούνται εις την εξουσίαν κυβερνήσεις αποκρουόμεναι παρά της πλειοψηφίας
 Γενικότερα, ο κοινοβουλευτισμός
 του Έθνους, χορηγείται εις αυτάς η διάλυσις της Βουλής και συνάμα παν μέσον επηρελειτουργούσε με προβλήματα. Με
",history,12,7,7.043750766309586,0.047193814546442,8,7.841372467258225,0.0363276512067916,4,3.651355784870333,0.0519251079006445,5,5.259550675727269,0.0525186543017891,4,4.407739910363944,0.0658575503187891,3,3.000203035875643,0.0001557708662226,6,6.021362890254324,0.0072501028548276,7.924141519233643,7,6.964108397898016,0.0107665991580847,7.998496456930525,2.4,14.3,52.3505618,0.000966595
310,310,147,148,"3. Απόσπασμα από την αγόρευση του πρωθυπουργού Ανδρέα Παπανδρέου στη Βουλή σχετικά με την
 αναγνώριση της Εθνικής Αντίστασης (Αύγουστος 1982)
 «Ήλθε τώρα η ώρα, δίπλα στους ήρωες του 1821, να τοποθετήσουμε στην εθνική μας μνήμη ενωμένους
 αυτούς που έπεσαν το 1940-1944: τα στρατευμένα παιδιά του λαού, που έγραψαν σελίδες δόξας στον
 μεγάλο αμυντικό πόλεμο, πόλεμο στον οποίο τελικά οφείλεται η πτώση της ναζιστικής δικτατορίας, του
 ναζισμού. Αυτούς επίσης που συνέχισαν τον αγώνα στα βουνά κα στις πόλεις, φτιάχνοντας ένα μαζικό
 λαϊκό κίνημα με πολυβόλα και συλλαλητήρια με περιφρόνηση προς τον θάνατο, με πάθος για τη
 λευτεριά, με άμετρη αυτοθυσία, άνδρες και γυναίκες στην Πίνδο και στη Ρούμελη, στον Γοργοπόταμο, στην Αθήνα, στην Κοκκινιά, στο Χαϊδάρι, στην Καισαριανή, στα Καλάβρυτα, στο Δίστομο, στις
 πόλεις, στα χωριά, στην Ελλάδα, στη Μέση Ανατολή, στα γερμανικά στρατόπεδα. Δεν είναι μόνο η
 πολιτική θέληση που καθοδηγεί το χρέος μας, δεν είναι μόνο η ανάγκη να φανούμε συνεπείς προς
 τις υποχρεώσεις μας, είναι κυρίως η ηθική επιταγή να αποδώσουμε στον Ελληνικό Λαό ένα μεγάλο
 ακόμα σύμβολο θυσιών και αγώνων που του ανήκει, ένα σύμβολο εθνικής ενότητας απαραίτητης,
 όσο ποτέ άλλοτε, για έναν Λαό που αγωνίζεται να κατοχυρώσει την εθνική του ανεξαρτησία και
 να περιφρουρήσει την εδαφική του ακεραιότητα».
",history,6,8,7.855606447768668,0.0279295585964178,3,3.409640366502572,0.0601113355525865,4,4.001923055026282,0.0011253053875137,7,6.9995526497203,0.0003126653759069,4,4.0150301186249635,0.0167215737094004,3,3.000053241317797,5.608936190547813e-05,6,6.499093554068168,0.0510132710632366,7.4999973160036575,7,6.9999290635355464,0.0001254229573629,7.997134690609528,22.5,38.1,83.18096234309624,0.001545883
311,311,145,146,"παράθεμα 1 Ένας έξυπνος μύθος
 Οι πληβείοι δεν ήταν ευχαριστημένοι από τον τρόπο με τον οποίο κυβερνούσαν οι πλούσιοι άρχοντες. Γι’ αυτό εγκατέλειψαν τη Ρώμη και πήγαν να μείνουν σ’ έναν γειτονικό λόφο. Τότε  η
 Ρώμη έστειλε σ’ αυτούς κάποιους σοφούς άνδρες, ανάμεσά τους και τον Μενήνιο Αγρίππα, με
 σκοπό να τους πείσουν να επιστρέψουν. Ο Αγρίππας λοιπόν, για να τους ηρεμήσει, τους διηγήθηκε τον εξής μύθο: «Κάποτε τα μέλη του ανθρώπινου σώματος  ξεσηκώθηκαν εναντίον της
 κοιλιάς, γιατί τάχα εκείνα δούλευαν μόνο, ενώ αυτή τεμπέλιαζε. Γρήγορα όμως τα μέλη άρχισαν
 να αισθάνονται αδυναμία, μαζί και η κοιλιά. Μάλιστα εκείνη γέλασε με την ανοησία τους, αλλά κι
 αυτά κατάλαβαν ότι η κοιλιά δεν ήταν τόσο άχρηστη όσο νόμιζαν. Πρόσφερε κι εκείνη κάτι, χωνεύοντας την τροφή και στέλνοντας τις θρεπτικές ουσίες σ’ όλο το σώμα. Λαός και εξουσία
 πρέπει να είναι ενωμένοι, όπως τα μέλη του σώματος με την κοιλιά, για να υπάρχει προκοπή και
 ευτυχία». Ύστερα απ’ αυτό πλούσιοι και φτωχοί συμφιλιώθηκαν και έζησαν ειρηνικά.
 Πλούταρχος, Κοριολανός, 6-7, αποσπάσματα (διασκευή)
",history,4,6,6.000240005350506,0.0009737845216058,7,7.023699355642748,0.0583063000972748,3,2.999994234213318,8.49135742491137e-06,4,4.042031124947243,0.0141088449810175,3,3.4542293123513446,0.0593579140081756,3,2.999410329866805,0.0014882127967832,6,5.999633054452715,0.0002843031102119,7.995389880160005,5,4.800241403222117,0.041374214782438,7.002145478203602,2.8,11.9,46.32815533980583,0.001029487
312,312,105,106,"ΕΝΟΤΗΤΑ 25
 Τέχνες και Γράμματα στον κόσμο τον 19ο αιώνα
 Κατά το πρώτο μισό του 19ου αιώνα δέσποσαν στην ευρωπαϊκή τέχνη ο νεοκλασικισμός και ο ρομαντισμός.
 Ο κλασικισμός ή νεοκλασικισμός, κυρίαρχος από το δεύτερο μισό του 18ου αιώνα, θαύμαζε την τάξη και την πειθαρχία της κλασικής τέχνης των αρχαίων Ελλήνων και των Ρωμαίων, απ’ όπου αντλούσε τα θέματα και την τεχνοτροπία του. Κύριοι εκπρόσωποί του υπήρξαν οι ζωγράφοι Νταβίντ (βλέπε έργα του σ. 16 και 21) και Ενγκρ.
 Το κίνημα του ρομαντισμού
 Ο ρομαντισμός πρωτοεμφανίστηκε στην Αγγλία και στη Γερμανία, κορυφώθηκε στη Γαλλία μετά το 1830 και εκφράστηκε σε όλες τις Τέχνες. Κύρια γνωρίσματά του ήταν η εγκατάλειψη των κλασικών προτύπων (τάξη, απλότητα),
 η κυριαρχία του συναισθήματος, η αγάπη για το μυστηριώδες, το ενδιαφέρον για το εξιδανικευμένο εθνικό παρελθόν,
 η θρησκευτική αναζήτηση, η στροφή στη φύση, η προτεραιότητα του φανταστικού έναντι του πραγματικού και του
 χρώματος έναντι της μορφής, η ελεύθερη διαμόρφωση του ύφους.
 Οι ρομαντικοί καλλιτέχνες, απογοητευμένοι από την επικράτηση του συντηρητισμού στην Ευρώπη, μετά την ήττα
 του Ναπολέοντα, αναζήτησαν στην απόρριψη των κλασικών κανόνων μια διέξοδο. Η ανάδυση των εθνικών και φιλελεύθερων ιδεών τούς ώθησε
 να αναζητήσουν στο έθνος,
 στην εθνική παράδοση αλλά
 και στην επαναστατική δράση τις πηγές της έμπνευσής
 τους. Πολλοί απ’ αυτούς συμμετείχαν σε επαναστατικά
 κινήματα. Μάλιστα, η ελληνική επανάσταση υπήρξε μία
 από τις πηγές έμπνευσης
 του ρομαντισμού.
 Η μουσική ήταν το καλλιτεχνικό πεδίο στο οποίο εκφράστηκε πρώτα ο ρομαντισμός με κέντρο τη Γερμανία και κύριους εκπροσώπους τον Μπετόβεν αλλά
 και τους Σούμαν, Μπραμς
 1. Τζον Κόνσταμπλ, Το κάρο του σανού, 1821 περίπου.
 και Βάγκνερ. Στο ίδιο κλίμα,
 Ένα από τα χαρακτηριστικά δείγματα του ρομαντισμού στη ζωγραφική.
 ο Πολωνός Σοπέν εξέφρασε
 τη νοσταλγία για την πατρίδα του που εγκατέλειψε μετά την αποτυχημένη πολωνική επανάσταση του 1830.
 Στην ποίηση ο ρομαντισμός εκφράστηκε αρχικά με τα έργα των μεγάλων Άγγλων ποιητών Κιτς, Σέλεϊ και Μπάιρον
",history,12,7,6.970663725065609,0.0816668671846796,7,6.864086291875253,0.0380591580724722,4,3.9933080210849994,0.0032275976187994,7,6.324842524915766,0.080122522696316,3,3.336581364542326,0.0550858081800015,3,3.015907007019166,0.0065583366506236,6,6.017130577126821,0.006968101663743,7.952573157387462,7,6.968204890914677,0.0112808732964073,7.997191466743516,4.2,15.0,50.712428774928775,0.001094395
313,313,83,84,"Κάποτε λένε πως ήρθε στην Αθήνα κάποιος Ροισάκης από
 την Περσία. Αυτός είχε πολλά λεφτά και φοβήθηκε μην του
 τα πάρουν. Ζήτησε λοιπόν την προστασία του Κίμωνα. Γι’
 αυτό πήγε στο σπίτι του και άφησε στην αυλόπορτα δύο
 δοχεία με ασημένια και χρυσά νομίσματα. Ο Κίμωνας, όταν
 τα είδε, χαμογέλασε και ρώτησε τον Ροισάκη τι ήθελε να τον
 έχει, φύλακα ή φίλο του. Εκείνος λοιπόν του απάντησε πως
 ήθελε να τον έχει φίλο του. Τότε ο Κίμωνας του είπε να τα
 πάρει μαζί του και να φύγει, γιατί, μια που έγινε φίλος του, θα
 έχει στη διάθεσή του τα χρήματά του, όποτε τα χρειαστεί.   
 Πλούταρχος, Παράλληλοι Βίοι (διασκευή)
",history,4,6,6.074537953115449,0.0227925848183536,6,5.630837232110935,0.0651157644989839,3,3.0000123355862343,1.6918821860920102e-05,4,4.133492915645206,0.0320273750548137,3,3.116396081904014,0.0315523756751304,3,2.998100759548625,0.0011472629714828,6,6.000597778591327,0.0007270823903737,7.966912880574,5,4.8620298466947105,0.0375166944647685,7.0109269365202636,1.5,7.1,30.835629921259844,0.000867915
314,314,67,68,"παράθεμα 4 Η προδοσία του Εφιάλτη
 Ο Ξέρξης βρισκόταν σε απορία και πίστευε πως κανένας πια δε θα έχει το κουράγιο να πολεμήσει. Τότε ήρθε κοντά του ένας ντόπιος από την Τραχίνα, ο Εφιάλτης, που ήξερε καλά
 τη γύρω ορεινή περιοχή. Αυτός λοιπόν πλησίασε τον Ξέρξη και του υποσχέθηκε να οδηγήσει τους Πέρσες από ένα στενό και απότομο μονοπάτι πίσω από τον στρατό του Λεωνίδα.
 Έτσι αυτοί, που θα τον ακολουθούσαν, θα μπορούσαν να περικυκλώσουν τους Έλληνες και
 να τους εξοντώσουν με μεγάλη ευκολία. Ο βασιλιάς,  μόλις άκουσε αυτό, χοροπήδησε από
 τη χαρά του και χάρισε πλούσια δώρα στον Εφιάλτη. Τη νύχτα έστειλε μαζί του είκοσι χιλιάδες άνδρες εναντίον των Ελλήνων. Στον στρατό όμως των Περσών ήταν και κάποιος από την
 Κύμη, που τον έλεγαν Τυρρασκάδα, άνθρωπος καλός και σωστός. Αυτός λοιπόν τη νύχτα
 το έσκασε από το στρατόπεδο των Περσών και πήγε στον Λεωνίδα και του είπε τα νέα, που
 εκείνος δε γνώριζε.
 Διόδωρος Σικελιώτης, Βιβλιοθήκη ιστορική, ΙΑ´, 8 (διασκευή)                                                                        
",history,4,6,6.018113626933142,0.0072910690055618,7,7.389947405794373,0.0652328923545276,3,3.000051114571775,4.508434291063635e-05,5,4.563092554280587,0.0554608987577277,5,4.353769129360444,0.1031776986801651,3,3.0000602410884767,8.055469865469198e-05,6,6.000778631105732,0.000503932235933,7.8807934100932755,5,4.992362888128582,0.0167198805224077,7.00065661053668,3.2,11.0,44.86021505376344,0.001014836
315,315,130,131,"αποτυχία των Ιταλών να κατακτήσουν την Ελλάδα τροποποίησε τα σχέδια των συμμάχων τους Γερμανών, οι οποίοι την άνοιξη του 1940 είχαν ήδη κυριεύσει τη Γαλλία
 και σχεδίαζαν να επιτεθούν στη Σοβιετική Ένωση. Ωστόσο, η ανάγκη να προστατευτούν οι
 γερμανικές στρατιωτικές μονάδες από βομβαρδισμούς της βρετανικής κυρίως αεροπορίας,
 που στάθμευε στα Βαλκάνια, επέβαλε τη στροφή του ενδιαφέροντος τους προς τα εκεί.
 Στις αρχές Μαρτίου του 1941 η Βουλγαρία συμμάχησε με τη Γερμανία και γερμανικές
 φάλαγγες διάβηκαν ελεύθερα το έδαφος της. Έγινε πια φανερό ότι στόχος του γερμανικού
 στρατού ήταν η Ελλάδα. Μπροστά σ’ αυτό το ενδεχόμενο η ελληνική Κυβέρνηση, εγκαταλείποντας οριστικά την ουδετερότητά της, επέτρεψε να αποβιβαστούν στη χώρα στρατιώτες
 των συμμαχικών δυνάμεων.
 Στις 6 Απριλίου του 1941 εκατοντάδες γερμανικά αεροπλάνα άρχισαν βομβαρδισμούς,
 καθώς Γερμανοί στρατιώτες έκαναν επίθεση σε ελληνικά οχυρά. Ταυτόχρονα, γερμανικά
 άρματα μάχης προχώρησαν με κατεύθυνση την Κοζάνη και τα Γρεβενά, για να απειλήσουν
 τα νώτα του ελληνικού στρατού στην Αλβανία.
 Ο ελληνικός στρατός, που υπερασπιζόταν το Ρούπελ και άλλα οχυρά στα σύνορα με τη
 Βουλγαρία, αντιστάθηκε αλλά δεν μπόρεσε να αντιμετωπίσει την ταυτόχρονη εισβολή από
 δυο διαφορετικές περιοχές. Στις 9 Απριλίου 1941 γερμανικές δυνάμεις κατέλαβαν τη Θεσσαλονίκη και κατευθύνθηκαν προς τη Νότια Ελλάδα. Η ελληνική Κυβέρνηση αποσύρθηκε
 στην Κρήτη και οι στρατηγοί του αλβανικού μετώπου υποχρεώθηκαν να συνθηκολογήσουν.
 Στις 27 Απριλίου του 1941 και η Αθήνα έπεσε στα χέρια των κατακτητών. Ως το τέλος Απριλίου ολόκληρη η ηπειρωτική χώρα είχε καταληφθεί.
 Τον επόμενο μήνα Γερμανοί αλεξιπτωτιστές έπεσαν στο τελευταίο ελληνικό οχυρό, την
 Κρήτη, που την υπεράσπιζαν συμμαχικά και ελληνικά στρατεύματα καθώς και ένοπλοι πολίτες. Έπειτα από σκληρές συγκρούσεις, που κράτησαν δέκα ημέρες, οι Γερμανοί επικράτησαν αλλά με βαρύτατες απώλειες. Έτσι, οι δυνάμεις του Άξονα κυρίευσαν το ελληνικό
 κράτος και άρχισε η περίοδος της Κατοχής που κράτησε μέχρι το 1944.
 Ο Β΄ Παγκόσμιος Πόλεμος τερματίστηκε το 1945, με νίκη των συμμαχικών δυνάμεων.
 Οι καταστροφές ήταν για όλους ανυπολόγιστες. Προκλήθηκαν μεγάλες υλικές ζημιές ενώ
 εκατομμύρια άνθρωποι έχασαν τη ζωή τους. Από τις τραγικότερες στιγμές του πολέμου, το
 Ολοκαύτωμα των Εβραίων στα ναζιστικά στρατόπεδα συγκέντρωσης και η ρίψη ατομικής
 βόμβας στις ιαπωνικές πόλεις Ναγκασάκι και Χιροσίμα από τους Αμερικάνους για να εξαναγκάσουν την Ιαπωνία να παραδοθεί, προκάλεσαν φρίκη και συγκλόνισαν την ανθρωπότητα.
",history,6,8,7.97045032633406,0.010943235057681,7,6.555007857655966,0.0582604799443951,4,3.9997285305016703,0.0002396515106343,7,6.947912940210024,0.0165374100081284,4,3.892029628577802,0.0448706901965301,3,3.437828658954004,0.0550474260839038,8,7.63319144311167,0.0616482850617169,7.798187225903689,7,6.997835954856782,0.0012396727649175,7.999769589345618,3.6,16.0,57.55263157894737,0.001120365
316,316,127,128,"Entente το καλοκαίρι του 1917, δεν αντιστοιχούσε, βεβαίως, σε κάπου μπορούσε να ακολουθήσει η Ελλάδα. Οι απόποια διάθεση τηρήσεως ίσων αποστάσεων από τους δύο εμπολέψεις του Κωνσταντίνου έβρισκαν απήχηση σε μιμους συνασπισμούς. Ήταν απλώς η φιλογερμανικότερη δυνατή ποκροαστικά στρώματα που είχαν θορυβηθεί από
 λιτική που μπορούσε να ακολουθήσει μία χώρα της οποίας η γεωτην προοπτική ένταξης στο ελληνικό κράτος του
 γραφική θέση την καθιστούσε όμηρο των διαθέσεων του πανίσχυισχυρού εξωελλαδικού ελληνικού κεφαλαίου, το
 ρου βρετανικού στόλου που κυριαρχούσε τότε στην ανατολική Μεοποίο δύσκολα θα μπορούσαν να ανταγωνιστούν.
 σόγειο. Σε συνεχή τηλεγραφική επικοινωνία με τον γυναικαδελφό
 Επίσης, οι βασιλικές θέσεις έβρισκαν σύμφωνα και
 του γερμανού αυτοκράτορα ―ερήμην ακόμη και των αντιβενιζελικών
 τμήματα των λαϊκών τάξεων, που, λίγο μετά τους
 κυβερνήσεών του― είχε εξασφαλίσει την πλήρη έγκριση του Βερολίνου στο ζήτημα αυτό [...].
 βαλκανικούς πολέμους, δεν επιθυμούσαν να πολεΓ. Γιανουλόπουλος, «Η ευγενής μας τύφλωσις...», εξωτερική πολιτιμήσουν και πάλι.
 κή και «εθνικά θέματα» από την ήττα του 1897 έως τη Μικρασιατική
 Η σύγκρουση Βενιζέλου-Κωνσταντίνου Όταν η
 Καταστροφή, δ´ έκδοση, Βιβλιόραμα, Αθήνα 2003, σ. 227.
 Αντάντ επιχείρησε να καταλάβει τα Δαρδανέλια
 (Φεβρουάριος 1915), ο Βενιζέλος έκρινε ότι η Ελλάδα θα έπρεπε να πάρει μέρος στην προσπάθειά
 της. Η άρνηση του Κωνσταντίνου οδήγησε τον πρωθυπουργό σε παραίτηση. Στις εκλογές που ακολούθησαν (Μάιος
 1915) ο Βενιζέλος αναδείχτηκε νικητής. Όταν, όμως, κήρυξε την Ελλάδα σε επιστράτευση, ο βασιλιάς διαφώνησε και
 πάλι και τότε ο Βενιζέλος παραιτήθηκε για δεύτερη φορά. Ακολούθησαν νέες εκλογές (Δεκέμβριος 1915) από τις οποίες οι Φιλελεύθεροι απείχαν. Έτσι, η νέα κυβέρνηση που προέκυψε ήταν απολύτως πιστή στα Ανάκτορα.
 Η εμπλοκή της Ελλάδας στον Α´ Παγκόσμιο πόλεμο Παράλληλα, όπως είδαμε στην προηγούμενη ενότητα, η Αντάντ,
 για να αντιμετωπίσει τη συνεχώς ενισχυόμενη γερμανική επιρροή στα Βαλκάνια, αποβίβασε στρατεύματα στη Θεσσαλονίκη (Οκτώβριος 1915). Η Σερβία δέχτηκε και βουλγαρική επίθεση, κατέρρευσε και τα σερβικά στρατεύματα μεταφέρθηκαν
 στη Μακεδονία. Λίγο αργότερα, γερμανικά και βουλγαρικά στρατεύματα εισέβαλαν στην Α. Μακεδονία (Μάιος 1916). Οι ελληνικές δυνάμεις δεν αντέδρασαν, καθώς εφάρμοζαν τις εντολές του Κωνσταντίνου περί «ουδετερότητας». Έτσι, το Δ´ Σώμα Στρατού διατάχτηκε να παραδοθεί δίχως να αντισταθεί, αιχμαλωτίστηκε και μεταφέρθηκε στη Γερμανία.
 Οι Επίστρατοι και το κίνημα της Εθνικής Άμυνας Μετά από αυτά, η Αντάντ απαίτησε από τον βασιλιά (Ιούνιος 1916)
 τον αφοπλισμό των ελληνικών ενόπλων δυνάμεων που ήταν υπό τις διαταγές του. Εκείνος αποδέχτηκε το αίτημα, αλλά,
",history,12,8,8.02008323789488,0.0078437395991651,8,7.956890283492932,0.0174193641891625,4,4.201769461813797,0.0404170364315829,7,7.000137451913361,0.0001134474548506,6,6.3956688682456075,0.0580032638997274,4,3.8176179260604357,0.038180004956407,8,8.007218313157864,0.0035724196371093,7.008572630018534,7,7.002466226745831,0.0013961891307532,7.997525720722024,2.9,15.8,55.31948814768198,0.00104903
317,317,205,206,"Οι τυραννοκτόνοι.
 Ο Αριστογείτων αριστερά
 και ο Αρμόδιος δεξιά
 ορμούν κατά του
 Ιππάρχου, γιου του
 τυράννου Πεισίστρατου.
 Οι Αθηναίοι έστησαν στην
 Αγορά της Αθήνας αυτό
 το «σύνταγμα αγαλμάτων»
 για να τιμήσουν τους
 δύο άνδρες. Ρωμαϊκά
 αντίγραφα αγαλμάτων
 των γλυπτών Κριτία και
 Νησιώτη (477 ή 474 π.Χ.).
 (Ιταλία, Νεάπολη,
 Εθνικό Αρχαιολογικό
 Μουσείο)
",history,10,7,7.197846568948606,0.0497024308220513,8,7.573147039860487,0.062990059769429,3,3.000068709712071,0.000124371437011,7,6.876835784656123,0.0299751510509466,4,4.183071229610505,0.0897528773122305,3,3.0205106314315344,0.0080609252331893,8,7.389767048989469,0.0743151186650539,7.067541937482815,7,6.990516889087132,0.0042235098657351,7.993773456517374,1.2,12.5,41.30303030303031,0.000836118
318,318,210,211,"αυτές τις χώρες κυβερνούσαν μειοψηφίες λευκών εφαρμόζοντας την πολιτική του απαρτχάιντ, δηλαδή διαχωρίζοντας τους ανθρώπους, σε κάθε κοινωνική δραστηριότητα, με κριτήριο τη
 φυλή (race: φυλή, racism: ρατσισμός)
 και επιβάλλοντας σε βάρος της πλειονότητας των μαύρων φυλετικές διακρίσεις. Στη Ζιμπάμπουε (πρώην Ροδεσία) το ρατσιστικό καθεστώς καταργήθηκε το 1980, ενώ στη Νότια Αφρική
 έγιναν για πρώτη φορά εκλογές με
 συμμετοχή και μαύρων μόλις το 1994.
 Το κίνημα των Αδεσμεύτων Οι χώρες του Τρίτου Κόσμου προσπάθησαν
 να βρουν ανεξάρτητη πολιτική έκφραση, δημιουργώντας το 1955 το κίνημα
 των Αδεσμεύτων. «Αδέσμευτα» επικράτησε να ονομάζονται όλα εκείνα
 τα κράτη που προσπαθούσαν να κρατούν ίσες αποστάσεις από τις δύο
 υπερδυνάμεις και έδιναν ιδιαίτερη σημασία σε ζητήματα οικονομικής ανάπτυξης.
 Τα κύρια προβλήματα του Τρίτου
 Κόσμου Οι χώρες του Τρίτου Κόσμου,
 μετά την απόκτηση της ανεξαρτησίας
 τους, βρέθηκαν αντιμέτωπες με τα τεράστια προβλήματα που άφησε πίσω
 της η πολύχρονη αποικιοκρατία.
 Το κύριο πρόβλημα ήταν η οικονομική ανάπτυξη. Ο τρόπος που οι αποικιοκράτες είχαν οργανώσει τις οικονομίες
 των αποικιών δεν ανταποκρινόταν στις
 ανάγκες των κατοίκων τους αλλά στις
 απαιτήσεις των μητροπόλεων. Έτσι, οι
 περισσότερες τέως αποικίες, παρά τα
 σημαντικά βήματα ανάπτυξης ορισμένων από αυτές, υποχρεώνονται, ακόμα
 και σήμερα, να αγοράζουν σε υψηλές
 τιμές πολλά προϊόντα από τις παλιές
 μητροπόλεις. Με αυτό τον τρόπο συνεχίζεται, σ’ ένα βαθμό, η οικονομική και
 πολιτική εξάρτησή τους από τις πρώην
 μητροπόλεις.
",history,12,8,7.623243921117819,0.0545628467359777,7,7.019382608685703,0.0106328002911046,4,3.999965812181472,0.0001517377494008,7,6.993353626673979,0.0030944377354618,4,4.140269701943794,0.039284104074286,4,3.562207743343606,0.0550597223309265,8,7.969592644168472,0.0112646689584177,7.085089916582547,7,6.9983531086211315,0.0009736446691466,7.993281260087315,5.6,18.7,58.17777777777778,0.00122928
319,319,18,19,"ετά την τουρκική κατάκτηση, οι περισσότερες από τις επιφανείς βυζαντινές οικογένειες
 που επέζησαν, μετανάστευσαν κυρίως σε λατινοκρατούμενες περιοχές ή στη Δυτική
 Ευρώπη. Όσες από αυτές παρέμειναν στην Κωνσταντινούπολη, συγχωνεύθηκαν με Έλληνες που ήρθαν στην Πόλη από την Καραμανία, τον Πόντο ή τα νησιά του Αιγαίου και
 πλούτισαν ως βιοτέχνες ή έμποροι. Σχηματίστηκε, έτσι, γύρω από το Πατριαρχείο μία νέα
 άρχουσα τάξη, οι Φαναριώτες, που από τον 17ο αιώνα ανέπτυξε σημαντικό εθνικό ρόλο σε
 τομείς όπως η εκπαίδευση.
 Αν και θεωρητικά οι Οθωμανοί Σουλτάνοι παραχωρούσαν κάποιες ελευθερίες στους
 «απίστους» υπηκόους τους, στην καθημερινή ζωή οι περιορισμοί ήταν πολλοί, ιδιαίτερα τους
 πρώτους αιώνες της Τουρκοκρατίας. Οι Χριστιανοί υποχρεώνονταν να κατοικούν σε φτωχικές συνοικίες των πόλεων και υπηρετούσαν στον στρατό μόνο σε Βοηθητικές υπηρεσίες είτε
 ως ναύτες και οδηγοί. Απαγορεύονταν επίσης οι λιτανείες. Αλλά και οι σοβαρές δικαστικές
 υποθέσεις που αφορούσαν Χριστιανούς, εξετάζονταν στα μουσουλμανικά ιεροδικεία και όχι
 στα εκκλησιαστικά δικαστήρια.
 Οι σημαντικότερες διακρίσεις όμως αφορούσαν την κατανομή των φόρων. Η Οθωμανική Αυτοκρατορία ενδιαφερόταν εξαιρετικά για την είσπραξη τους, καθώς στα έσοδα από
 τη φορολογία στήριζε κατά μεγάλο μέρος τη συντήρηση της. Οι Χριστιανοί επιβαρύνονταν
 οικονομικά πολύ περισσότερο από τους Μουσουλμάνους, πληρώνοντας πολλούς τακτικούς
 φόρους, όπως τον κεφαλικό φόρο, τον φόρο εστίας για τις κατοικίες τους, φόρο για τη
 χρήση της γης (έγγειος) αλλά και για την αγροτική παραγωγή (δεκάτη). Εκτός από τους
 τακτικούς, υπήρχαν και έκτακτοι φόροι, καθώς και αγγαρείες. Οι διακρίσεις σε βάρος των
 Χριστιανών ήταν πιο έντονες σε απομακρυσμένες περιοχές. Οι τοπικοί διοικητές, εκμεταλλευόμενοι το γεγονός ότι η κεντρική εξουσία δεν μπορούσε εύκολα να τους ελέγξει, δεν δίσταζαν να τους κακομεταχειρίζονται, ιδίως σε περιόδους ταραχών αλλά και για την ενίσχυση
 του προσωπικού τους ταμείου.
 Τα πιο σκληρά όμως μέτρα που αντιμετώπισαν οι Χριστιανοί, ιδιαίτερα τους πρώτους
 αιώνες της κατάκτησης, ήταν οι σφαγές και οι αιχμαλωσίες, οι εξισλαμισμοί, το παιδομάζωμα καθώς και η εγκατάσταση τουρκικών και άλλων φύλων σε εύφορα εδάφη, με συνέπεια
 την αναγκαστική μετακίνηση ελληνικών πληθυσμών στο εξωτερικό ή σε απομονωμένα και
 ορεινά μέρη στο εσωτερικό.
 Οι περισσότεροι υπόδουλοι κατείχαν εκτάσεις γης κυρίως σε άγονες περιοχές ή σε
 νησιά. Αντίθετα, τα πιο εύφορα κτήματα ανήκαν στον Σουλτάνο και τους Οθωμανούς.
",history,6,8,8.001549936498648,0.0013942238671581,7,7.009406399624851,0.0110840747107141,4,4.000751687519369,0.0005696973687553,7,6.921621602964677,0.022543747356953,5,4.841306046539103,0.0778375076180252,3,3.5001715016018125,0.0557492646566669,8,8.003038888277842,0.0027842090829911,7.294212599817627,7,6.997948301141946,0.0011866297934255,7.9940838524612445,4.8,17.7,58.75,0.00119864
320,320,80,81,"Λένε ότι σε μία από τις περιοδείες του Πεισίστρατου συνέβη το περιστατικό με τον γεωργό
 από τον Υμηττό, ο οποίος καλλιεργούσε το κτήμα του σε μια περιοχή που αργότερα
 ονομάστηκε αφορολόγητη. Ο Πεισίστρατος, όταν είδε τον γεωργό να σκάβει και να
 καλλιεργεί έναν πετρώδη τόπο, απόρησε και έβαλε τον δούλο που είχε μαζί του να τον
 ρωτήσει τι αποκόμιζε απ' αυτόν τον τόπο. Κι εκείνος απάντησε: «Τίποτα παρά μόνο κόπο
 και βάσανα· και από αυτά το ένα δέκατο πρέπει να πάρει ο Πεισίστρατος». Τα είπε όλα
 αυτά χωρίς να ξέρει ποιος ήταν αυτός που του μιλούσε. Ο Πεισίστρατος εκτίμησε την
 ειλικρίνεια και την εργατικότητα του αγρότη και τον απάλλαξε τελείως από τους φόρους.
 Αριστοτέλης, Αθηναίων πολιτεία, 16.6.
 Αυτή την εποχή σημαντική ανάπτυξη, εκτός από τη Σπάρτη και την Αθήνα, παρουσίασαν η
 Κόρινθος, το Άργος*, η Χαλκίδα, η Θήβα, η Ιωλκός κ.ά.
 Σε πολλές περιοχές επανήλθε το ολιγαρχικό πολίτευμα. Στην Αθήνα, όμως, είχε ήδη
 ξεκινήσει η πορεία προς τη δημοκρατία.
",history,10,7,7.047509069738311,0.0194231103947006,7,7.084029223814468,0.0296583252513469,3,3.320821621064681,0.0503895129411083,7,6.104921569052749,0.0912074051110726,4,4.075258188739099,0.0581293088078998,3,3.0203201277613516,0.0080011180394913,7,7.077505907653119,0.0410252100537868,7.989004979170204,7,6.741731307681334,0.0500867064904885,7.992396049508898,3.1,11.1,41.63440860215054,0.000962475
321,321,282,283,"Όλο τους το λάθος, ή η πλάνη τους, περιορίζεται στο ότι συνηθίζουν να συγκεντρώνονται
 μια καθορισμένη ημέρα πριν από την ανατολή του ήλιου, να ψάλλουν έναν ύμνο προς
 τον Χριστό, να δεσμεύονται με όρκο ότι δε θα διαπράξουν κανένα αδίκημα, όπως κλοπή,
 ληστεία, μοιχεία· ακόμη δεσμεύονται να μην παραβούν τον όρκο που έδωσαν και να μην
 αρνούνται, όταν καλούνται, να καταθέσουν ενώπιον της δικαιοσύνης. Μετά από αυτό
 συνηθίζουν να λαμβάνουν την τροφή τους η οποία, ανεξάρτητα από ό,τι λέγεται, είναι συνηθισμένη και αθώα.
 Η υπόθεση φαίνεται αξιοπρόσεκτη και σου την αναφέρω γιατί αφορά ένα πλήθος ανθρώπων.
 Πλήθη κάθε ηλικίας, κάθε κοινωνικής τάξης, και των δύο φύλων, στις πόλεις και τα χωριά
 έχουν μολυνθεί από αυτή τη δοξασία. Νομίζω όμως ότι μπορούμε να την περιορίσουμε και
 να την εξαλείψουμε.
 Πλίνιος ο νεότερος, Επιστολές, X, XCVI – XCVII (Μετ. Β.Σ.)
 Η επιστολή γράφτηκε περί το 111 μ.Χ. Τι συμπέρασμα βγάζουμε για τη διάδοση του Χριστιανισμού στη Μικρά Ασία;
",history,10,8,7.994314881068135,0.0030845364804999,8,7.977384788477764,0.009059895986099,4,4.002107904641889,0.0013120115616216,7,6.644844118386331,0.0574379285067384,4,4.721710180750961,0.0865545416142907,4,4.022626942126465,0.0137089261793254,8,7.998616685178135,0.001006408660117,7.029307575199709,7,6.98286645763892,0.006975484078691,7.996397512621115,3.8,12.8,46.905913978494624,0.000925142
322,322,110,111,"σωπεύεται, κατά την περίοδο 1830-1880, από το έργο Φαναριωτών λογίων, όπως οι Αλέξανδρος και Παναγιώτης Σούτσος και ο Αλέξανδρος Ραγκαβής, που γράφουν στην καθαρεύουσα
 αλλά δεν ξεπερνούν την απλή μίμηση του γαλλικού ρομαντισμού. Μετά το 1860 ο ρομαντισμός οδηγήθηκε στο αποκορύφωμα και στην κάμψη. Παράλληλα, αναπτύχθηκε και η πεζογραφία. Ο Εμμανουήλ Ροΐδης (Η πάπισσα Ιωάννα), ο Παύλος Καλλιγάς (Θάνος Βλέκας) και ο
 Δημήτριος Βικέλας (Λουκής Λάρας) υπήρξαν οι σημαντικότεροι εκπρόσωποί της.
 Η Νέα Αθηναϊκή Σχολή και η γενιά του 1880 Στις αρχές της δεκαετίας του 1870 ορισμένοι νέοι λογοτέχνες άρχισαν να απορρίπτουν τον ρομαντισμό και να στρέφονται προς
 την εκφραστική και θεματική απλότητα. Η χρονολογία 1880 θεωρήθηκε ορόσημο, γιατί
 εκείνη τη χρονιά εκδόθηκαν δύο ποιητικές συλλογές (οι Στίχοι του Ν. Καμπά και οι Ιστοί
 3. Κωστής Παλαμάς
 αράχνης του Γ. Δροσίνη) που εξέφραζαν το πνεύμα της αλλαγής. Στην ποίηση, κύριος εκφραστής της γενιάς του 1880 ήταν ο Κωστής Παλαμάς, μια από τις σημαντικότερες μορφές των νεοελληνικών γραμμάτων. Περίπου την ίδια εποχή, στην πεζογραφία, αναπτύχθηκε το διήγημα, στο οποίο
 ξεχώρισαν οι Γεώργιος Βιζυηνός και Αλέξανδρος Παπαδιαμάντης.
 Τέχνες
 Η ζωγραφική και η γλυπτική Η ελληνική ζωγραφική και η γλυπτική του 19ου αιώνα ήταν επηρεασμένες από δυτικά πρότυπα, με ισχυρότερη την επιρροή της σχολής του Μονάχου, στην οποία μαθήτευσαν ορισμένοι από τους σημαντικότερους
 Έλληνες δημιουργούς της εποχής.
 Οι Ανδρέας Κριεζής (βλέπε έργο του σ. 61), Διονύσιος Τσόκος και Θεόδωρος Βρυζάκης (βλέπε έργα του σ. 30, 32) εμ-
",history,12,8,7.999336692073484,0.0016785332969063,8,7.798241182584405,0.0407038084612117,4,4.000156590760298,0.0001261381774228,7,6.999997852010068,1.1145796948260552e-05,4,4.3221741249735715,0.0808222504691815,3,3.00757570255945,0.0035794631155092,8,8.000689325190251,0.0024373513513446,7.006687495216283,7,7.001163231923783,0.000734588653275,7.998491211161841,2.3,12.8,51.30323299888517,0.001063933
323,323,25,26,"λά παράπονα και συχνά γίνονταν ταραχές.
 Την άσχημη αυτή κατάσταση σε διάφορες πόλεις εκμεταλλεύτηκαν
 άνθρωποι που είχαν μεγάλες φιλοδοξίες. Κατάφεραν να κερδίσουν
 την εμπιστοσύνη του λαού και με τη βοήθειά του έγιναν τύραννοι. Στο
 τυραννικό πολίτευμα αυτός που κυβερνούσε δεν έδινε λόγο σε κανέναν για ό,τι έκανε.
 Τα προβλήματα όμως παρέμεναν. Οι περισσότεροι δεν είχαν
 χωράφια για να καλλιεργήσουν
 3. Η εξέλιξη των
 και είχαν πολλά χρέη. Σε πολπολιτευμάτων στα
 λές πόλεις έκαναν επαναστάαρχαϊκά χρόνια
 σεις και έδιωξαν τους τυράννους. Οι αλλαγές συνεχίζονταν και οι άνθρωποι
 αγωνίζονταν να ζήσουν
 καλύτερα. Στην Αθήνα
 σιγά σιγά έπαιρνε την
 εξουσία ο λαός. Το
 πολίτευμα γινόταν
 δημοκρατικό.
",history,4,7,7.034861309575334,0.0141147226732494,8,7.668103386953589,0.054780890929484,3,3.3208032346603886,0.0504063131851914,7,6.804970351300497,0.0423822294274262,4,4.166758374252822,0.0451027680981993,3,2.9579793346456427,0.0552988793098034,7,6.90903605101721,0.0727663419755448,7.984083421251171,7,6.994947926500572,0.0025585084534616,7.999659020018811,-0.2,10.1,43.30407523510972,0.000790909
324,324,73,74,"ΕΝΟΤΗΤΑ 16
 Εξελίξεις στην αμερικανική ήπειρο, στην Κίνα και στην Ιαπωνία
 Επαναστάσεις και νέα κράτη στη Λατινική Αμερική
 Η διάδοση του φιλελευθερισμού και η ανάδυση των εθνικών ιδεών στη Λατινική Αμερική οδήγησαν, στις αρχές του
 19ου αιώνα, σε επαναστάσεις κατά της ισπανικής και πορτογαλικής αποικιακής κυριαρχίας και στην ίδρυση ανεξάρτητων κρατών (Αργεντινή, Παραγουάη, Χιλή, Περού, Μεξικό, Βραζιλία, Βολιβία, Ισημερινός, Βενεζουέλα, Κολομβία). Ηγετικές φυσιογνωμίες υπήρξαν ο Σιμόν Μπολίβαρ (1783-1830) από τη Βενεζουέλα, ο οποίος, αφού απελευθέρωσε μεγάλο
 τμήμα της Λατινικής Αμερικής (Βενεζουέλα, Κολομβία, Βολιβία), προσπάθησε να δημιουργήσει
 συνομοσπονδία λατινοαμερικανικών κρατών αλλά χωρίς επιτυχία, και ο Αργεντινός Χοσέ ντε
 Σαν Μαρτίν.
 Πάντως, η ανεξαρτησία δεν άλλαξε θεαματικά
 την κατάσταση. Η οικονομία παρέμεινε για πολλά χρόνια αγροτική. Λίγοι μεγάλοι γαιοκτήμονες
 μονοπωλούσαν τη γη και τη διαχείριση της πολιτικής εξουσίας, ενώ οι αγρότες, που αποτελούσαν και τη συντριπτική πλειονότητα του
 πληθυσμού, ζούσαν σε άθλιες συνθήκες.
 Σε πολιτικό επίπεδο, μετά την ανεξαρτησία
 ακολούθησε μια περίοδος μεγάλης αστάθειας.
 Σε κάποια κράτη εγκαθιδρύθηκαν δικτατορίες,
 που όξυναν, με την πολιτική τους, τα προβλήματα. Χαρακτηριστική είναι η περίπτωση του Με1. Η Λατινική Αμερική το 1830.
 ξικού, όπου η μακροχρόνια δικτατορία του Πορφίριο Ντίας (1876-1911) έφερε την ανάπτυξη για τους λίγους, αλλά οδήγησε την πλειονότητα στην εξαθλίωση, με αποτέλεσμα να ανατραπεί από τη μεξικανική επανάσταση των ετών 1910-1911 με επικεφαλής τους Εμιλιάνο Ζαπάτα και
 Πάντσο Βίγια.
 Οι εξελίξεις στις ΗΠΑ
 Στις ΗΠΑ, η συνύπαρξη πλούσιων φυσικών πόρων, άφθονων εργατικών χεριών, σχετικά υψηλού
 μορφωτικού επιπέδου, σταθερότητας και ριψοκίνδυνης επιχειρηματικής νοοτροπίας έφερε ραγδαία
 ανάπτυξη, ιδίως στις βόρειες πολιτείες. Έκφραση
 της οικονομικής ανάπτυξης υπήρξε και η επέκταση
 στα δυτικά. Άλλοτε με εξαγορά εδαφών κι άλλοτε
 με προσάρτησή τους ύστερα από συγκρούσεις με
 τους ντόπιους, οι ΗΠΑ κατάφεραν, στα μέσα του
",history,12,8,7.991046051514502,0.0045849735788161,7,7.318909378937434,0.0512338281137639,4,3.997529817306031,0.0013930998123656,7,6.703175008844397,0.0527431553412408,5,4.873521757697631,0.0706742281613675,3,3.002468140100973,0.0013942122003219,8,7.684143857011804,0.0535956552481933,7.22269460554503,7,6.964914573687565,0.0123059933181169,7.997814926855881,4.5,18.7,60.29521216,0.001218919
325,325,218,219,"Τα Δεκεμβριανά ήταν η πρώτη φάση της εμφύλιας σύγκρουσης. Κύρια αιτία του εμφύλιου πολέμου ήταν οι αντιτιθέμενες απόψεις που υπήρχαν σε ευρύτερα τμήματα της ελληνικής κοινωνίας σχετικά με το πολιτικό μέλλον της
 Ελλάδας. Στο θέμα αυτό είχε λόγο, πλέον, και η Βρετανία, καθώς η Ελλάδα ανήκε στη δική της σφαίρα επιρροής.
 Λίγο μετά υπογράφτηκε, από την κυβέρνηση και το ΕΑΜ, συμφωνία ειρήνης στη Βάρκιζα της Αττικής (12 Φεβρουαρίου
 1945). Με βάση τους όρους της, δινόταν αμνηστία για ορισμένα από τα αδικήματα που διαπράχθηκαν κατά τα Δεκεμβριανά και προβλεπόταν ότι ο ΕΛΑΣ θα διαλυόταν, θα οργανωνόταν νέος εθνικός στρατός, θα διασφαλίζονταν οι ελευθερίες όλων των πολιτών, θα γινόταν δημοψήφισμα για να αποφασίσει ο λαός αν θα επιστρέψει ή όχι ο βασιλιάς και θα
 απομακρύνονταν από τις κρατικές υπηρεσίες όσοι συνεργάστηκαν με τη μεταξική δικτατορία και τους κατακτητές.
 Η συμφωνία της Βάρκιζας δεν έφερε την ειρήνευση, επειδή κύριες ρυθμίσεις της δεν εφαρμόστηκαν. Αντιθέτως,
 εξαπολύθηκαν διώξεις σε βάρος αριστερών πολιτών, που έγιναν με την ανοχή, κάποτε και με την ενθάρρυνση, της
 κυβέρνησης. Σε αυτές τις συνθήκες, το ΚΚΕ αποφάσισε να απέχει από τις εκλογές του 1946, θεωρώντας ότι θα
 ήταν νόθες. Οι εκλογές, που έγιναν με σοβαρές παρατυπίες, ανέδειξαν νικητή το φιλοβασιλικό Λαϊκό κόμμα. Την
 παραμονή των εκλογών ομάδα ένοπλων κομμουνιστών επιτέθηκε σε αστυνομικές δυνάμεις στο Λιτόχωρο Πιερίας,
 γεγονός που θεωρήθηκε το έναυσμα του Εμφυλίου.
 Στις αρχές του 1946, τόσο η Δεξιά όσο και η Αριστερά κινούνταν, πλέον, στη λογική της ένοπλης σύγκρουσης. Σε
 αυτό το κλίμα, ένα, αμφίβολης γνησιότητας, δημοψήφισμα (Σεπτέμβριος 1946) επέτρεψε την επιστροφή
 στην Ελλάδα του Γεώργιου Β´, τον οποίο διαδέχθηκε,
 μετά τον θάνατό του (1947), ο αδερφός του Παύλος.
 Παράλληλα, στην ύπαιθρο συγκροτούνταν ένοπλες
 αριστερές ομάδες που πήραν την ονομασία Δημοκρατικός Στρατός Ελλάδας (Δεκέμβριος 1946).
 Στις αρχές του 1947 οι ΗΠΑ ανακοίνωσαν την πρόθεσή τους να αναλάβουν ενεργό ρόλο στην Ελλάδα
 (δόγμα Τρούμαν), μετά την απόφαση της Βρετανίας
 να αποσυρθεί, στρατιωτικά, από τη χώρα. Οι ΗΠΑ επιδίωκαν να περιορίσουν τη σοβιετική επιρροή, καθώς
 εκτιμούσαν ότι η Σοβιετική Ένωση προέτρεπε το ΚΚΕ
 2. Ο στρατηγός Βαν Φλιτ (αριστερά), επικεφαλής της αμερικανικής
 σε σύγκρουση. Οι Σοβιετικοί, ωστόσο, δεν αναμείχθηαποστολής στην Ελλάδα στη διάρκεια του Εμφυλίου, και ο στρατηγός Πακαν, άμεσα, στον ελληνικό Εμφύλιο.
 πάγος (δεξιά), επικεφαλής του κυβερνητικού στρατού, το Πάσχα του 1949.
 Παράλληλα, δημιουργήθηκαν στρατόπεδα συγκεντρώσεως, στα οποία οδηγήθηκαν χιλιάδες αριστεροί πολίτες. Tο μεγαλύτερο από αυτά ήταν στη Μακρόνησο, ένα
 έρημο νησί απέναντι από το νότιο άκρο της Aττικής. Το ΚΚΕ και το ΕΑΜ κηρύχθηκαν παράνομα (τέλη 1947).
",history,12,8,7.938139663140788,0.0189278932853856,7,6.563010533325127,0.0557088914205298,4,3.9890436218629475,0.0048857176917808,7,6.6049829764935595,0.0608080909745757,4,3.9817310722442016,0.044518043021797,4,3.893340037876442,0.0272909482926969,8,7.969519341512466,0.011171282815328,7.4378193831751105,7,6.992347923942361,0.0035742324839602,7.993302487321671,3.8,14.9,54.14965986394557,0.001115776
326,326,142,143,"Αθήνα: το
 μνημείο του
 Λυσικράτους.
 Το χορηγικό
 μνημείο
 αποτυπώνει την
 υπερηφάνεια του
 Αθηναίου που
 νίκησε στους
 δραματικούς
 αγώνες.
",history,10,5,5.013645143902068,0.0048334191541813,4,4.00001822288597,2.99155955542816e-05,2,2.060084890300331,0.0182471327966343,4,4.053980358825356,0.018241110315974,3,2.5809544928033574,0.0600153492007793,2,2.499998939254624,0.0556649475342257,5,5.008283772702271,0.0035988237814069,7.9669140455752085,7,6.194138284496148,0.0797019709452845,7.9989529978529035,-0.4,12.9,48.595238095238095,0.000810227
327,327,245,246,"5. ΤΑ ΓΡΑΜΜΑΤΑ ΚΑΙ ΟΙ ΤΕΧΝΕΣ
 ΤΩΝ ΕΛΛΗΝΙΣΤΙΚΩΝ ΧΡΟΝΩΝ
 Ο βωμός του Δία
 και της Αθηνάς
 στην Πέργαμο,
 ανάθημα του βασιλιά
 της Περγάμου
 Ευμένη Β΄. Ο Βωμός
 υψωνόταν πάνω σε
 βάθρο με ανάγλυφη
 παράσταση
 Γιγαντομαχίας.
 (Αποκατάσταση,
 Μουσείο Περγάμου,
 Βερολίνο).
",history,10,7,7.010725629246107,0.0050484266796376,5,5.284257687526406,0.062160773874956,3,3.0675457000366464,0.01985607206962,7,6.956906373061429,0.0139668889015079,3,3.3264940575572837,0.0522909080869846,4,3.949385684226627,0.0181744573817917,7,7.011520700993021,0.0059465516939011,7.9968249898927155,7,6.997169430813301,0.0015639165034857,7.999070816254971,1.3,11.0,45.45390070921986,0.000750873
328,328,14,15,"Η γαλλική κοινωνία του 18ου αιώνα ήταν οργανωμένη σε τρεις θεσμοθετημένες τάξεις (οι άνθρωποι κατατάσσονταν σε αυτές με κριτήριο
 την καταγωγή τους και τα προνόμια που τους είχαν απονεμηθεί από
 τον ηγεμόνα): τον κλήρο (0,5% του πληθυσμού), τους ευγενείς (1,5% του
 πληθυσμού) και την τρίτη τάξη (98% του πληθυσμού), που την αποτελούσαν όλοι όσοι δεν ανήκαν στις δύο προηγούμενες τάξεις, δηλαδή οι
 αστοί, οι αγρότες και οι εργάτες. Ο κλήρος και οι ευγενείς είχαν προνόμια, ενώ η τρίτη τάξη είχε μόνο υποχρεώσεις (πλήρωνε το σύνολο
 των φόρων, τη στιγμή που οι άλλες τάξεις δεν φορολογούνταν). Η κατάσταση αυτή, το παλαιό καθεστώς, γεννούσε τη δυσαρέσκεια, ιδίως
 της αστικής τάξης (του ανώτερου στρώματος της τρίτης τάξης), η
 οποία, αν και δέσποζε στην οικονομία, ήταν αποκλεισμένη από τη λήψη
 των πολιτικών αποφάσεων. Παράλληλα, η δυσφορία εξαπλωνόταν στο
 σύνολο της τρίτης τάξης, καθώς, από τα μέσα του 18ου αιώνα, οι συνθήκες ζωής επιδεινώνονταν διαρκώς. Μάλιστα, κατά τον φοβερό χειμώνα του 1788-1789, η πείνα οδήγησε τον λαό σε λεηλασίες πλούσιων σπιτιών και κρατικών αποθηκών.
",history,12,7,7.243613523947008,0.0455085059587929,7,6.999736224942808,0.060306778392087,4,3.998308873940914,0.0010176252760696,7,6.988769351425368,0.0047860918853882,4,4.631898899255248,0.0835810132850395,4,4.117524915956892,0.030196385376271,7,7.429039183020436,0.0577956588322453,7.9914168954271645,7,6.999571106309418,0.0003567172926266,7.999504043170951,9.4,20.8,65.72344497607655,0.00135968
329,329,130,131,"Μελανόμορφο
 κορινθιακό
 μυροδοχείο (αρύβαλλος).
 Με τα πολύ μικρά και
 κομψά αυτά αγγεία
 που διακοσμούνται με
 παραστάσεις ζώων, φυτών,
 σκηνές κυνηγιού, πολεμικές
 κ.ά., εξάγονταν αρωματικά
 έλαια σε όλη τη Μεσόγειο.
 7ος αιώνας π.Χ.
",history,10,5,5.198460920110335,0.0430385876813067,8,7.579045387217775,0.0607111425575091,3,2.9998236702567738,0.0001419965581959,5,5.903822821220274,0.0905121047529584,4,4.046877417757969,0.0409261939143714,3,3.0534915211574116,0.0167838387165846,6,5.607040014823383,0.0582709621479683,7.939912356412265,6,6.040797619170917,0.090156102315803,7.222687341465644,-0.8,11.3,34.181395348837206,0.000893774
330,330,91,92,"Από τις άλλες περιπτώσεις γάμων κατάργησε την
 προίκα, ορίζοντας να έχει η νύφη τρία φορέματα
 και διάφορα σκεύη που είχαν μικρή αξία και
 τίποτε άλλο. Με τις ενέργειες αυτές ήθελε να
 δηλώσει ότι ο γάμος δεν γίνεται για να πάρει
 κάποιος μισθό ή να κάνει μια εμπορική συμφωνία.
 Ο γάμος γίνεται για να αποκτήσει το αντρόγυνο
 παιδιά και να ζήσουν όλοι μια όμορφη ζωή και
 αγαπημένη.
 Πλούταρχος, Σόλων, 20
",history,10,7,6.8692458506820415,0.0329737002565354,7,6.844419604727591,0.0759192547913338,3,3.0474254560243423,0.0153287281742333,4,4.383517126127089,0.0550388297196949,4,4.059530087940402,0.0457686752087595,4,3.9163909608303697,0.0241776835743046,6,6.0445070275246096,0.0148319471105724,7.966913314696285,5,5.03313269626301,0.046809218189585,7.017899174345075,3.0,9.7,40.08333333333333,0.000931564
331,331,165,166,"Ο ναζισμός στη Γερμανία Στη μεσοπολεμική Γερμανία, διάφορες οργανώσεις υποστήριζαν την αντικατάσταση της δημοκρατίας από μια «Νέα Τάξη», όπου οι Γερμανοί θα είχαν την πιο σεβαστή θέση. Μια από αυτές ήταν και το Εθνικοσοσιαλιστικό
 Γερμανικό Εργατικό Κόμμα (ναζιστικό κόμμα), που είχε ιδρυθεί το 1919. Ένα από τα πρώτα μέλη του ήταν και ο άσημος τότε
 Αδόλφος Χίτλερ. Κερδίζοντας οπαδούς από τα κοινωνικά στρώματα που είχαν πληγεί περισσότερο (αγρότες, μικροαστοί,
 άνεργοι), το ναζιστικό κόμμα ισχυροποιήθηκε την ίδια στιγμή που ενισχυόταν και το Κομμουνιστικό Κόμμα Γερμανίας. Σε αυτές τις συνθήκες, μια μερίδα ισχυρών Γερμανών κεφαλαιούχων αποφάσισε να υποστηρίξει τον Χίτλερ, για να αντιμετωπίσει
 τους κομμουνιστές, ελπίζοντας ότι αργότερα θα απαλλασσόταν εύκολα από αυτόν. Στις εκλογές του 1932 οι ναζί συγκέντρωσαν το 37,4% των ψήφων και τον Ιανουάριο του 1933 ο Χίτλερ έγινε καγκελάριος (πρωθυπουργός) της Γερμανίας.
 Λίγο αργότερα οι ναζί πυρπόλησαν τη γερμανική Βουλή (Ράιχσταγκ) αποδίδοντας το γεγονός στους κομμουνιστές.
 Αμέσως προχώρησαν σε συλλήψεις χιλιάδων κομμουνιστών και σοσιαλιστών, ενώ το Ράιχσταγκ έθεσε εκτός νόμου
 όλους τους κομμουνιστές βουλευτές και παραχώρησε στον Χίτλερ απόλυτες εξουσίες για τέσσερα χρόνια. Λίγο αργότερα, ο Χίτλερ ανέλαβε και τη θέση του αρχηγού του κράτους και ονομάστηκε φύρερ (οδηγός, ηγέτης).
 Παράλληλα, οι ναζί διέλυσαν όλα τα πολιτικά κόμματα, εκτός από το ναζιστικό. Όπως ακριβώς στην Ιταλία, η νεολαία
 χειραγωγούνταν και η προπαγάνδα οργίαζε. Επιπλέον, οι ναζί οργάνωναν συγκεντρώσεις εκατομμυρίων ανθρώπων για
 να φανατίσουν τον γερμανικό λαό. Τα βιβλία που δεν ήταν αρεστά καίγονταν δημοσίως και πολλοί διανοούμενοι υποχρεώθηκαν να εγκαταλείψουν τη Γερμανία (π.χ. Αϊνστάιν, Μπρεχτ κ.ά.). Εφαρμόζοντας επιθετική ρατσιστική πολιτική, οι
 ναζί περιόρισαν ή εξόντωσαν όλους όσοι ήταν διαφορετικοί (πολιτικοί αντίπαλοι, τσιγγάνοι, ομοφυλόφιλοι). Με ιδιαίτερη
 επιθετικότητα αντιμετωπίστηκαν οι Εβραίοι, οι οποίοι υποχρεώθηκαν να κυκλοφορούν φορώντας ένα κίτρινο άστρο.
 Φασισμός και δημοκρατία στην υπόλοιπη Ευρώπη Μέχρι τα τέλη του Μεσοπολέμου επιβλήθηκαν καθεστώτα φασιστικού
 τύπου σε Ισπανία, Πορτογαλία, Αυστρία, Γιουγκοσλαβία, Ελλάδα, Βουλγαρία, Ρουμανία, Πολωνία και Λιθουανία. Ως αντίδραση δημιουργήθηκαν σε ορισμένες ευρωπαϊκές χώρες συμμαχίες φιλελεύθερων και αριστερών κομμάτων, τα λαϊκά μέτωπα.
 Κυβερνήσεις λαϊκών μετώπων επικράτησαν για λίγο στη Γαλλία και στην Ισπανία, αλλά έχασαν την εξουσία, στην πρώτη
 μετά από εκλογές και στη δεύτερη μετά από εμφύλιο πόλεμο με τους φασίστες του στρατηγού Φράνκο (1936-1939).
 ΑΣΚΗΣΕΙΣ – ΔΡΑΣΤΗΡΙΟΤΗΤΕΣ
 ΓΙΑ ΜΙΑ ΑΛΛΗ ΜΑΤΙΑ ΣΤΟ ΠΑΡΕΛΘΟΝ…
 ...δείτε κινηματογραφικές ταινίες
 Τσάρλι Τσάπλιν, Ο μεγάλος δικτάτωρ (1940).
 Μια κωμικοτραγική παρουσίαση του ναζισμού.
 0 Μπερνάρντο Μπερτολούτσι, 1900 (1976).
 H Ιταλία κατά το πρώτο μισό του 20ού αιώνα.
",history,12,6,6.312447551490742,0.0564757388010243,6,6.273486869611077,0.048102286548639,4,3.99974654079233,0.0002021892249088,7,6.8646608776546145,0.0329689138622097,4,4.072521990454334,0.0434174403649729,3,3.377590628232795,0.0532575682849989,6,6.7207622282003925,0.0816670777860299,7.993307606315284,7,6.989837130177875,0.0044995035336417,7.999087834158345,2.6,16.1,54.30909755,0.001108958
332,332,65,66,"Η ανώμαλη κατάσταση που επικράτησε στην Ελλάδα μετά τις μετακινήσεις των ελληνικών φύλων
 κατά τον 12ο αιώνα π.Χ., η γενική
 στενότητα του χώρου και ο οικονομικός μαρασμός και η ανασφάλεια
 υποχρέωσαν συμπαγείς ομάδες
 Ελλήνων να μεταναστεύσουν προς
 τα νησιά του Αιγαίου και τα δυτικά
 παράλια της Μικράς Ασίας. Η μετακίνηση πραγματοποιήθηκε κατά
 φυλετικές ομάδες και τον 10ο αιώνα η μετανάστευση αυτή έλαβε τη
 μορφή ενός ευρύτατου αποικισμού.
 Η κίνηση αυτή έμεινε γνωστή ως
 Πρώτος ελληνικός αποικισμός.
 Ο Πρώτος
 Όπως τονίσαμε προηγουμένως,
 ελληνικός
 οι Αιολείς, πιεζόμενοι από τους
 αποικισμός
 Θεσσαλούς, εγκαταστάθηκαν αρχικά στη Λέσβο και στην Τένεδο και στη συνέχεια ίδρυσαν αποικίες στο βόρειο τμήμα της
 μικρασιατικής παραλίας, σε μια περιοχή που εκτείνεται από την Τρωάδα στα βόρεια μέχρι τον
 κόλπο της Σμύρνης. Είναι η περιοχή της Αιολίδας.
 Οι Ίωνες ξεκινώντας από την Αττική, την Εύβοια και τη βορειοανατολική Πελοπόννησο
 εγκαταστάθηκαν στη Χίο, στη Σάμο και στο κεντρικό τμήμα των παραλίων της Μικράς Ασίας.
 Είναι η περιοχή που ονομάστηκε Ιωνία.
 Οι Δωριείς εγκαθίστανται στη Ρόδο, στην Κω και στο νότιο τμήμα των παραλίων της Μικράς
 Ασίας, όπου ιδρύουν τη δωρική εξάπολη.
 Οι πρώτοι Έλληνες άποικοι ασχολούνται στην αρχή με τη γεωργία. Γρήγορα όμως
 επιδίδονται στο εμπόριο και ταχύτατα οι ελληνικές πόλεις της Μικράς Ασίας αναπτύσσονται
",history,10,8,7.620797576983023,0.0538739936510202,8,7.560786378039666,0.0556750994765905,4,3.9991031465606284,0.0005997673302008,7,6.995647541980258,0.0017289051612149,5,4.70323308481602,0.0765866648297123,3,3.001160936191809,0.0007363832519974,8,7.587725686135855,0.0655230005010014,7.268936892650686,7,7.000147614658353,0.0001662327276199,7.993273060725187,3.4,14.0,48.935064935064936,0.001030511
333,333,242,243,"Τότε λοιπόν γίνονταν οι γιορτές των Ισθμίων. Πλήθος θεατές κάθονταν στο στάδιο παρακολουθώντας τα αθλητικά αγωνίσματα… Σε μια στιγμή ήχησε η σάλπιγγα, επιβάλλοντας στα
 πλήθη τη σιγή· στη μέση του στίβου προχώρησε ο κήρυκας και διακήρυξε ότι η σύγκλητος
 των Ρωμαίων και ο στρατηγός-ύπατος Τίτος Κοΐντιος, αφού επολέμησαν τον βασιλιά Φίλιππο
 (Ε΄) και τους Μακεδόνες, αφήνουν αφρούρητους και ελεύθερους και αφορολόγητους, με το
 δικαίωμα να ακολουθούν τους πάτριους νόμους τους, τους Κορίνθιους, Λοκρούς, Φωκείς,
 Ευβοείς, Αχαιούς, Φθιώτες, Μάγνητες, Θεσσαλούς και Περραιβούς. Στην αρχή δεν ακούστηκε
 το κήρυγμα πολύ καθαρά κι ήταν πολλοί που δεν τ’ άκουσαν καθόλου· δημιουργήθηκε λοιπόν
 στο στάδιο μια κίνηση του πλήθους, γεμάτη ανησυχία και θόρυβο· απορούσαν, ρωτούσαν
 τι ειπώθηκε και ζητούσαν ν’ απαγγελθεί πάλι το κήρυγμα. Όταν λοιπόν έγινε ξανά ησυχία
 και ο κήρυκας υψώνοντας τη φωνή σε ζωηρότερο τόνο έκανε ώστε να ακουστεί απ’ όλους
 το κήρυγμα, μια χαρούμενη κραυγή, απίστευτα δυνατή, απλώθηκε ως τη θάλασσα, ενώ το
 θέατρο είχε σηκωθεί όρθιο και κανείς δεν έδινε προσοχή στους αγωνιζόμενους αθλητές. Όλοι
 αναπηδούσαν κι έτρεχαν να χαιρετήσουν και να προσφωνήσουν τον σωτήρα και υπερασπιστή
 της Ελλάδας…
 Πλούταρχος, Τίτος Φλαμινίνος, 10 (Μετ. Α. Λαζάρου)
",history,10,8,7.98761728931629,0.0054722487345922,8,8.005040416099943,0.0035685982995396,4,3.998501769061022,0.0009074672333256,7,6.997547503227906,0.0013225509027771,7,6.942057601327178,0.0214230585963412,4,4.043839642103336,0.0171100314898797,8,7.995338828598285,0.0024214748813663,7.02032343384235,7,6.989842322518598,0.0045061664936927,7.998619029909605,10.8,24.2,69.00523168908819,0.001413586
334,334,279,280,"και «βαρβάρων» ενώπιον του Θεού. Γι’ αυτό η νέα θρησκεία αποκτά σύντομα πολλούς
 πιστούς, καθώς προσφέρει ελπίδα και για κοινωνική ελευθερία.
 Ο Χριστός γεννήθηκε μέσα στους κόλπους του εβραϊκού λαού, τήρησε τον νόμο,
 χρησιμοποίησε στα κηρύγματά του τη γλώσσα του λαού του, την αραμαϊκή*, Ιουδαίοι ήταν
 οι μαθητές του και τα πλήθη που τον ακολουθούσαν. Όμως το πνεύμα της διδασκαλίας του
 ξεπερνούσε τα όρια του Ισραήλ και απευθυνόταν προς ολόκληρη την οικουμένη.
 Μετά τον σταυρικό θάνατο του Χριστού οι μαθητές του, με κορυφαία φυσιογνωμία
 τον Πέτρο, σχηματίζουν στην Ιερουσαλήμ μια μικρή κοινότητα πιστών. Τα μέλη της
 κοινότητας αυτής διακηρύττουν ότι ο Χριστός ήταν ο αναμενόμενος Μεσσίας, αυτός που
 είχαν προαναγγείλει οι προφήτες. Γρήγορα όμως ο μικρός αυτός, καθαρά ιουδαϊκός πυρήνας
 διευρύνεται με ένα πλήθος εξελληνισθέντων Εβραίων της διασποράς* οι οποίοι σιγάσιγά αποτελούν την πλειονότητα μέσα στη χριστιανική κοινότητα της Ιερουσαλήμ. Μιλούν
 ελληνικά και είναι διαποτισμένοι από την ελληνική παιδεία. Αυτοί έδωσαν στην πρώτη
 χριστιανική κοινότητα το ελληνικό όνομα Εκκλησία, όρος που σήμαινε, σε κάθε ελληνική
 πόλη, την συνάθροιση των πολιτών.
 Αργότερα πολλοί οπαδοί του Χριστού για να αποφύγουν διώξεις καταφεύγουν στην
 Αντιόχεια. Εκεί, στην πολυάνθρωπη εξελληνισμένη μητρόπολη, συναντούν πολλούς
 ανθρώπους πρόθυμους να ακούσουν το κήρυγμά τους. Ο λαός της Αντιόχειας για πρώτη
 φορά ονομάζει τους πιστούς του Χριστού «Χριστιανούς». Έτσι, με αυτό το αντιοχειανής
 προέλευσης όνομα, οι «Χριστιανοί» εισέρχονται στην ιστορία με κοσμοϊστορικές συνέπειες.
",history,10,7,7.320346647034967,0.0506498018509331,7,6.991053685925635,0.0145104737220824,3,3.348646020550774,0.0519251749101651,5,5.0752442949724355,0.0753404935622613,4,4.230687723060498,0.0487967349285632,4,3.679358465587484,0.0504931814558082,7,7.30086027813563,0.0623947615479612,7.992416191830671,7,6.704043614094928,0.0540712361747871,7.993300658054068,2.9,15.3,54.88667058132707,0.001089165
335,335,92,93,"που είχαν γίνει δούλοι λόγω χρεών και απαγόρευσε στο εξής να δανείζεται κάποιος με εγγύηση
 την προσωπική του ελευθερία. Αυτή είναι η περίφημη διάταξη της νομοθεσίας του Σόλωνα,
 γνωστή ως σεισάχθεια, με την οποία λυτρώθηκε η αγροτική τάξη. Ένα άλλο μέτρο, με το
 οποίο ο Σόλωνας αποδυνάμωσε το αριστοκρατικό πολίτευμα, ήταν η διαίρεση των πολιτών
 σε τέσσερις τάξεις. Ως βάση έθεσε το εισόδημα και όχι την καταγωγή. Ανάλογα όρισε και
 τα αξιώματα. Παράλληλα, διεύρυνε τον πολιτικό ρόλο της Εκκλησίας του Δήμου, στην
 οποία έπαιρναν μέρος όσοι είχαν συμπληρώσει το εικοστό έτος της ηλικίας τους. Τα θέματα
 που συζητούνταν στη συνέλευση του λαού, τα προετοίμαζε η Βουλή των Τετρακοσίων, αν
 και η ύπαρξή της αμφισβητείται από ορισμένους μελετητές. Η δημιουργία της Ηλιαίας, ενός
 δικαστηρίου στο οποίο συμμετείχαν με κλήρωση άτομα από όλες τις τάξεις, ήταν μέτρο που
 στόχευε στην καλύτερη απονομή της δικαιοσύνης και την εξάλειψη των ανισοτήτων. Για να
 πετύχει, εξάλλου, ο Σόλωνας την ενεργό συμμετοχή των πολιτών στα κοινά, ψήφισε νόμο με
 τον οποίο στερούσε τα πολιτικά δικαιώματα από όσους δεν έπαιρναν σαφή θέση πάνω στα
 κοινωνικά και πολιτικά θέματα.
 Τα μέτρα του Σόλωνα ανακούφισαν τη λαϊκή τάξη και εξίσωσαν τους πλούσιους με τους
 ευγενείς. Επειδή η γη εξακολουθούσε να είναι στα χέρια λίγων, το αίτημα για ξαναμοίρασμα
 της γης ήλθε πάλι στην επιφάνεια. Τις ταραχές εκμεταλλεύτηκε ο Πεισίστρατος, ένας ευγενής,
 ο οποίος με τη συμπαράσταση του λαού κατέλαβε την εξουσία και επέβαλε τυραννικό
 πολίτευμα. Ο Πεισίστρατος στέρησε από τους Αθηναίους ελευθερίες που με αγώνες είχαν
 κατακτήσει. Συνέδεσε, όμως, το όνομά του με σημαντικά εξωραϊστικά έργα (Εννεάκρουνος
",history,10,8,7.989013710025574,0.0048742922693758,8,7.893646142536954,0.0274805397651343,4,3.9997704502914644,0.0001747050382103,7,6.876108980312008,0.0306696113968567,5,5.383015930085094,0.0710705799026883,3,3.0027998325126433,0.0015479428098727,8,7.957296146394583,0.0142555707024726,7.060081673428385,7,6.9787133419304155,0.0083109090360309,7.9968224101939995,3.4,13.3,50.36945812807882,0.001077884
336,336,254,255,"κάλυψης της απόστασης ανάμεσα στην «υψηλή τέχνη» και τη «λαϊκή κουλτούρα» που αναπτύχθηκε τη δεκαετία του
 1960 με κύριο εκπρόσωπο τον Άντι Ουόρχολ.
 Κατά τις τελευταίες δεκαετίες του 20ού αιώνα εμφανίστηκαν ρεύματα που αξιοποίησαν μέσα έκφρασης όπως το
 ανθρώπινο σώμα (body art) και οι νέες τεχνολογίες (video art).
 Η μουσική ανανεώθηκε. Στις αρχές του 20ού αιώνα εμφανίστηκε στις ΗΠΑ η τζαζ, που είχε τις ρίζες της στις παραδόσεις των Αφροαμερικανών. Η εποχή μετά τον Β´ Παγκόσμιο πόλεμο σφραγίστηκε από το ροκ εν ρολ, με πρώτο μεγάλο είδωλο τον τραγουδιστή Έλβις Πρίσλεϊ. Η μουσική αυτή εξελίχθηκε σ’ ένα παγκόσμιο κίνημα και μέσα από συγκροτήματα όπως οι Μπιτλς και οι Ρόλινγκ Στόουνς άγγιξε κάποιες φορές και κοινωνικά θέματα.
 Ο κινηματογράφος, αν και βωβός αρχικά, εξελίχθηκε τόσο
 γρήγορα, ώστε πριν ακόμη τον Α´ Παγκόσμιο πόλεμο γινόταν
 λόγος για βιομηχανία του κινηματογράφου. Κορυφαία φυσιογνωμία υπήρξε ο Τσάρλι Τσάπλιν, ο θρυλικός Σαρλό. Όταν αργότερα συνδυάστηκαν εικόνα και ήχος, ο κινηματογράφος
 απέκτησε τεράστια δύναμη. Σημαντική υπήρξε την περίοδο
 αυτή η ανάπτυξη του σοβιετικού κινηματογράφου, με κορυφαίο εκπρόσωπο τον σκηνοθέτη Σεργκέι Αϊζενστάιν. Μετά τον
 Β´ Παγκόσμιο πόλεμο ο ιταλικός νεορεαλισμός και η γαλλική
 7. Οι Μπιτλς, ένα από τα σημαντικότερα
 νουβέλ βαγκ (νέο κύμα) ανανέωσαν τον κινηματογράφο.
 μουσικά συγκροτήματα του 20ού αιώνα.
",history,12,7,7.322815492325731,0.0512413666848268,7,6.560521617185708,0.056266602087358,4,4.000787024022429,0.0006844444418464,7,6.999953906468733,4.038605750394006e-05,4,4.296605895317612,0.0570016438775583,4,3.958020512552963,0.0140985123522669,7,7.090523216442044,0.0277018554591622,7.999372063196773,7,6.999991130132784,1.4358520407316916e-05,7.999891274763819,2.4,13.0,48.33333333333333,0.000988183
337,337,79,80,"οπλιτική φάλαγγα
 Συγκροτούν την «οπλιτική φάλαγγα», φορούν πανοπλία και όλοι μαζί υπερασπίζονται
 την πόλη τους. Η προσφορά είναι συλλογική και ο σκοπός κοινός. Στην οπλιτική φάλαγγα
 συμμετείχαν όσοι μπορούσαν να αγοράσουν με δική τους δαπάνη την απαραίτητη πανοπλία.
 Αυτή η διευρυμένη συμμετοχή επέφερε μια γενικότερη κοινωνική εξίσωση. Οι κοινωνικές
 διαφορές περιορίστηκαν. Ωστόσο, δεν έλειψαν οι πολιτικοί ανταγωνισμοί που αντικείμενό
 τους είχαν την άσκηση εξουσίας.
 Το πολίτευμα
 Με την πόλη συνδέεται και το πολίτευμα, δηλαδή το σύστημα διακυβέρνησης. Όταν
 συγκροτήθηκε η πόλη, η βασιλεία είχε παρακμάσει. Την εξουσία κατέλαβαν οι ευγενείς
 και έτσι το πολίτευμα έγινε αριστοκρατικό. Η ονομασία αυτή οφείλεται στους αρίστους,
 τους πλούσιους δηλαδή ιδιοκτήτες γης, που παλαιότερα αποτελούσαν και το συμβούλιο
 του βασιλιά. Με την ανάπτυξη του εμπορίου και την ευρεία χρησιμοποίηση του νομίσματος
 δημιουργήθηκε μία νέα τάξη, η οποία με τη δύναμη του χρήματος αφαίρεσε την εξουσία
 από τους αριστοκράτες. Οι λίγοι αυτοί επέβαλαν τη δική τους εξουσία και το πολίτευμα έγινε
 ολιγαρχικό. Κριτήριο για συμμετοχή στην εξουσία δεν ήταν πια η καταγωγή αλλά ο πλούτος.
",history,10,7,7.0437272464115495,0.0207863293455903,7,6.817467678451067,0.0725303631625001,4,3.982018674774082,0.0072399311685863,7,6.958891074080867,0.0132512726926784,4,4.213050644780878,0.0551938131679604,3,3.0534263804782853,0.0167540410187101,7,6.811852764655896,0.0628103737400487,7.997525728481548,7,6.991665513050975,0.0037715659492193,7.9971787844970095,1.3,12.6,51.341522351993554,0.000933498
338,338,226,227,"1. Ο Κωνσταντίνος Καραμανλής απευθύνει διάγγελμα ως πρωθυπουργός της κυβέρνησης εθνικής ενότητας,
 25 Ιουλίου 1974 [αποσπάσματα]
 […] Απευθύνομαι προς όλους σας και ιδιαίτερα προς την νεολαίαν και τας Eνόπλους Δυνάμεις της χώρας, με πρωτοβουλίαν των
 οποίων ήνοιξεν ο δρόμος προς την ομαλότητα. Kαι σας ζητώ να εξαρθήτε εις το ύψος των περιστάσεων. […]
 H Κυβέρνησις, […] έχει πρώτον και υπέρτατον χρέος να αντιμετωπίση όλους τους εξωτερικούς κινδύνους, που επεσωρεύθησαν
 από τα πρόσφατα, δραματικά γεγονότα. Tην ώραν αυτήν η σκέψις μου στρέφεται πρωτίστως προς την δοκιμαζομένην Mεγαλόνησον, της οποίας την ανεξαρτησίαν και ακεραιότητα θα προασπίσωμεν δι' όλων μας των δυνάμεων [.. ].
 […] Όταν, […] θα έχη αντιμετωπισθή το εθνικόν θέμα, που συνταράσσει ολόκληρον τον Eλληνισμόν, η Κυβέρνησις […] θα ασχοληθή με
 τα πιεστικώτερα προβλήματα του τόπου. Kαι το κυριώτερον εξ αυτών είναι η ταχεία χάραξις της διαδικασίας που θα οδηγήση στην θεμελίωσιν μιας πραγματικής και προοδευτικής δημοκρατίας, στο πλαίσιο της οποίας θα έχουν θέσιν όλοι οι Έλληνες.
 Eις την ζωήν όλων των εθνών υπάρχουν στιγμαί που επιβάλλουν έξαρσιν ηθικήν και εθνικήν. Eίναι αι στιγμαί εκείναι κατά τας
 οποίας ένας λαός απογοητευμένος από το πρόσφατον και το απώτερον παρελθόν αναζητεί με αγωνία τον δρόμον του. Kαι τας
 στιγμάς αυτάς ακριβώς ζη σήμερον η χώρα μας. […]
 Πηγή: Κ. Σβολόπουλος (επιμ.), Κωνσταντίνος Καραμανλής, Αρχείο. Γεγονότα και έγγραφα, Ίδρυμα Κ. Καραμανλής – Εκδοτική Αθηνών, Αθήνα 1997, τόμ. 8, σελ. 29-30.
",history,12,8,7.99990255640337,0.0001072844860381,7,7.021714898745586,0.0164213626811037,4,3.9933120811770095,0.0032316244721755,7,6.992901970704452,0.0033819046897168,4,4.434543236071477,0.087331689315374,3,3.0012940550413134,0.0008401095025789,8,7.999092028802636,0.0007719713651949,7.015902378721876,7,6.998588601749532,0.0008561886464419,7.99847721993865,3.3,15.0,46.491340450771055,0.000939124
339,339,107,108,"ΓΙΑ ΜΙΑ ΑΛΛΗ ΜΑΤΙΑ
 ΣΤΟ ΠΑΡΕΛΘΟΝ…
 …ακούστε
 0 Λούντβιχ Βαν Μπετόβεν, Σονάτα του σεληνόφωτος, 3η Συμφωνία και
 9η Συμφωνία.
 …δείτε θεατρικές παραστάσεις
 0 Ερρίκος Ίψεν, Το κουκλόσπιτο (1879), Βρικόλακες (1881).
 0 Αύγουστος Στρίνμπεργκ, Δεσποινίς Τζούλια (1888).
 0 Άντον Τσέχοφ, Ο γλάρος (1895), Ο θείος Βάνιας (1897), Οι τρεις αδελφές (1900).
 6. Ογκίστ Ροντέν, Το χέρι του Θεού, 1898.
",history,12,8,7.998352924258597,0.001128101015737,7,7.370463381681475,0.0554932691425523,4,3.9994547897383512,0.0009905730240653,7,6.993995200735071,0.0020288782159687,4,4.304508812725544,0.1091240469523074,4,4.074696600202742,0.022221979605212,8,7.998491788278898,0.0011553979721511,7.001923954945767,7,6.999063150512484,0.0006062152016568,7.999933047913103,0.7,10.6,33.934456928838955,0.000813504
340,340,42,43,"παράθεμα 2 Σπαρτιατικά ανέκδοτα
 Κάποτε ένας κακός άνθρωπος ενοχλούσε τον Δημάρατο ρωτώντας τον συνέχεια: «Ποιος από τους Σπαρτιάτες είναι ο καλύτερος;» Εκείνος του απάντησε: «Αυτός που δε σου μοιάζει
 καθόλου».
 Κάποιοι ρώτησαν τον Χαρίλαο, τον ανιψιό του Λυκούργου,
 γιατί ο θείος του έφτιαξε λίγους νόμους. Αυτός απάντησε ότι
 εκείνοι που δε λένε πολλά λόγια ούτε και από πολλούς νόμους
 έχουν ανάγκη.
 Μια φορά προσκάλεσαν έναν Σπαρτιάτη να ακούσει κάποιον
 που είχε την ικανότητα να μιμείται το κελάηδημα του αηδονιού.
 Τότε αυτός είπε: «Εγώ έχω ακούσει το ίδιο το αηδόνι να κελαηδάει».
",history,4,6,6.027335193580107,0.0429893261109068,6,5.663847702521707,0.1061298222539919,3,2.999625434718837,0.0002765545360979,4,4.141425088174742,0.0338130303995008,3,3.039819485914734,0.0223643150064719,3,2.999318948243669,0.000623903994974,6,6.000822935919075,0.0024418848146451,7.987568217861337,5,5.734652911727608,0.1019639648070593,7.006487673468655,3.3,13.2,51.22962962962963,0.001114354
341,341,86,87,"Η Σπάρτη λοιπόν ήταν ένα στρατόπεδο, όπου ύψιστο
 αντικειμενικό σκοπό της ζωής του είχε ο καθένας, να είναι
 σε κάθε στιγμή έτοιμος να πολεμήσει με τη μεγαλύτερη
 αποτελεσματικότητα για την πόλη του. Ο σκοπός κάθε
 νόμου, ο έσχατος λόγος όλου του συστήματος κοινωνικής
 διατάξεως ήταν να διαμορφώσει καλούς στρατιώτες.
 Η χλιδή στην ιδιωτική ζωή απαγορευόταν αυστηρά·
 η σπαρτιατική λιτότητα έγινε παροιμιώδης. Ο επιμέρους
 άνθρωπος, απορροφημένος ολότελα μέσα στο κράτος,
 δεν είχε καθόλου δική του ατομική ζωή· δεν είχε να
 λύσει προβλήματα της δικής του ανθρώπινης υπάρξεως.
 Η Σπάρτη δεν ήταν τόπος για διανοουμένους ή
 φίλους της θεωρίας· το χρέος όλο του ανθρώπου
 και το υπέρτατο ιδεώδες της ζωής του Σπαρτιάτη
 περιέχονταν μέσα στους νόμους της πόλης του.
 Χάλκινο αγαλμάτιο που
 παριστάνει Σπαρτιάτισσα
 J.B. Bury-Russell Meiggs, Ιστορία της Αρχαίας
 αθλήτρια (Λονδίνο,
 Ελλάδος, Εκδ. Καρδαμίτσα, Αθήνα 1978, σ. 149
 Βρετανικό Μουσείο).
",history,10,8,7.997049348151222,0.0018985601046872,8,8.002737398668865,0.0034989095947562,4,3.9998245514968858,0.0001428511539453,7,6.999653030766712,0.0002571289921209,6,5.919645781381405,0.0889536356149398,4,4.005099880962689,0.0067119996523546,8,7.996874517721125,0.0018086288408516,7.010981906732013,7,7.00057008132854,0.0005776361272563,7.999007938544537,2.2,12.9,49.93866459627329,0.001017819
342,342,52,53,"3. Εις τον Ιερόν Λόχον
 «Ας μη βρέξη ποτέ
 το σύννεφον, και ο άνεμος
 σκληρός ας μη σκορπίση
 το χώμα το μακάριον
 που σας σκεπάζει.
 Ας το δροσίση πάντοτε
 με τ’ αργυρά της δάκρυα
 η ροδόπεπλος κόρη
 Και αυτού ας ξεφυτρώνουν
 αιώνια τ’ άνθη.
",history,6,10,9.3005293639776,0.0550016107174184,9,9.19468357344158,0.084137699663482,6,5.686765669262968,0.0535796734775398,7,7.0203515084303945,0.008016427321742,7,6.9744146623770575,0.0306583609769942,4,3.9858512681094,0.0216055446664021,10,9.913419026946844,0.0158200515517643,7.880800216588341,7,7.502089211468203,0.0564449287807499,7.999722143950294,4.8,9.8,34.64705882352941,0.00082878
343,343,15,16,"Η πρώτη φάση της γαλλικής επανάστασης, Μάιος 1789-Αύγουστος 1792
 Η κατάσταση αυτή έκανε τον βασιλιά Λουδοβίκο ΙΣΤ´ να συγκαλέσει συνέλευση των τάξεων στο ανάκτορο των Βερσαλιών (5 Μαΐου 1789). Εκεί, οι αντιπρόσωποι της τρίτης τάξης απαίτησαν μεταρρυθμίσεις, αλλά ο βασιλιάς ζήτησε να
 επιβληθούν νέοι φόροι που θα πλήρωναν αποκλειστικά τα μέλη της τρίτης τάξης.
 Οι αντιπρόσωποι της τρίτης τάξης αντέδρασαν και, με το επιχείρημα ότι εκπροσωπούσαν το 98% των Γάλλων, αυτοανακηρύχθηκαν Εθνική συνέλευση. Ο βασιλιάς, ωστόσο, δεν τους αναγνώρισε και διέταξε να κλείσει η αίθουσα όπου συνεδρίαζαν οι
 τάξεις. Τότε, οι αντιπρόσωποι της τρίτης τάξης συγκεντρώθηκαν
 στην αίθουσα του σφαιριστηρίου (βλέπε δίπλα, εικόνα 2), όπου
 ορκίστηκαν ότι θα συντάξουν σύνταγμα (20 Ιουνίου 1789). Στο
 πλευρό τους τάχθηκαν ορισμένοι κληρικοί και ευγενείς. Ο βασιλιάς αναγκάστηκε να υποχωρήσει. Η Εθνοσυνέλευση αυτοανακη2. Ζ.Λ. Νταβίντ, Ο όρκος του σφαιριστηρίου, 20 Ιουνίου 1789.
 ρύχθηκε Συντακτική συνέλευση (9 Ιουλίου 1789), με σκοπό να δώσει στη Γαλλία σύνταγμα.
 Η υποχώρηση του Λουδοβίκου ΙΣΤ´, ωστόσο, δεν ήταν παρά μια
 κίνηση τακτικής, καθώς την ίδια στιγμή συγκέντρωνε, κρυφά,
 στρατό για να διαλύσει την Εθνοσυνέλευση.
 Όταν έγιναν γνωστές οι παρασκηνιακές κινήσεις του βασιλιά,
 οργισμένοι πολίτες οπλίστηκαν για να υπερασπιστούν την
 Εθνοσυνέλευση: στις 14 Ιουλίου 1789 ο λαός του Παρισιού κατέλαβε τη Βαστίλη (βλέπε σ. 9), τόπο φυλάκισης και βασανιστηρίων, μισητό σύμβολο της απολυταρχίας. Η 14η Ιουλίου
 αποτελεί σήμερα εθνική γιορτή των Γάλλων. Παράλληλα, όλο
 και περισσότερες περιοχές στην ύπαιθρο της Γαλλίας επανα3. Οπλισμένες γυναίκες βαδίζουν εναντίον των ανακτόρων
 στατούσαν.
 των Βερσαλιών, 5 Οκτωβρίου 1789.
",history,12,8,7.501070505962659,0.0661624484237293,7,7.054649776385759,0.0207409184294254,4,3.817575283981853,0.0381498578517467,7,5.9836428134424295,0.0794379247159141,4,4.167142651726181,0.059804800500787,3,3.0851102159397215,0.0233797772810308,8,7.32897091250738,0.079530278194428,7.222696464528269,7,6.998154687342321,0.0010201286350893,7.998069593867513,1.8,13.8,48.40189499,0.000934047
344,344,6,7,"Κατά τη μακρά αυτή περίοδο
 το κλίμα ήταν ψυχρότερο απ’ ό,τι
 σήμερα. Ο άνθρωπος βρίσκει
 συχνά καταφύγιο στα σπήλαια,
 μετακινείται ακολουθώντας τα
 θηράματά του και προτιμά για
 προσωρινή εγκατάσταση τις
 θέσεις κοντά στις όχθες ποταμού,
 δίπλα σε πηγές νερού ή δίπλα
 σε λίμνες. Κατά τη διάρκεια της
 Παλαιολιθικής και Μεσολιθικής
 εποχής ο άνθρωπος είναι κυνηγός
 και τροφοσυλλέκτης, ενώ βοηθητικό ρόλο παίζει και η αλιεία.
 Τα θηράματα ποικίλλουν ανάλογα
 με την περιοχή. Στην ανατολική
 Ευρώπη κυριαρχεί το μαμούθ, ενώ Τα κύρια εργαλεία του ανθρώπου της Παλαιολιθικής εποχής
 (Μουσείο Βόλου)
 στη δυτική ο τάρανδος, ο αίγαγρος
 και η αντιλόπη. Στη μεσογειακή
 Ευρώπη τα βόδια, τα ελάφια και οι
 ίπποι αποτελούν, μαζί με τους καρπούς, την κύρια τροφή του ανθρώπου. Για την κατασκευή
 των όπλων και των εργαλείων του ο άνθρωπος χρησιμοποιεί οστά και κέρατα ζώων ή,
 κυρίως, κατεργάζεται τον λίθο. Για να αντιμετωπίσει το κρύο, περιτυλίγεται με δέρματα ζώων.
 Ο «Σοφός άνθρωπος» θάβει τους νεκρούς του και στους τάφους τοποθετεί διάφορα
 κτερίσματα*. Αυτό δείχνει ότι πιστεύει σε μια άλλη ζωή, μετά τον θάνατο.
 Στον ελλαδικό χώρο η παρουσία του παλαιολιθικού ανθρώπου πιστοποιείται σε περιοχές
",history,10,7,6.911239879034838,0.0482723279934531,7,7.019488058525894,0.0437847051879766,3,3.00020292224724,0.0001560198989539,5,5.5253268975804986,0.0789819249285065,4,3.6033501742076623,0.0646063724828735,3,3.119244442697891,0.0293706342340076,6,6.012663173416172,0.0052831771842385,7.98593527020509,7,6.9386801232399336,0.0179932995361562,7.994768760454463,2.6,12.5,46.63121783876501,0.001022145
345,345,103,104,"παράθεμα 3 Βαριοί οι όροι για τους Αθηναίους
 Όταν οι απεσταλμένοι της Αθήνας έφτασαν στη Σπάρτη, οι πέντε έφοροι κάλεσαν σε συμβούλιο
 τους συμμάχους τους. Σ’ αυτό οι Κορίνθιοι, οι Θηβαίοι και πολλοί άλλοι Έλληνες πρότειναν να μην
 κάνουν ειρήνη με τους Αθηναίους, αλλά να τους αφανίσουν. Οι Λακεδαιμόνιοι όμως είπαν πως δε
 θα υποδουλώσουν μια πόλη ελληνική που πρόσφερε πολλά στη διάρκεια των περσικών πολέμων.
 Γι’ αυτό δέχτηκαν να κάνουν ειρήνη με τους εξής όρους: να γκρεμίσουν οι Αθηναίοι τα Μακρά  
 τείχη και τα τείχη του Πειραιά, να παραδώσουν τα πλοία τους εκτός από δώδεκα κ.ά.
 Οι Αθηναίοι αποφάσισαν να δεχτούν την ειρήνη, μια και δεν μπορούσαν να περιμένουν άλλο, αφού
 πολλοί πέθαιναν από την πείνα.
 Ξενοφώντας, Ελληνικά, 2, 19-22 (διασκευή)
",history,4,6,6.060307251233407,0.0183415432281097,7,6.983428569427588,0.0471689827326804,3,3.0097067601744207,0.0043912436701849,4,4.067999207160312,0.020049215046647,4,4.051862791066014,0.0444669099712157,3,3.00053361987748,0.000395503053777,6,6.001122268721304,0.0006937932422008,7.939911670898795,5,5.102356678993601,0.0426317154452579,7.000568508257857,4.1,12.9,47.61111111111112,0.001056551
346,346,39,40,"παράθεμα 2
 Οι Σπαρτιάτες στον πόλεμο
 Ο βασιλιάς των Σπαρτιατών, πριν αρχίσει η μάχη, θυσίαζε μια κατσίκα και έδινε εντολή σε όλους τους στρατιώτες να φορέσουν στεφάνια. Συγχρόνως ο ίδιος τραγουδούσε πολεμικό τραγούδι, ώστε η όψη τους να γίνει σοβαρή και να προξενεί φόβο στους εχθρούς. Έτσι πήγαιναν στη μάχη με χαρά και ηρεμία, έχοντας ελπίδα και
 θάρρος. Ο βασιλιάς βάδιζε κατά του εχθρού έχοντας
 στο πλάι του έναν πολεμιστή που είχε κερδίσει στεφάνι
 3. Σπαρτιάτες πολεμιστές
 σε Πανελλήνιους Αγώνες. Στις μάχες, όταν νικούσαν
 τους εχθρούς, τους καταδίωκαν τόσο μόνο όσο ήταν σίγουροι ότι τους νίκησαν. Θεωρούσαν ότι δεν ήταν σωστό οι γενναίοι πολεμιστές να χτυπούν με τα όπλα τους και να
 σκοτώνουν στρατιώτες που υποχωρούσαν και δεν πρόβαλλαν αντίσταση.
 Πλούταρχος, Λυκούργος, 22 (διασκευή)
",history,4,6,6.009611612171284,0.0045395503975157,7,6.722381202202371,0.0559115234243075,3,2.9999974934821694,6.348194443583059e-06,4,4.007544208011041,0.0036167386570687,4,3.7050546278696856,0.0585469695767586,2,2.134115223605477,0.031873695899002,6,6.000070771407081,7.34922149039024e-05,7.9579109062650275,5,4.758742892810005,0.0462697388987433,7.000999092349957,2.3,11.7,48.12145390070922,0.000967352
347,347,112,113,"B Οι πηγές αφηγούνται...
 1. Απόψεις του Χαρίλαου Τρικούπη για την εξωτερική πολιτική της Ελλάδας (απόδοση στα νέα ελληνικά)
 «Εθνική ιδέα του ελληνισμού είναι η απελευθέρωση των ελληνικών εδαφών και η σύσταση ενιαίου ελληνικού κράτους, που να περιλαμβάνει ολόκληρο το ελληνικό έθνος. Το δίκαιο αυτής της ιδέας το αναγνώρισε
 η Ευρώπη, το αναγνώρισε επίσης και η Τουρκία μετά τη σύσταση του ελληνικού κράτους. Δεν θα είχε
 καμία σημασία η επανίδρυση βασιλείου, όπως η σημερινή Ελλάδα, εάν αυτή δεν εθεωρείτο πυρήνας και
 πρόδρομος της σύμπτυξης, όταν έλθει το πλήρωμα του χρόνου, ολόκληρου του ελληνισμού σε ελεύθερο
 κράτος. Επομένως προς τον σκοπό αυτό έχει καθήκον να εργάζεται η Ελλάδα, τίμια και θαρραλέα, σεβόμενη τη διεθνή νομιμότητα, απολαμβάνοντας τη διεθνή αναγνώριση και προσφέροντας στους άλλους ό,τι
 απαιτεί για την ίδια».
 Άρθρο του Χαρίλαου Τρικούπη στην εφημερίδα Ώρα, 2 Ιουλίου 1876. Έκδοση της Βουλής των Ελλήνων, Χαρίλαος
 Τρικούπης. Η ζωή και το έργο του, τόμ. 1, επιμέλεια Αικατερίνη Φλεριανού, Αθήνα 1999, σ. 289.
",history,6,8,7.966763957543321,0.0118314426629016,6,6.330040619180636,0.056570748728389,4,3.999860955095471,0.0001119476213614,7,6.839755055523007,0.0366548563024866,3,3.448781355986057,0.0583793931250223,4,3.679201257712754,0.0504110660747568,8,7.96227713017587,0.0129955966703849,7.004604949521308,7,6.993809159478133,0.0030239407283368,7.9988167752680965,3.1,13.2,48.94293193717277,0.000873991
348,348,78,79,"Ματιά στο παρελθόν
 Εμφύλιες διαμάχες
 Από το φθινόπωρο του 1823 έως τις αρχές του 1825 η Επανάσταση δοκιμάστηκε σκληρά από τις διαμάχες και
 τις έριδες ανάμεσα στους Έλληνες επαναστάτες. Προσωπικά συμφέροντα, τοπικές διενέξεις και μικροψυχίες
 απείλησαν να καταστρέψουν όσα με τόσες θυσίες και κόπους είχαν κερδηθεί στα πεδία των μαχών τα δύο πρώ­
 τα χρόνια. Χρειάστηκε να αποβιβαστεί στην Πελοπόννησο ο Ιμπραήμ Πασάς, για να διαπιστώσουν οι Έλληνες
 πόσο κακό είχαν κάνει μονάχοι τους στην εθνική υπόθεση. Οι
 παρακάτω στροφές από τον «Ύμνο εις την Ελευθερία» του Διο­
 νύσιου Σολωμού εκφράζουν τα αισθήματά του για τις εμφύλιες
 διαμάχες των Ελλήνων:
 Ύμνος εις την Ελευθερία, στροφές 144-145
 «η Διχόνοια που βαστάει
 Ένα σκήπτρο η δολερή.
 Καθενός χαμογελάει,
 Πάρ’ το, λέγοντας και σύ.
 Κειό το σκήπτρο που σας δείχνει
 Έχει αλήθεια ωραία θωριά.
 Μην το πιάστε, γιατί ρίχνει
 Εισέ δάκρυα θλιβερά».
 Διονυσίου Σολωμού. Άπαντα, τόμ. 1, Ποιήματα,
 Αθήνα 1993, στ΄ έκδοση, σ. 95.
",history,6,7,7.355065039034189,0.0590535280474283,7,7.302411644394056,0.0556158822059932,3,3.0003795322788847,0.0002714031418112,6,5.7459270014645085,0.0600184842890626,4,4.41769220292008,0.0761903705251233,4,3.562340080620345,0.0551255974760308,7,7.167047786209977,0.0654461788720743,7.989007249164615,7,6.886848509642235,0.0291912641066528,7.996396091024508,3.6,13.3,44.07885484681064,0.000888147
349,349,190,191,"1. Οι μορφές αντίστασης
 Το ΕΑΜ κυκλοφόρησε τον Σεπτέμβριο του 1942 ένα ολιγοσέλιδο κείμενο στο οποίο παρουσίαζε τις επιδιώξεις του. Συντάκτης
 του κειμένου ήταν ο παιδαγωγός Δημήτρης Γληνός. Απόσπασμα από αυτό είναι το κείμενο που ακολουθεί.
 Οι μορφές της πάλης είναι άπειρες. Αρχίζουνε από τις πιο απλές ενέργειες [...] και φτάνουν ως την ένοπλη σύγκρουση στο πεδίο
 της μάχης. [...] Πρώτα-πρώτα η άρνηση κάθε συνεργασίας με τους ξένους. [...] Ν’ αποφεύγετε να τους μιλάτε, ν’ αποφεύγετε να δίνετε κάθε πληροφορία [...]. Κάθε δουλική προθυμία στην εξυπηρέτησή τους είναι εγκληματική. [...] Ν’ αποφεύγετε όσο μπορείτε
 κάθε συναλλαγή με τους ξένους καταχτητές, κάθε αγοραπωλησία. [...] Να κυνηγάτε και να στιγματίζετε όλους τους χαφιέδες, τους
 προδότες, τους καταδότες, τους συνεργάτες της Γκεστάπο και των Καραμπινιέρων να τους περιβάλλετε με την κοινή καταφρόνηση και με την απειλή της φοβερώτερης τιμωρίας. [...]
 Περνώντας τώρα στην ενεργητική αντίσταση, πρέπει να αγωνίζεστε για τα δικαιώματά σας, κάθε στιγμή [...]. Τα απεργιακά κινήματα είναι η σπουδαιότερη μορφή της ομαδικής πάλης και η αποτελεσματικότερη. [...] Αν σκύβαμε το κεφάλι θα είμαστε πεθαμένοι και ελεεινοί δούλοι του κατακτητή. [...] Μα η ενεργητική αντίσταση προχωρεί όλο και σε ανώτερες μορφές πάλης, φτάνοντας
 ως τον ανταρτοπόλεμο [...] και τέλος ως την μαζική ένοπλη αντίσταση, όταν θα παρουσιαστεί η κατάλληλη στιγμή.
 Δ. Γληνού, Τι είναι και τι θέλει το Εθνικό Απελευθερωτικό Μέτωπο;, Αθήνα 1942, σ. 59-62.
",history,12,8,7.946536866761914,0.0167722388899363,8,7.561740836075842,0.0552639577768033,4,3.9890140865064723,0.004858693709418,7,6.918591105236594,0.0231501404404677,4,4.449852803209069,0.079985153179169,4,3.978259836085499,0.0140401901374085,8,7.936823039113143,0.0191815542356679,7.001696948045719,7,6.997945779843121,0.0011835351651317,7.9991875057658035,1.1,12.7,41.056320400500624,0.000891911
350,350,155,156,"Μια παράσταση αρχαίου θεάτρου
 Στην Αθήνα γιορτάζονται αυτόν τον καιρό οι μεγάλες γιορτές
 του Διονύσου. Οι θεατρικοί αγώνες διαρκούν τέσσερις μέρες:
 τρεις για τον διαγωνισμό της τραγωδίας και μια για τις κωμωδίες. Όλοι σηκώνονται πολύ πρωί, για να μπορέσουν να πιάσουν
 μια καλή θέση, αφού οι πιο πολλοί πολίτες της πόλης θα είναι
 εκεί. Πριν από λίγο καιρό μοιράστηκαν τα θεωρικά κι έτσι όλοι
 μπορούν να πάρουν ένα εισιτήριο για να παρακολουθήσουν τις
 παραστάσεις: φτωχοί και πλούσιοι, γυναίκες, νέοι και μέτοικοι.
 Σε κάθε σπίτι ετοιμάζονται τα φαγητά  και τα ποτά που θα πάρουν μαζί τους
 στο θέατρο, γιατί η μέρα θα είναι μεγάλη. Οι γυναίκες κάθονται στις ψηλότερες κερκίδες του θεάτρου. Πιο κάτω, στις καλύτερες θέσεις κάθονται οι άρχοντες της πόλης και οι ιερείς. Σήμερα (472 π.Χ.) ο ποιητής που μετέχει  στους
 αγώνες είναι ο Αισχύλος που θα παρουσιάσει την τριλογία του «Πέρσες».
 Φέτος οι χορηγοί έδωσαν πολλά χρήματα και, επειδή τα έργα του Αισχύλου είναι πάντα πολύ καλά, θα είναι μια εξαιρετική παράσταση. Αυτοί
 είναι υπεύθυνοι για τους υποκριτές, τον χορό και τα κοστούμια. Ο κόσμος  
 επευφημεί έναν χορηγό, όταν χρηματοδοτεί ένα καλό έργο.
 Οι ηθοποιοί είναι όλοι άντρες. Φορούν μάσκες και έτσι μπορούν να παίζουν και γυναικείους ρόλους βάζοντας και τα κατάλληλα κοστούμια. Οι
 άντρες του χορού μιλούν όλοι μαζί και μόνο ο πρώτος, ο κορυφαίος, μπορεί να συνομιλεί με τους υποκριτές.
 Όλοι βιάζονται! Το θέατρο είναι ήδη γεμάτο! Ο κόσμος αγωνιά να δει   
 ποι­οι θα κερδίσουν φέτος τους αγώνες. Οι νικητές αμείβονται μ’ ένα απλό
 στεφάνι από κισσό. Η δόξα τους όμως φτάνει σε όλα τα σημεία της Ελλάδας.
",history,4,6,6.324008397942972,0.0514110156453062,6,5.999110884031396,0.0194065865648897,3,3.0000165624237525,1.646500016338357e-05,4,4.047353354902199,0.0154442908788325,3,2.9619943195616543,0.0331148103408479,3,3.000425046579096,0.0009235481720865,6,6.029913815932382,0.0108946782838455,7.98901155881174,5,4.922511096439848,0.0315656746717643,7.006665886641713,1.6,9.5,36.86862745,0.000824593
351,351,47,48,"Ο πολιτισμός που αναπτύχθηκε στην ηπειρωτική Ελλάδα κατά την ύστερη Εποχή του
 Χαλκού (1600-1100 π.Χ.) ήταν ο πρώτος μεγάλος ελληνικός πολιτισμός. Την ονομασία του
 επινόησαν οι αρχαιολόγοι από το σημαντικότερο κέντρο της εποχής, τις Μυκήνες.
 Την αρχή του μυκηναϊκού πολιτισμού σημαδεύουν οι πλούσιοι βασιλικοί τάφοι που
 ανέσκαψε στην ακρόπολη των Μυκηνών ο Ερρίκος Σλήμαν. Από την περίοδο των βασιλικών
 τάφων (1600-1450 π.Χ.) δεν έχουν διατηρηθεί σημαντικά κτίσματα που θα μπορούσαν να
 θεωρηθούν ανάκτορα. Τα πρώτα βεβαιωμένα ανακτορικά συγκροτήματα στη μυκηναϊκή
 Ελλάδα φαίνεται πως κτίζονται σχεδόν ταυτόχρονα γύρω στο 1400 π.Χ., όπως προκύπτει
 κυρίως από τις ανασκαφές στις Μυκήνες, την Τίρυνθα, την Πύλο και τη Θήβα. Με αυτά
 εισέρχεται ο μυκηναϊκός πολιτισμός στην ανακτορική του φάση που διήρκεσε δύο αιώνες,
 δηλαδή έως το 1200 π.Χ., οπότε τα ανάκτορα καταστρέφονται ή παρακμάζουν.
 Τα ανάκτορα, χτισμένα συνήθως στην κορυφή οχυρωμένων ακροπόλεων, ήταν τα πολυδύναμα
 διοικητικά κέντρα των διαφόρων επικρατειών στις οποίες είχε χωριστεί η μυκηναϊκή Ελλάδα.
 Το κέντρο πάντως φαίνεται ότι ήταν η Πελοπόννησος και ιδιαίτερα η Αργολίδα.
 Ο μυκηναϊκός πολιτισμός δέχθηκε ευεργετική ώθηση από τον πολιτισμό της μινωικής
 Κρήτης. Έχοντας αναπτύξει οι Μυκηναίοι στενούς δεσμούς με τους Μινωίτες ήδη από τον
 17ο αιώνα π.Χ., υιοθέτησαν από αυτούς και αφομοίωσαν με γόνιμο τρόπο πολλά στοιχεία
 του πολιτισμού τους, χωρίς όμως να χάσουν τη δική τους ταυτότητα. Από τους Μινωίτες
 δανείστηκαν οι Μυκηναίοι ποικίλα τεχνολογικά επιτεύγματα, μορφές τέχνης και την ιδέα
 της γραφής. Όμως, η δημιουργική πνοή και η πρωτοτυπία των Μυκηναίων γίνεται αισθητή
 κυρίως στον τομέα της μνημειακής αρχιτεκτονικής*, όπως είναι οι κυκλώπειες οχυρώσεις των
 ακροπόλεων και οι εντυπωσιακοί θολωτοί τάφοι.
",history,10,8,7.961190475234652,0.0127793904522997,6,6.245227328130717,0.0540409574442829,4,3.996828524628313,0.001721466954858,7,6.55152846212377,0.0629330442402215,4,3.601209966229362,0.0641252441252561,3,3.0059101612903874,0.0029113716142386,8,7.279337927753556,0.0816745062700234,7.22269655683192,7,6.997551768587073,0.0013331931514106,7.996396091024508,2.1,13.8,49.88391118036618,0.001090095
352,352,46,47,"κές προθέσεις. Τέλος, η διοίκηση ορίστηκε ότι θα αποτελούνταν από δύο σώματα με ετήσια θητεία, το Εκτελεστικό (κυβέρνηση), με πέντε μέλη, και το Βουλευτικό, με 70 μέλη. Πρόεδρος του πρώτου εκλέχτηκε ο Αλ. Μαυροκορδάτος και του
 δεύτερου ο Δ. Υψηλάντης. Ωστόσο, στο Βουλευτικό πλειοψηφούσαν οι προεστοί, γεγονός που αποδυνάμωνε τον Υψηλάντη.
 Η Β´ Εθνοσυνέλευση Σε συνθήκες πολιτικής έντασης έγινε στο Άστρος της Κυνουρίας η Β´ Εθνοσυνέλευση (ΜάρτιοςΑπρίλιος 1823). Εγκρίθηκε μια νέα, ελαφρώς τροποποιημένη, εκδοχή του συντάγματος της Επιδαύρου, ο νόμος της Επιδαύρου, καταργήθηκαν όλοι οι τοπικοί οργανισμοί, καθώς και το αξίωμα του αρχιστράτηγου που έφερε έως τότε ο Κολοκοτρώνης. Πρόεδρος του Εκτελεστικού ορίστηκε ο Πετρόμπεης Μαυρομιχάλης και πρόεδρος του Βουλευτικού ο Α.
 3. Η ένοπλη εμφύλια σύγκρουση
 Μετά τον Μάιο του 1824, διάφοροι Πελοποννήσιοι ηγέτες
 Μαυροκορδάτος.
 άρχισαν να καλούν σε ανταρσία. Την ίδια στιγμή οι αντίπαΟ εμφύλιος πόλεμος Η πολιτική ένταση δεν άργησε να
 λοί τους, με επικεφαλής τους αδερφούς Κουντουριώτη και
 οδηγήσει σε εμφύλια σύρραξη, που εκδηλώθηκε το φθινόπωτον Ι. Κωλέττη, προσπαθούσαν να εντάξουν στο στρατόπερο του 1823, αρχικά ως σφοδρή πολιτική σύγκρουση και λίγο
 δό τους Στερεοελλαδίτες οπλαρχηγούς με επιστολές σαν
 αργότερα ως ανοιχτή ένοπλη αναμέτρηση.
 την παρακάτω (πιθανόν συντάχθηκε από τον Ι. Κωλέτη).
 Οι αντιθέσεις ανάμεσα στους Έλληνες που προεπανασταΟι Μωραΐτες ελύσσαξαν από τα πολλά πλούτη, τα οποία
 τικά διέθεταν εξουσία και τώρα επιδίωκαν να τη διατηρήήρπασαν από τους Τούρκους […] και προσπαθούν ν’ αντικασουν (πρόκριτοι, ιεράρχες, Φαναριώτες) και σ’ εκείνους που
 ταστήσουν […] τους μπέηδες και τους αγάδες. Και σεις τρέαναδείχτηκαν στα πεδία των μαχών και θεωρούσαν αυτοχετε αυτού χωρίς ψωμί, χωρίς τσαρούχι, χωρίς φορέματα,
 νόητο δικαίωμά τους την πρωταγωνιστική συμμετοχή τους
 με μίαν παλαιοκάπαν, καταβασανίζεσθε. Τι λοιπόν περιμέστα κοινά (οπλαρχηγοί, Φιλικοί), οι τοπικιστικές αντιθέσεις, οι
 νετε; Άλλην αρμοδιωτέραν και ευτυχεστέραν διά σας πεδιαφωνίες για τη διαχείριση των χρημάτων του δανείου που
 ρίστασιν δεν θέλει εύρετε ποτέ, διά να πλουτίσετε μεγάλοι
 και μικροί. Τώρα άνοιξαν διά σας δύο πηγαί πλούτου, οι λίείχε συναφθεί στην Αγγλία και οι καθαρά προσωπικές αντιρες του δανείου και τα πλούσια λάφυρα του Μωρέως.
 παλότητες και φιλοδοξίες γέννησαν την εμφύλια διαμάχη.
 Πηγή: Δ. Κόκκινος, Η Ελληνική Επανάστασις, Μέλισσα, τόμ.
 Αρχικά (φθινόπωρο 1823-καλοκαίρι 1824) συγκρούστηκαν
 4, Αθήνα 1959-1960, σ. 509.
 δύο παρατάξεις με επικεφαλής τους Θεόδωρο Κολοκοτρώνη, αντιπρόεδρο του Εκτελεστικού, και Αλέξανδρο Μαυροκορδάτο, πρόεδρο του Βουλευτικού. Όταν ο τελευταίος εξασφάλισε την υποστήριξη των ισχυρότερων προκρίτων της
 4. Πολιτικόν Σύνταγμα της Ελλάδος
",history,12,8,8.000737710667352,0.0007284630407744,7,7.097234395586611,0.0310975533407271,4,4.000067882841904,8.682974575149588e-05,7,6.999840011708329,0.0001261139182562,5,4.959687465452589,0.1014410607997674,3,3.124448718889198,0.0308130428824172,8,8.000536307773928,0.000728018429614,7.025951720802823,7,6.99981846987157,0.0001839153696726,7.998673717360816,3.0,15.8,53.81159420289856,0.001054488
353,353,249,250,"Πλάκα από τον
 βωμό του Δία και
 της Αθηνάς στην
 Πέργαμο. Η Μοίρα
 αγωνίζεται εναντίον
 φιδόμορφου Γίγαντα.
 Τα βαριά, γεμάτα
 χοντρές πτυχώσεις
 ενδύματα της θεάς,
 τα μυώδη σώματα, οι
 πλούσιοι πλόκαμοι
 των μαλλιών, τα
 συσπασμένα από
 την αγωνία και
 την ένταση της
 μάχης πρόσωπα
 των Γιγάντων, οι
 ορμητικές κινήσεις,
 αποτελούν τα
 βασικά γνωρίσματα
 του ελληνιστικού
 «μπαρόκ» (Βερολίνο,
 Μουσείο Περγάμου).
",history,10,8,7.999890269793809,0.0003593426299143,8,8.005283984048503,0.005298984251499,4,4.000322249543387,0.0011223145641469,7,6.999389517505648,0.0004525156288817,6,5.380523718107725,0.1010010188510417,5,4.842638316396915,0.0360694611308787,8,8.00135440541544,0.0015676282027104,7.000702680705217,7,7.022930924037951,0.0088259555787378,7.995413213238791,3.9,15.2,54.47031963,0.001108672
354,354,234,235,"Ερωτήσεις-Δραστηριότητες
 1. Κ αταγράψτε τις διαφορές που παρουσίαζε το κράτος της Μακεδονίας
 από τα αντίστοιχα ελληνιστικά.
 2. Π οιοι είναι οι Γαλάτες προς τους
 οποίους ο Απόστολος Παύλος απευθύνει σχετική επιστολή; (Ζητήστε
 περισσότερες πληροφορίες από τον
 θεολόγο καθηγητή του σχολείου σας).
 3. Τι ήταν η «πύρρεια νίκη» και με ποια
 σημασία χρησιμοποιούμε τον όρο αυτό σήμερα; Δώστε ένα παράδειγμα.
 Η εκστρατεία του
 Πύρρου στη Δύση.
",history,10,8,7.851849073944503,0.0337357971406616,7,7.044320371819822,0.0278750128466823,4,3.990299417595452,0.0043971829872438,7,6.978172183667539,0.0083543234274626,3,3.184135471121408,0.0449782931273657,3,3.017974319068344,0.0072667942084398,8,7.92414952374051,0.0217408081700458,7.201811403228589,7,6.999052414672633,0.0006059418162746,7.999941214004053,2.6,13.6,42.67857142857143,0.00067949
355,355,88,89,"ασμού των συνειδήσεων του λαού και νοθεύσεως των εκλογών, και λέγομεν ύστερον, ότι
 δεδομένο ότι οι δημόσιοι υπάλληπταίει ο λαός διά την τοιαύτην κατάστασιν. Τι δύναται ο λαός κατ’ αυτής; Ουδέν άλλο ή
 λοι δεν ήταν μόνιμοι, πολλοί πολίνα επαναστατήση· αλλά τις ο δυνάμενος να κατακρίνη ευλόγως τον λαόν διότι την επανάστασιν θεωρεί ως έσχατον καταφύγιον, και πριν ή προέλθη εις αυτήν ζητεί να ίδη
 τες πίεζαν τους βουλευτές για να
 εξαντλούμενα όλα τα προληπτικά μέσα.
 εξασφαλίσουν κάποιο διορισμό στο
 Αν δεν πταίει ο λαός, πταίουν οι πολιτευόμενοι, λέγουσιν οι άλλοι, και η εξαχρείωσις
 δημόσιο. Καθώς δεν υπήρχαν συαυτών ευθύνει το Έθνος, αφού ούτοι εις το Έθνος ανήκουσιν. Απαντώμεν ότι η διαγωγή
 γκροτημένα κόμματα, οι βουλευτές,
 των πολιτευομένων θα ηύθυνε το Έθνος, αν η Ελλάς αυτοδιοικείτο, αλλ’ αφού διά της
 με τη σειρά τους, στήριζαν με την
 διαστροφής του Συντάγματος και της εικονικότητος της Βουλής κυβερνάται πράγματι η
 ψήφο τους στη Βουλή εκείνον τον
 Ελλάς ως μοναρχία απόλυτος, επόμενον ήτο να καταστώσι και οι πολιτευόμενοι οποίους
 πολιτικό αρχηγό που τους εξασφάδιαπλάττει αυτούς το νόθον καθεστώς.
 Χ. Τρικούπης, «Τις πταίει;», εφημ. Καιροί, 29 Ιουνίου 1874.
 λιζε διορισμούς των οπαδών τους.
 Πηγή: Περί Τρικούπη, Ανάλεκτα, Αθήνα 1912, τόμ. Α´ (ΙΔ´), σ. 428.
 Ο κυριότερος, ωστόσο, παράγοντας
",history,12,10,9.899200471711811,0.0227646873190264,8,8.262411877670083,0.0510791557811296,5,4.979672195016633,0.0079827789696325,7,7.150137546979915,0.0343401966909396,7,6.950469689348097,0.0201121680980155,6,5.679073109670298,0.0504385543373692,10,9.507773018737243,0.0623193710509374,7.8670346041557195,8,7.8657330845135505,0.038491426916813,7.201830463684928,3.4,13.2,46.45281124497992,0.000959444
356,356,79,80,"ΕΝΟΤΗΤΑ 17
 Ο Ι. Καποδίστριας ως κυβερνήτης της Ελλάδας (1828-1831).
 Η ολοκλήρωση της ελληνικής επανάστασης (1829)
 Ο Ιωάννης Καποδίστριας εκλέχτηκε κυβερνήτης της Ελλάδας από την Εθνοσυνέλευση της Τροιζήνας (άνοιξη 1827) και στις αρχές του 1828 ήρθε στο Ναύπλιο. Η κατάσταση που βρήκε ήταν τραγική.
 Η χώρα ήταν κατερειπωμένη και ο λαός εξαθλιωμένος. Ληστές και πειρατές έλεγχαν μεγάλες περιοχές, ενώ αιγυπτιακός στρατός παρέμενε στη ΝΔ Πελοπόννησο και τουρκικός στη Στερεά Ελλάδα.
 Πολίτευμα και διοίκηση Ο Καποδίστριας ανέστειλε την ισχύ του συντάγματος της Τροιζήνας και
 συγκέντρωσε στα χέρια του όλες τις εξουσίες. Έκρινε ότι αυτό ήταν αναγκαίο για να αντιμετωπιστούν τα επείγοντα προβλήματα της χώρας. Η Δ´ Εθνοσυνέλευση (Άργος, καλοκαίρι 1829) επικύρωσε
 αυτές τις αποφάσεις και έθεσε τις βασικές αρχές μιας μελλοντικής συνταγματικής αναθεώρησης.
 Ένοπλες δυνάμεις Ο Κυβερνήτης ασχολήθηκε ιδιαίτερα με τη συγκρότηση τακτικών ενόπλων
 1. Ιωάννης
 δυνάμεων, καθώς έπρεπε να εκκαθαρισθεί η Στερεά Ελλάδα από τον τουρκικό στρατό αλλά και
 Καποδίστριας
 να αντιμετωπιστούν σοβαρά προβλήματα εσωτερικής τάξης (ληστεία, πειρατεία). Ορισμένοι από
 τους αγωνιστές αξιοποιήθηκαν για τη δημιουργία τακτικού στρατού. Επιπλέον, ιδρύθηκε ο Λόχος των Ευελπίδων, πρόδρομος της σημερινής Στρατιωτικής Σχολής Ευελπίδων. Παράλληλα, έγιναν τα πρώτα βήματα για την οργάνωση τακτικού πολεμικού ναυτικού και καταπολεμήθηκε η πειρατεία χάρη και στη δράση του Ανδρέα Μιαούλη.
 Οικονομία Ο Καποδίστριας σχημάτισε ένα πρώτο κρατικό ταμείο, το οποίο προήλθε από εισφορές Ελλήνων του
 εξωτερικού και φιλελλήνων. Κατόπιν προχώρησε, με τη συνεργασία του φίλου του Γαλλοελβετού τραπεζίτη Εϋνάρδου,
 στην ίδρυση τράπεζας και στην κοπή νομίσματος, του φοίνικα. Παράλληλα, εφάρμοσε αυστηρή λιτότητα στις δημό-
",history,12,8,7.9708237668653155,0.0106801209786055,7,6.7089173008427,0.0580644770967585,4,3.9770230722800193,0.008786743641524,7,6.957314385431346,0.0113887382823323,3,3.500117508134281,0.0674443501248215,3,3.000056742321931,5.222682114627912e-05,8,7.917749868495463,0.0198931726086369,7.294212429131676,7,6.999315996207088,0.0004501323410509,7.999087097401343,1.9,15.0,55.98688811188811,0.001066237
357,357,89,90,"ο γραμ­
 ματιστής: ο
 δάσκαλος που
 μάθαινε στα
 παιδιά
 ανάγνωση,
 γραφή και
 αριθμητική.
 ο κιθα­
 ριστής: ο
 δάσκαλος της
 μουσικής.
",history,4,3,3.0242972071350493,0.0092708832394715,4,3.999953479773268,4.244030409595312e-05,1,1.2689421230502902,0.0467528009596682,3,3.0949058751793928,0.0395314912582059,2,2.000385794995452,0.024924028434705,2,2.001165946141697,0.0011460817791081,3,3.0087986511837244,0.0039141131484281,8.000169282284332,4,4.416873940499499,0.0900784191358973,7.437793099065317,0.1,8.3,40.5,0.000832668
358,358,7,8,"πολιτική εξουσία πρέπει να βρίσκεται στα
 4. Ο Μοντεσκιέ και η διάκριση των εξουσιών
 χέρια του λαού κι όχι κάποιου ηγεμόνα.
 Υπάρχουν σε κάθε κράτος τρία είδη εξουσίας: η νομοθετική, η εκτελεστική
 Η γενική βούληση, όρος που πρότεινε ο
 που εξαρτάται από το δίκαιο των εθνών (εκτελεστική εξουσία), και η εκτεΡουσό, είναι η σύνθεση των ατομικών βουλήλεστική που εξαρτάται από το αστικό δίκαιο (δικαστική εξουσία). […] Δεν
 σεων μέσα από την οποία εκφράζεται το δηυπάρχει ελευθερία όταν συμπίπτουν στο ίδιο πρόσωπο ή στο ίδιο διοικητικό
 μόσιο συμφέρον. Η γενική βούληση εκφράζεσώμα, η νομοθετική με την εκτελεστική δύναμη […]. Δεν υπάρχει, επίσης,
 ελευθερία αν η δικαστική δύναμη δεν είναι χωρισμένη από τη νομοθετική και
 ται με τη συμμετοχή του λαού στη λήψη των
 την εκτελεστική. […] Όλα θα ήταν χαμένα αν ο ίδιος άνθρωπος ή το ίδιο σώμα
 αποφάσεων.
 […], ασκούσε τις τρεις αυτές εξουσίες.
 Τέλος, η διάκριση των εξουσιών υπήρξε
 Το πνεύμα των νόμων (1748).
 συμβολή του Μοντεσκιέ. Οι φορείς της εξουΠηγή: Γ.Δ. Ζιούτος, Μοντεσκιέ, Σύγχρονη Εποχή, Αθήνα 1993, σ. 333-334.
 σίας θα πρέπει να είναι διαφορετικοί: η
 εκτελεστική εξουσία να ασκείται από το σώμα που εφαρμόζει τους νόμους (κυβέρνηση), η νομοθετική από το σώμα που θεσπίζει τους νόμους (βουλή) και η δικαστική
 από εκείνους που ελέγχουν την τήρηση των νόμων (δικαστές). Έτσι, πίστευαν οι υποστηρικτές της διάκρισης των εξουσιών, δεν θα ήταν εύκολο οι εκάστοτε φορείς της εκτελεστικής εξουσίας να συγκεντρώσουν τόση δύναμη ώστε να κάνουν
 κατάχρησή της.
 Οι θέσεις του Διαφωτισμού επηρέασαν, με διάφορους τρόπους, την πολιτική πραγματικότητα του 18ου αιώνα και πολλές από αυτές (π.χ. διάκριση των εξουσιών) αποτελούν θεμέλια των σύγχρονων δημοκρατιών.
 Ορισμένοι μονάρχες εφάρμοσαν κάποιες από τις ιδέες του Διαφωτισμού (περιορισμός των προνομίων των ανώτερων τάξεων, λήψη μέτρων κοινωνικής πρόνοιας, ενίσχυση των Γραμμάτων και των Τεχνών) για να κάνουν το κράτος
 τους πιο αποτελεσματικό και να ισχυροποιήσουν, έτσι, την εξουσία τους. Αυτή η παραλλαγή απόλυτης μοναρχίας ονομάστηκε φωτισμένη δεσποτεία. Κύριοι εκπρόσωποί της υπήρξαν ο Φρειδερίκος Β´
 5. Ο Βολτέρος για την ανεξιθρησκία
 της Πρωσίας, η Μαρία Θηρεσία της ΑυΑπευθύνομαι σε σένα, Θεέ, που δημιούργησες όλα τα όντα. […] Κάνε αυτοί
 που ανάβουν κεριά με το φως της ημέρας για να σε λατρέψουν να ανέχονται
",history,12,8,7.955999378620504,0.0160150169484308,7,7.09409743228025,0.0263553565802506,4,3.9999396432240246,7.75164460464158e-05,6,6.268181958569379,0.047129605066563,6,6.292570924020765,0.0643872465642495,5,4.679158179147635,0.0504202655246508,8,7.934847761206328,0.0192175945883417,7.132961266028246,7,6.979643026367484,0.0079909643022287,7.997525612682125,2.8,12.9,48.28484054172128,0.000990299
359,359,3,4,"Δωριέων: η
 μετακίνηση
 των Δωριέων
 από τον βορρά
 της χώρας
 προς τον νότο.
 οι είλωτες:
 οι παλιοί
 κάτοικοι της
 Σπάρτης που
 έγιναν δούλοι.
 η διάλεκτος:
 η γλώσσα που
 μιλούν οι
 κάτοικοι
 κάποιας
 περιοχής·
 σήμερα μιλάμε
 για ποντιακή,
 τσακωνική,
 κυπριακή
 διάλεκτο.
",history,4,7,6.769580244742372,0.0478277198245407,4,5.690634345985018,0.0780873717610086,3,2.8175744800158093,0.0381486995443199,4,4.026495876905756,0.0124204994261687,4,4.031537989521894,0.049555459797887,3,2.679183397131709,0.0503935430851305,6,5.8970248498714,0.040563739417665,7.966911613091554,5,5.616525309753342,0.095896693068673,7.06743285349512,1.4,10.7,45.16666666666667,0.000878222
360,360,32,33,"Τον 7ο και 6ο αιώνα π.Χ. ο ελληνικός κόσμος γνώρισε μεγάλη οικονομική ανάπτυξη. Οι πόλεις στολίστηκαν με λαμπρά κτίρια. Τη μεγαλύτερη εντύπωση έκαναν οι ναοί, με τους οποίους οι άνθρωποι θέλησαν να τιμήσουν τους θεούς. Οι ρυθμοί με τους οποίους χτίστηκαν
 οι ναοί ήταν δύο, ο δωρικός και ο ιωνικός. Η διαφορά ανάμεσά τους
 ήταν κυρίως στους κίονες (κολόνες).
 Τεχνίτες με ξεχωριστές ικανότητες σκάλιζαν το μάρμαρο κι έφτιαχναν αγάλματα που παρίσταναν κούρους και κόρες. Οι κούροι εικονίζουν γυμνούς νέους άνδρες, με τα χέρια κολλημένα στα πλάγια
 του σώματος. Το ένα πόδι είναι
 πιο μπροστά από το άλλο, έτσι
 που νομίζει κανείς ότι το άγαλμα είναι έτοιμο να περπατήσει.
 Οι κόρες είναι νεαρές γυναίκες
 ντυμένες με ελαφριά ρούχα και
 καλοχτενισμένες.
 Την αρχαϊκή εποχή αναπτύχθηκε και το εμπόριο. Έμποροι
 απ’ όλα τα μέρη της Μεσογείου
 και του Εύξεινου Πόντου μεταφέρουν και πουλάνε πολλά προϊόντα. Η ανάγκη για αποθήκευση και μεταφορά   του κρασιού
 και του λαδιού έφερε και την
 ανάπτυξη της αγγειοπλαστικής.
 Πολλοί καλλιτέχνες έγιναν γνω1. Ο κούρος της
 Αναβύσσου
 (Αθήνα, Εθνικό
 Αρχαιολογικό
 Μουσείο)
",history,4,6,6.096911052660683,0.0257980886548975,7,7.232173366215647,0.0668640859679307,3,3.0000511410168684,4.5118632938735166e-05,4,4.042116924792936,0.0140867497882116,4,3.8402379206600017,0.057131072766519,3,3.0010158195700285,0.0006690808639351,6,6.003758341212688,0.0019862953109762,7.992421760063948,5,4.7587049872449825,0.0462793978424925,7.000879193787114,0.7,9.6,41.55972927241963,0.000817527
361,361,166,167,"2. Το εργατικό κίνημα στην Ελλάδα κατά τον Μεσοπόλεμο
 Στις παραμονές και τα πρώτα χρόνια από την ίδρυση της ΓΣΕΕ, το κύριο
 χαρακτηριστικό του συνδικαλιστικού κινήματος ήταν αφενός η επέκτασή
 του σε νέους κλάδους και η αριθμητική του ανάπτυξη, και αφετέρου η δυσανάλογα αδύναμη οργανωτική του μορφή. Η ΓΣΕΕ, ως τριτοβάθμια οργάνωση του συνδικαλιστικού κινήματος, δεν προήλθε ως φυσικό επακόλουθο
 και επιστέγασμα της ανάπτυξης των δύο προηγούμενων βαθμίδων. Από την
 άποψη αυτή ήταν μετέωρη ― αισθανόταν περισσότερο τους ανέμους που
 έπνεαν στις κορυφές της πολιτικής παρά τους κραδασμούς της βάσης. Η
 συμμετοχή όμως των αρχέγονων ελληνικών σωματείων στην ίδρυση μιας
 εθνικής συνομοσπονδίας είχε και μια άλλη σημασία: Οι εργάτες αυτοί αναγνώριζαν τον εαυτό τους όχι με κριτήριο το επάγγελμά τους αλλά με έναν
 όρο που εμπεριείχε την πολιτική του χρήση. Αναγνωρίζονταν ως ιδιαίτερη
 τάξη.
 Α. Λιάκος, Εργασία και πολιτική στην Ελλάδα του Μεσοπολέμου, Ίδρυμα
 Έρευνας και Παιδείας της Εμπορικής Τράπεζας της Ελλάδος, Αθήνα 1993,
 σ. 105.
",history,12,8,8.002280377726265,0.0016163035893802,8,7.881016421859243,0.0294930582348727,4,4.00009269360703,8.27986107960733e-05,7,6.999986377189714,1.948298421463365e-05,5,4.812961690748125,0.0870819735506147,3,3.0373335894519187,0.0128006384533099,8,8.000969733117927,0.0012993739848536,7.000618454901996,7,7.000028548841364,4.7412203921245415e-05,7.997410686286457,6.3,18.0,52.83887283236994,0.00094813
362,362,23,24,"ΕΝΟΤΗΤΑ 4
 H τελευταία φάση της γαλλικής επανάστασης (1794-1799)
 και η εποχή του Ναπολέοντα (1799-1815)
 Η τρίτη και τελευταία φάση της γαλλικής επανάστασης, 1794-1799 Μετά την εκτέλεση του Ροβεσπιέρου, ο έλεγχος της
 Συμβατικής πέρασε στα χέρια των μετριοπαθών, των Θερμιδοριανών (από τον μήνα Θερμιδόρ, κατά τον οποίο επικράτησαν).
 Τα περισσότερα από τα ριζοσπαστικά μέτρα των Ορεινών καταργήθηκαν και η επανάσταση επέστρεψε στις αρχικές θέσεις
 της. Οι Θερμιδοριανοί ψήφισαν νέο σύνταγμα (1795). Σύμφωνα με αυτό, η άσκηση της εκτελεστικής εξουσίας ανατέθηκε σ’
 ένα πενταμελές συμβούλιο, το Διευθυντήριο. Αυτό, προκειμένου να αντιμετωπίσει τη δύσκολη κατάσταση, αναζήτησε τη στήριξη των στρατηγών που είχαν αναδειχθεί στα χρόνια της επανάστασης.
 Η εποχή του Ναπολέοντα, 1799-1815 Τελικά, στις 9 Νοεμβρίου 1799 ο Ναπολέων Βοναπάρτης, αναμφισβήτητα ο πιο
 λαοφιλής, ο πιο ικανός, αλλά και ο πιο φιλόδοξος από τους Γάλλους στρατηγούς, κατέλαβε την εξουσία, με τη συγκατάθεση του Διευθυντηρίου. Έτσι, η μετριοπαθής αστική τάξη εμπιστεύτηκε έναν ηγέτη που έδειχνε ικανός να δημιουργήσει ένα σταθερό εσωτερικό καθεστώς και να κάνει σειρά πολέμων για την εδραίωση της γαλλικής κυριαρχίας στην
 Ευρώπη. Αρχικά, ο Ναπολέων ανακηρύχθηκε Πρώτος Ύπατος (1799-1804) και αργότερα Αυτοκράτορας (1804-1815). Αν και
 το πολίτευμα τυπικά δεν άλλαξε, ο Ναπολέων κυβερνούσε ως απόλυτος μονάρχης.
 Ο νέος ηγέτης της Γαλλίας εφάρμοσε σειρά μεταρρυθμίσεων στη διοίκηση, στην εκπαίδευση και στην οικονομία, επιδιώκοντας να ελέγξει την κρατική μηχανή, αλλά και να την κάνει πιο αποτελεσματική. Το 1804 θεσπίστηκε ένας νέος νομικός κώδικας, ο Ναπολεόντειος Κώδικας, στον οποίο διατηρούνταν, με τη μορφή νόμων, ορισμένες από τις αρχές της γαλλικής επανάστασης. Ο Ναπολεόντειος Κώδικας διαδόθηκε σε όλη την Ευρώπη από τις γαλλικές στρατιές και παραμένει
 μέχρι σήμερα η βάση του νομικού συστήματος τόσο της Γαλλίας όσο και πολλών άλλων ευρωπαϊκών κρατών.
 Παράλληλα, η Γαλλία του Ναπολέοντα, αντιμέτωπη κατά καιρούς με όλες σχεδόν τις σημαντικές ευρωπαϊκές δυνάμεις, κατόρθωσε να θέσει υπό τον έλεγχό της, ένα μεγάλο μέρος της Ευρώπης.
 Ο Ναπολέων, εκτιμώντας ότι ο κύριος αντίπαλος ήταν η Αγγλία, εφάρμοσε, από το 1806, τον ηπειρωτικό αποκλεισμό,
 εμποδίζοντας τη διακίνηση αγγλικών εμπορευμάτων σε όλα τα ευρωπαϊκά λιμάνια. Σε αντίποινα, η Αγγλία εφάρμοσε
 Γαλλική αυτοκρατορία
 Κράτη υπό τον έλεγχο του Ναπολέοντα
 Σύμμαχοι με τον Ναπολέοντα
 Ανεξάρτητα κράτη
 Σημαντικές συγκρούσεις
 της ναπολεόντειας εποχής
",history,12,8,7.433218858377667,0.0630240766739016,6,6.269929945517056,0.0471437201434294,4,3.9988405438998598,0.0007381542926854,7,6.887038561126246,0.0293110914885962,4,3.813101094254307,0.0636953206141349,4,3.9933383757544902,0.0032548740834629,6,6.37691804615972,0.0449713432828048,7.987568435878984,7,6.995946924094824,0.0020959870542105,7.998495996497468,5.5,18.4,60.29457364341086,0.001255663
363,363,39,40,"ον 16ο αιώνα πολλοί Κερκυραίοι, Κρητικοί και ιδίως οι πάντα ανυπότακτοι Μανιάτες πολέμησαν τους Οθωμανούς Τούρκους είτε στο πλευρό των Βενετών και των Ισπανών είτε
 μόνοι τους, με επιχειρήσεις στην ξηρά και στη θάλασσα. Μάλιστα, στη σημαντική Ναυμαχία
 της Ναυπάκτου το 1571, κατά την οποία ο τουρκικός στόλος καταστράφηκε ολοκληρωτικά
 από τους Δυτικούς, συμμετείχαν και ελληνικά πλοία.
 Επίσης, το 1600 ο Μητροπολίτης Λαρίσης Διονύσιος, γνωστός ως Φιλόσοφος, ξεσήκωσε τους υπόδουλους Έλληνες στην ορεινή Θεσσαλία. Το κίνημά του όμως απέτυχε και
 ο ίδιος διέφυγε στη Ρώμη και έπειτα στην Ισπανία ζητώντας ενισχύσεις. Εννέα χρόνια αργότερα επέστρεψε στην τουρκοκρατούμενη Ελλάδα, παροτρύνοντας τους κατοίκους της Θεσπρωτίας να εξεγερθούν.
 Οι Βενετοί, από την πλευρά τους, πολιόρκησαν την Αθήνα και το 1699 κατέλαβαν σχεδόν όλη την Πελοπόννησο, η οποία όμως πέρασε ξανά στην κατοχή των Οθωμανών ύστερα από δύο δεκαετίες. Έκτοτε η Βενετία σταμάτησε να παίζει ενεργό ρόλο στις ελληνικές
 υποθέσεις.
 Τον 18ο αιώνα ανέλαβε δράση η Ρωσία. Οι ελπίδες των υποδούλων αναπτερώθηκαν,
 καθώς από την εποχή της Άλωσης κυκλοφορούσαν διαδόσεις για το «ξανθό γένος» του
 Βορρά που θα απελευθέρωνε τους Έλληνες. Το 1770 οι αδελφοί Ορλώφ έφτασαν στη
 Μάνη με Ρώσους και Έλληνες στρατιώτες, ενώ παράλληλα ο πρόκριτος Ιωάννης Βλάχος ή
 Δασκαλογιάννης ξεσήκωσε τα Σφακιά της Κρήτης. Στη Ναυμαχία του Τσεσμέ (στη σημερινή
 Τουρκία, απέναντι από τη Χίο) ο ολιγάριθμος ορθόδοξος στόλος νίκησε τους Οθωμανούς,
 αλλά οι συγκρούσεις τερματίστηκαν με τη Συνθήκη του Κιουτσούκ Καϊναρτζή (1774). Η
 συνθήκη αυτή είναι πολύ σημαντική, αφού η Ρωσία θεώρησε πως απέκτησε το δικαίωμα να
 παρεμβαίνει στα εσωτερικά της Οθωμανικής Αυτοκρατορίας, προκειμένου να προστατεύσει
 τους Χριστιανούς που ζούσαν εκεί. Επίσης, οι Έλληνες έμποροι απέκτησαν το δικαίωμα να
 υψώνουν στα καράβια τους τη ρωσική σημαία.
 Με παρόμοιο τρόπο έδρασε λίγα χρόνια αργότερα και ο Λάμπρος Κατσώνης, που καταγόταν από τη Λιβαδειά και ήταν αξιωματικός του ρωσικού στρατού. Με ορμητήριο το νησί
 Κέα, έπλεε στο Αιγαίο με έναν μικρό στόλο, κάνοντας επιθέσεις εναντίον τουρκικών πλοίων. Στις ναυτικές επιχειρήσεις ήταν μαζί του και ο κλέφτης Γεώργιος Ανδρίτσος, ο πατέρας
 του ήρωα της Επανάστασης Οδυσσέα Ανδρούτσου.
 Στα τέλη του 18ου αιώνα, λόγω της διάδοσης των φιλελεύθερων ιδεών της Γαλλικής
 Επανάστασης, οι ελπίδες των Ελλήνων για απελευθέρωση στράφηκαν και προς τους Γάλλους του Ναπολέοντα. Τον επαναστατικό αναβρασμό ενίσχυσαν και διάφορα δημοσιεύματα Ελλήνων Διαφωτιστών υπέρ των Γάλλων. Ωστόσο, πολύ σύντομα και αυτές οι ελπίδες
 διαψεύστηκαν. Γύρω στο 1800, οι υπόδουλοι Έλληνες είχαν πια συνειδητοποιήσει πως
 κάθε πρωτοβουλία για απελευθέρωση έπρεπε να προέλθει από τους ίδιους.
",history,6,8,7.984056904096292,0.0067049732254845,7,6.623636148672532,0.053831782439462,4,3.9998537076608045,0.0002443197782438,7,6.853616900768074,0.0349464557554132,4,4.514676196401524,0.0725494943806199,3,3.0021757722934126,0.0012557394192828,8,7.997146090439273,0.0016883661961743,7.245080373775579,7,6.999547712402602,0.0003888587531851,7.997521129847826,4.0,15.7,55.29911894273128,0.001140927
364,364,100,101,"η αφορμή: η
 δικαιολογία
 που χρησιμοποιεί κάποιος
 για να κάνει
 κάτι.
 ο εμφύλιος:
 ο πόλεμος που
 γίνεται
 ανάμεσα σε
 ανθρώπους
 του ίδιου
 κράτους.
",history,4,5,5.012547795788123,0.0036831415021474,4,4.010390784344054,0.0030028952516364,2,1.9999200303802294,0.0002542598104786,4,3.998286353358708,0.0137783312902449,3,2.6401457579340786,0.0583542406228408,3,2.9941989402688662,0.0029974226080243,5,5.208287924640899,0.0275049934537442,7.989012081791429,4,5.35001947843557,0.0762699012532388,7.222672078518372,0.7,8.7,46.833333333333336,0.000829619
365,365,229,230,"Με την ψήφιση νέου συντάγματος (7 Ιουνίου 1975), θεσπίστηκε το πολίτευμα της προεδρευόμενης κοινοβουλευτικής
 δημοκρατίας, που ισχύει και σήμερα στη χώρα μας.
 Παράλληλα, οι πρωτεργάτες της δικτατορίας οδηγήθηκαν
 σε δίκη και οι κορυφαίοι ανάμεσα σ’ αυτούς καταδικάστηκαν
 σε θάνατο, επειδή, καταλύοντας τη δημοκρατία, διέπραξαν
 έγκλημα εσχάτης προδοσίας, δηλαδή πρόδωσαν την πατρίδα. Ωστόσο, η ποινή τους μετατράπηκε σε ισόβια, καθώς
 κρίθηκε ότι δεν ήταν αναγκαία η εκτέλεσή τους.
 Επίσης, από τη νέα κυβέρνηση πραγματοποιήθηκαν:
 – η επίσημη ένταξη της Ελλάδας στην ΕΟΚ (υπογράφτηκε
 στις 28 Μαΐου 1979 και άρχισε να ισχύει από την 1η Ιανουαρίου 1981), καθώς ο Κ. Καραμανλής εκτιμούσε ότι η κίνηση
 5. Στιγμιότυπο από τη δίκη των δικτατόρων.
 αυτή ήταν ένας ακόμη τρόπος για να σταθεροποιηθούν οι
 δημοκρατικοί θεσμοί και ότι αυτό θα εξυπηρετούσε μακροπρόθεσμα την ασφάλεια της χώρας
 – η επανένταξη της Ελλάδας στο στρατιωτικό σκέλος του ΝΑΤΟ (1980)
 – εκπαιδευτική μεταρρύθμιση, η οποία, μεταξύ άλλων, αύξησε τη βασική υποχρεωτική εκπαίδευση από έξι σε εννιά χρόνια
 – η αναγνώριση της δημοτικής ως γλώσσας της εκπαίδευσης και ως επίσημης γλώσσας του κράτους.
 Τέλος, οι κυβερνήσεις Καραμανλή χρειάστηκε να αντιμετωπίσουν, ιδίως κατά την περίοδο 1974-1977, σοβαρά οικονομικά προβλήματα. Πολλά από αυτά ήταν επιπτώσεις της μεγάλης διεθνούς πετρελαϊκής κρίσης του 1974 (ξαφνική
 αύξηση των διεθνών τιμών του πετρελαίου), ενώ άλλα είχαν κληροδοτηθεί από τη δικτατορία. Παρά τα κυβερνητικά
 μέτρα, που βελτίωσαν κάπως την κατάσταση, δεν ξεπεράστηκε η κρίση, που οφειλόταν, σε μεγάλο βαθμό, στην αρνητική διεθνή συγκυρία. Παράλληλα, οι κυβερνήσεις Καραμανλή πήραν μέτρα αναδιοργάνωσης της οικονομίας και ενίσχυσης των υποδομών της χώρας.
 Πριν ολοκληρωθεί η δεύτερη τετραετία διακυβέρνησής του, ο Κ. Καραμανλής αποφάσισε να παραιτηθεί και να διεκδικήσει την εκλογή του στη θέση του Προέδρου της Δημοκρατίας, όπου και εκλέχθηκε (5 Μαΐου 1980).
 3. H ομιλία του Κωνσταντίνου Kαραμανλή κατά την τελετή υπογραφής
 της συνθήκης προσχωρήσεως της Eλλάδας στην EOK,
 28 Μαΐου 1979 [αποσπάσματα]
",history,12,8,7.997790912812334,0.0013754908172163,7,6.713014576012597,0.0587085678219822,4,3.9999499009545616,4.678964078976923e-05,6,6.034161500359872,0.0639198455855582,5,5.0265276802772405,0.0774838409413007,4,3.970777904625237,0.0107777011997231,8,7.959247517696497,0.0137487130821576,7.407330460594096,7,6.956729433955843,0.0144197153094775,7.998071749031908,4.6,16.9,56.30619241482752,0.001165812
366,366,62,63,"παράθεμα 2 Η παλικαριά των Αθηναίων στον Μαραθώνα
 Μόλις δόθηκε το σύνθημα, οι Αθηναίοι όρμησαν τρέχοντας εναντίον
 των Περσών. Η απόσταση που χώριζε τους δύο στρατούς δεν ήταν
 μικρότερη από 1500 μέτρα. Οι Πέρσες βλέποντάς τους να έρχονται
 καταπάνω τους τρέχοντας ετοιμάζονταν να τους αντιμετωπίσουν.
 Πίστευαν μάλιστα πως οι Αθηναίοι θα οδηγούνταν στον αφανισμό,
 γιατί ήταν λίγοι και δεν είχαν ιππικό ούτε τοξότες για να τους υποστηρίξουν. Τέτοια ταπεινωτική γνώμη σχημάτισαν γι’ αυτούς οι Πέρσες.
 Οι Αθηναίοι, μόλις ήρθαν στα χέρια με τους εχθρούς, μάχονταν με
 εξαιρετική παλικαριά. Πραγματικά, απ’ όσο είμαστε σε θέση να ξέρουμε, πρώτοι αυτοί απ’ όλους τους Έλληνες επιτέθηκαν τρέχοντας
 εναντίον των εχθρών. Και πρώτοι μάλιστα δε φοβήθηκαν στη θέα της
 μηδικής στολής και των αντρών που τη φορούσαν. Παλιότερα βέβαια
 και μόνο που άκουγαν το όνομα Μήδοι κυριεύονταν από φόβο.
 Ηρόδοτος, Ιστορία, ΣΤ ´, 112 (διασκευή)
 3. Μαρμάρινη προτομή του Μιλτιάδη
 (Ραβέννα, Αρχαιολογικό Μουσείο)
",history,4,7,6.595261642094428,0.0553013778076414,6,5.42972684591814,0.0693514697983113,3,2.999995428370312,9.776899856649163e-06,5,4.566413610481035,0.0565102008401691,2,2.005694267693798,0.0027748926655858,3,3.099117161911863,0.0360385314507461,6,6.003651812192402,0.0019807294822495,7.9669127900606895,5,4.8417292037697734,0.051644247068008,7.003993655205704,1.5,11.7,47.25,0.000914826
367,367,138,139,"Τα μάτια τους είναι κόκκινα απ’ την αγρύπνια,
 μια βαθειά χαρακιά σφηνωμένη ανάμεσα στα φρύδια τους
 σαν ένα κυπαρίσσι ανάμεσα σε δυο βουνά το λιόγερμα.
 Το χέρι τους είναι κολλημένο στο ντουφέκι
 το ντουφέκι είναι συνέχεια του χεριού τους
 το χέρι τους είναι συνέχεια της ψυχής τους έχουν στα χείλια τους απάνου το θυμό
 κ’ έχουνε τον καημό βαθιά-βαθιά στα μάτια τους
 σαν ένα αστέρι σε μια γούβα αλάτι.
 Όταν σφίγγουν το χέρι, ο ήλιος είναι βέβαιος για τον κόσμο
 όταν χαμογελάνε, ένα μικρό χελιδόνι φεύγει μες απ’ τ’ άγρια γένεια τους
 όταν κοιμούνται, δώδεκα άστρα πέφτουν απ’ τις άδειες τσέπες τους
 όταν σκοτώνονται, η ζωή τραβάει την ανηφόρα με σημαίες και με ταμπούρλα.
 Τόσα χρόνια όλοι πεινάνε, όλοι διψάνε, όλοι σκοτώνονται
 πολιορκημένοι από στεριά και θάλασσα,
 έφαγε η κάψα τα χωράφια τους κ’ η αρμύρα πότισε τα σπίτια τους
 ο αγέρας έρριξε τις πόρτες τους και τις λίγες πασχαλιές της πλατείας
 από τις τρύπες του πανωφοριού τους μπαινοβγαίνει ο θάνατος
 η γλώσσα τους είναι στυφή σαν το κυπαρισσόμηλο
 πέθαναν τα σκυλιά τους τυλιγμένα στον ίσκιο τους
 η βροχή χτυπάει στα κόκκαλά τους».
 Γιάννης Ρίτσος, Ποιήματα 1930 - 1960, Β΄, Κέδρος 1961.
",history,6,8,8.017672263388917,0.0065287196391349,10,9.15801730051964,0.0866192153744193,5,5.016461921502923,0.0081255780528427,7,6.999989527546607,0.0001085594244329,7,7.261925836075534,0.0493433890244991,6,5.562112970196779,0.055072765255464,8,8.067343414395225,0.0172525439877296,7.000157514081366,7,7.067508851065639,0.0198903151312245,7.985271379124697,11.1,21.0,62.294009216589856,0.001485663
368,368,128,129,"B Οι πηγές αφηγούνται...
 1. Ημερήσια Διαταγή του Διοικητή του Αποσπάσματος Πίνδου Συνταγματάρχη Κων. Δαβάκη προς τους
 αξιωματικούς του (3 Σεπτεμβρίου 1940)
 «Ο Λεωνίδας εις τας Θερμοπύλας, ο Διάκος στην Αλαμάνα είναι ηρωισμοί άφθαστοι, που σπανίως η ιστορία
 έχει να παρουσιάση. Εμπνευστήτε λοιπόν από το δίκαιον (;) της αποστολής μας, από την ιστορίαν μας και
 εμπνεύσατε και τους στρατιώτας σας. Καθένας από σας να πεισθή βαθέως ότι από αυτόν και μόνον εξαρτάται
 η επιτυχία. Και έαν όλοι από των Διοικήσεων μέχρι του τελευταίου Ημιονηγού ούτω σκεφθώσι και αναλόγως
 πράξωσι, η επιτυχία είναι εξησφαλισμένη. Μη σας τρομάζη η τυχόν υλική υπεροχή του αντιπάλου. Τον υλικόν
 αξίζει όσον και οι άνδρες που το χειρίζονται. Και ξέρετε πολύ καλά τι είδος άνδρες θα χειρισθούν το υλικό του
 αντιπάλου. Οι Επαναστάται του ’21 με ξύλα και δρεπάνια αντιμετώπισαν Στρατόν της εποχής επιστημονικώς
 οπλισμένον χάρις εις το εξυψωμένον ηθικόν των... Σήμερον εμείς με οπλισμόν σχεδόν ισάξιον του αντιπάλου θα
 υστερήσωμεν των προγόνων μας; Με το ανώτερον ηθικόν μας, με το δίκαιον του αγώνος μας, με τη δύναμιν του
 Θεού, θα εξέλθωμεν νικηφόροι της δοκιμασίας. Η πίστις μετακινεί όρη: φαντασθήτε τι κάμνει όταν πρόκειται
 να ωρισθή αντιμέτωπος των Ιταλών».
 Θεόδωρος Α. Νημάς, Τρικαλινά, τόμ. 28, Τρίκαλα 2008, σ. 171.
",history,6,8,7.999088657049874,0.0005924310590855,7,7.059155307559195,0.0493170925740738,4,3.9999307351577045,6.887764465577344e-05,7,6.851254282504467,0.0351353843122364,4,3.623951300600311,0.0680361207736712,3,3.1627885613415856,0.0368692293315451,8,7.998254902881001,0.0010878565635222,7.000256072764387,7,6.995313663122488,0.0023005805822127,7.99680501714829,1.8,11.2,44.310924369747895,0.000928386
369,369,113,114,"Η Ελλάδα στον 19ο αιώνα
 ΑΝΑΚΕΦΑΛΑΙΩΣΗ
 •	Ο Όθωνας ήταν ο πρώτος βασιλιάς της Ελλάδας από το 1833 έως το
 1862. Τον διαδέχθηκε το 1863 ο Γεώργιος ο Α΄.
 •	Το 1844 ο Όθωνας υποχρεώθηκε να παραχωρήσει Σύνταγμα, το οποίο
 περιόριζε τις εξουσίες του βασιλιά προς όφελος του Κοινοβουλίου.
 •	Τα σύνορα του πρώτου ανεξάρτητου ελληνικού κράτους ήταν περιορισμένα. Προκειμένου να επεκταθούν τα σύνορα και να απελευθερωθούν οι
 υπόδουλοι Έλληνες, προωθήθηκε η πολιτική της «Μεγάλης Ιδέας».
 •	Τον 19ο αιώνα οι κυβερνήσεις προσπάθησαν να εκσυγχρονίσουν τη χώρα.
 Την περίοδο της πρωθυπουργίας του Χαρίλαου Τρικούπη κατασκευάστηκαν πολλά μεγάλα έργα. Όμως οι μεγάλες οικονομικές δαπάνες οδήγησαν τελικά την Ελλάδα σε χρεοκοπία.
 •	Στη διάρκεια του 19ου αιώνα, εκτός από τους Έλληνες, αρκετοί ακόμη
 βαλκανικοί λαοί κέρδισαν την ελευθερία τους και σχημάτισαν δικά τους
 εθνικά κράτη.
",history,6,6,6.0533286521506255,0.0169317921481843,6,5.960203738115624,0.0145477980250341,3,3.042087447643951,0.0140151489188952,7,6.9790677762626245,0.0063389385058224,3,3.3964406848738236,0.0582195897776708,3,3.0000453805079497,6.314559155899449e-05,6,6.008841454378853,0.0040844743842131,7.985934929106008,7,6.999575625690383,0.0003040694043319,7.999281894397043,1.7,12.6,47.94736842105263,0.000920994
370,370,48,49,"Ο λαός της Αθήνας ζητούσε να καταργηθούν τα χρέη και να ξαναμοιραστεί η γη. Λύση όμως σ’ αυτό το πρόβλημα δεν ήταν εύκολο να
 βρεθεί, γι’ αυτό και γίνονταν συχνά συγκρούσεις.
 Τότε, οι ευγενείς ζήτησαν από τον Σόλωνα, έναν πολύ αγαπητό στον
 λαό ποιητή, να λάβει κάποια μέτρα. Κι εκείνος πήρε γενναίες αποφάσεις.
 Κατάργησε όλα τα χρέη των αγροτών. Απαγόρευσε μάλιστα να γίνεται
 κάποιος δούλος, επειδή δεν είχε να πληρώσει τα χρήματα που είχε δανειστεί. Με τις ενέργειες αυτές του Σόλωνα έφυγε ένα βάρος από τους
 ώμους του φτωχού λαού. Ο νόμος του αυτός ονομάστηκε σεισάχθεια.
 Στη συνέχεια, ο Σόλωνας θέλησε να αφαιρέσει κι άλλη δύναμη από
 τους ευγενείς. Χώρισε τους πολίτες σε τέσσερις τάξεις με βάση τα
 εισοδήματά τους και όχι την καταγωγή τους. Μ’ αυτό τον τρόπο απέκτησαν δικαιώματα περισσότεροι πολίτες, αφού δεν έπαιρναν πια αξιώματα μόνο οι ευγενείς.
",history,4,6,6.008604075471244,0.0075502624293853,6,5.999280039801867,0.0073835900078772,3,3.0000501166957747,4.6379408467510166e-05,4,4.349039165895533,0.0522770179706515,3,3.2715300927590647,0.0488465804390708,3,2.9999281449084503,0.0001440396193957,6,6.000489146485052,0.0004726406221233,7.996826484510535,5,4.961508885488911,0.0259289414961701,7.0051527362375055,1.2,8.8,38.8013468,0.00084062
371,371,11,12,"παράθεμα 1 Σκληρή μονομαχία
 Είπε ο Έκτορας και τίναξε το κοντάρι του
 και χτύπησε τη φοβερή ασπίδα του Αίαντα.
 ... Δεύτερος ο Αίαντας τίναξε το μακρύ κοντάρι του
 και χτύπησε τη στρογγυλή ασπίδα του Έκτορα.
 Τρύπησε η δυνατή αιχμή τη λαμπρή ασπίδα
 κι ήρθε και διαπέρασε τον όμορφο θώρακα
 και στα πλευρά του έσχισε τον χιτώνα.
 Εκείνος όμως έσκυψε και γλίτωσε τον μαύρο θάνατο.
 Τότε αμέσως εκείνοι τράβηξαν απ’ τις ασπίδες τους τα δόρατά τους.
 Όμηρος, Ιλιάδα, Η , στ. 244-257 (ελεύθερη απόδοση)
",history,4,6,6.01079415508821,0.005427954843203,8,7.934203073586104,0.0207917642963471,3,2.999941928934277,6.445611473894939e-05,4,4.3783062701994595,0.0537259744064985,4,4.7119440929964185,0.1030264581922623,4,3.713055084233474,0.0586921935669941,6,6.005111793397809,0.0026977216298729,7.974040885264202,5,5.294946522202281,0.0707777818026035,7.015701396187069,0.7,8.0,33.50595238095238,0.00086585
372,372,165,166,"Επειδή λοιπόν κανείς δεν τόλμησε να πει οτιδήποτε άλλο, εκτός από το ότι πρέπει να
 υπακούσει στους άρχοντες της πατρίδας και να κάνει εκείνα για τα οποία ήλθε, τούτος
 πήγε στον Κύρο και του ζήτησε μισθό για τους ναύτες. Εκείνος όμως του είπε να περιμένει
 δύο μέρες. Ο Καλλικρατίδας τότε, δυσαρεστημένος με την αναβολή και οργισμένος με
 τις συχνές επισκέψεις στην κατοικία του Κύρου, είπε ότι οι Έλληνες είναι πανάθλιοι,
 επειδή κολακεύουν τους βαρβάρους λόγω χρημάτων, και ισχυρίστηκε πως, αν γυρίσει
 σώος στην πατρίδα, θα κάνει ό,τι μπορεί για να συμφιλιώσει τους Αθηναίους και τους
 Λακεδαιμονίους. Ύστερα απέπλευσε προς τη Μίλητο κι από κει έστειλε στη Λακεδαίμονα
 τριήρεις, για να ζητήσει χρήματα.
 Ξενοφών, Ελληνικά, Α, VI, 5-6 (μετ. Α. Παπαγεωργίου)
 Στο συνέδριο οι Κορίνθιοι και άλλοι σύμμαχοι ζητούν να ισοπεδωθεί
 η Αθήνα και οι κάτοικοί της να πουληθούν ως δούλοι. Οι Σπαρτιάτες
 όμως, αναλογιζόμενοι την προσφορά της Αθήνας κατά τους
 Περσικούς πολέμους, δεν άκουσαν τη γνώμη των συμμάχων και
 δέχθηκαν να συνάψουν ειρήνη με τους παρακάτω βαρείς όρους:
 α) Οι Αθηναίοι να παραδώσουν όλα τους τα πλοία εκτός από 12.
 β) Να κατεδαφιστούν τα Μακρά τείχη και τα τείχη του Πειραιά.
 γ) Να επανέλθουν όλοι οι πολιτικοί εξόριστοι.
 δ) Οι Αθηναίοι να ακολουθούν τους Σπαρτιάτες και να έχουν τους
 ίδιους εχθρούς και φίλους.
 Το τέλος του
 Το τέλος του πολέμου αναδεικνύει τη Σπάρτη νικήτρια. Όμως στην πραγματικότητα ολόκληρη
 πολέμου
 η Ελλάδα εξέρχεται βαθύτατα τραυματισμένη. Πόλεις έχουν ερειπωθεί, η ύπαιθρος έχει
 εγκαταλειφθεί από τους κατοίκους της, οι νεκροί ανέρχονται σε χιλιάδες. Όμως ο πόλεμος
 Τα αποτελέσματα
",history,10,8,7.989066084703843,0.0049101423628751,8,7.932605194617601,0.0200256875253391,4,3.9994485651657214,0.0003791868712137,,,7.581793824202634e-12,,,0.0041264064891521,3,3.320893123560836,0.0504287805201562,8,7.973914839501958,0.0097671419878515,7.164510014609277,7,6.991563721247985,0.003883317188187,7.99477561630556,3.3,12.7,47.156370656370655,0.001022462
373,373,99,100,"«Καλότυχο το γένος των πουλιών
 που τον χειμώνα δε χρειάζονται
 κάπες, μα έχουν τα φτερά τους
 κι ούτε τα καίνε οι λαμπερές
 ζεστές ακτίνες του καλοκαιριού,
 μα κατοικούνε στ’ ανθισμένα
 λιβάδια μες στις φυλλωσιές,
 όταν ο τζίτζικας ο εξαίσιος,
 τρελός από τον ήλιο, τραγουδάει
 στις ζέστες του μεσημεριού».
 Αριστοφάνης, Όρνιθες
 (διασκευή)
",history,4,7,7.044403969427012,0.0205494650495954,4,5.088203536521178,0.0747731383108668,3,3.0000439845501887,0.0001901339055317,5,4.664440381746857,0.0628411789739287,7,5.466587348841131,0.1188950976294252,3,3.019802222773251,0.0090812708265589,7,7.259427473765903,0.0573277792141215,7.990284344620704,7,6.7447954260212555,0.0472886617363997,7.995816087653992,6.2,17.2,60.07142857142857,0.001312292
374,374,83,84,"Οι Δωριείς που κατευθύνθηκαν προς
 τα νότια της Πελοποννήσου κατέλαβαν
 τη Λακωνική και ίδρυσαν ένα ισχυρό κράτος
 με κέντρο τη Σπάρτη. Αργότερα, σε μια
 προσπάθεια να διευρύνουν την επικράτειά
 τους, ήλθαν σε σύγκρουση με τους Μεσσήνιους, τους οποίους τελικά υπέταξαν
 ύστερα από μακροχρόνιους πολέμους
 (8ος-7ος αιώνας π.Χ.). Ισχυρός αντίπαλος
 της Σπάρτης, με τον οποίο συγκρούστηκε
 πολεμικά, ήταν και το Άργος. Μετά τους
 Χάρτης
 του κράτους
 πολέμους αυτούς η ζωή στη Σπάρτη άλλαξε.
 της Σπάρτης
 Το εμπόριο με τις άλλες περιοχές σταμάτησε
 και οι σχέσεις περιορίστηκαν. Σιγά-σιγά η πόλη της Σπάρτης «κλείστηκε» στον εαυτό της και
 πήρε τη μορφή στρατοπέδου.
 Κοινωνικές τάξεις
 Στην εσωτερική ζωή του κράτους πλήρη δικαιώματα είχαν οι Σπαρτιάτες, στους οποίους είχε
 μοιραστεί η γη. Κύριες απασχολήσεις τους ήταν τα πολιτικά πράγματα και η πολεμική τέχνη.
 Με το εμπόριο
 ασχολήθηκαν
",history,10,7,6.784509009635258,0.0452454792314138,7,6.747851125209991,0.0541955771265796,3,3.0600867212222056,0.0182456382450061,5,5.108962537776165,0.0549183609609119,4,3.9590842058005364,0.0479923143526122,3,3.0203262074014674,0.0079852816555655,6,6.187762407082573,0.0396605779199724,7.977021850516394,6,5.757022129825145,0.0853113809888706,7.029305670812391,1.9,12.2,45.27012987012987,0.00095743
375,375,12,13,"προβάτων ή φυτά όπως το λινάρι.
 Συγχρόνως, με τη γεωργική ενασχόληση
 οι άνθρωποι εγκαταλείπουν τη νομαδική
 ζωή. Επιλέγουν τη μόνιμη εγκατάσταση και χτίζουν σπίτια με ξύλα, πλίνθους ή
 πέτρες. Συγκεντρώνονται και δημιουργούν
 τα πρώτα χωριά. Οι κάτοικοί τους είναι γεΤο Δισπηλιό, όπως
 ωργοί που κατασκευάζουν μόνοι τους ό,τι
 εμφανίζεται σήμερα,
 με αναπαράσταση
 χρειάζονται. Γρήγορα, όμως, οι άνθρωποι
 μιας λιμναίας καλύβας
 ειδικεύονται. Δίπλα στους γεωργούς παρου(5.200 π.Χ.)
 σιάζονται οι τεχνίτες. Ανταλλάσσουν τα
 προϊόντα τους με τρόφιμα και έτσι αναπτύσσεται σταδιακά ένα είδος οικιακής οικονομίας.
 Στον ελλαδικό χώρο οι μεταβολές της νεολιθικής περιόδου αρχίζουν να γίνονται ορατές γύρω
 Η Νεολιθική εποχή στο 6500 π.Χ. Νεολιθικοί οικισμοί έχουν εντοπιστεί σε περιοχές της Θεσσαλίας και της Μακεδονίας,
 στην Ελλάδα
 σε βραχώδεις τοποθεσίες των νησιών, σε παρυφές ορεινών όγκων, σε σπήλαια, σε παραλιακές
 και παραλίμνιες περιοχές. Ο πιο συνηθισμένος χώρος προϊστορικού οικισμού για τις περιοχές
 της Μακεδονίας και της Θεσσαλίας είναι ο τεχνητός λοφίσκος που ονομάζεται «τούμπα» και
 «μαγούλα». Παράλληλα αναπτύσσεται ο επίπεδος οικισμός ο οποίος στη νότια Ελλάδα καταλαμβάνει μεγάλη έκταση. Λιμναίος
 οικισμός έχει ανασκαφεί στη θέση
 Δισπηλιό στην Καστοριά. Ξύλινοι πάσσαλοι στήριζαν επίσης ξύλινες πλατφόρμες επάνω στις οποίες
 στηρίζονταν τα σπίτια.
 Στη βόρεια Ελλάδα τα σπίτια των
 νεολιθικών οικισμών, κατά κανόνα,
",history,10,7,7.434539544942977,0.0562227156377858,7,6.751342946001387,0.0858325140302619,3,3.0002305721956883,0.000173785003476,4,4.038552043155505,0.0085918003819312,4,3.704233471642283,0.0572316014065413,3,3.201816148833359,0.0403901081771067,7,6.9411426389062285,0.0570776709650274,7.993302968860064,7,6.9308355796720775,0.0202800963497348,7.974019555220366,1.0,13.7,50.5224359,0.000932443
376,376,51,52,"2. Η καταστροφή του Ιερού Λόχου
 «Έτσι χάθηκε μέσα σε λίγη ώρα μία από τις γλυκύτερες ελπίδες της Ελλάδας, ο Ιερός Λόχος. Αλλά, έστω
 και αν νικήθηκε, αφού εγκαταλείφθηκε μόνος και τόσο ολιγάριθμος απέναντι σε υπεράριθμο εχθρό,
 επιβεβαίωσε, υπό την ηγεσία πατριώτη και γενναιόψυχου αρχηγού, του Νικολάου Υψηλάντη, τι μπορεί
 να κατορθώσει το πατριωτικό αίσθημα, η στρατιωτική τάξη και η αγάπη προς κάθε τι το ευγενές νέων
 καλής ανατροφής, έστω κι αν αυτοί μόλις είχαν επιστρατευθεί και μόλις είχαν διδαχθεί τη χρήση της
 λόγχης. Ως τέτοιος ο νέος Ιερός Λόχος αναδείχθηκε αντάξιος της τιμής του αρχαίου και όπως εκείνος
 γράφτηκε στην αρχαία ελληνική ιστορία, έτσι και αυτός γράφτηκε στη νέα, γενόμενος σε μικρογραφία
 το πιστό αντίγραφο του πρωτοτύπου. Ευτυχισμένες οι ψυχές των ιερολοχιτών! Με όση προθυμία και
 τιμή προσήλθατε σφάγια ιερά υπέρ της πατρίδας, με τόση χάρη να δεχθείτε από τις ουράνιες δυνάμεις
 την τιμή εκείνη, την οποία ως οφειλή προσφέρει στο όνομα και τη μνήμη σας το σύνολο των γνήσιων
 βλαστών της Ελλάδας».
 Ιωάννου Φιλήμονος, Δοκίμιον Ιστορικόν περί της Ελληνικής Επαναστάσεως, Αθήνα 1859, σ. 183.
 (Απόδοση στα νέα ελληνικά)
",history,6,8,7.999269858415744,0.0005892524819225,8,7.974502098421908,0.0103540981223089,4,3.999463679625478,0.0003934846537261,7,6.573333503889131,0.0625692639122869,6,5.443896175100235,0.1019813681368274,3,3.148365974920736,0.0338023710993375,8,7.997659270936651,0.0015063050681846,7.002178770411319,7,6.947952079524839,0.0166360695611665,7.9913509666512255,6.2,16.5,50.034188034188034,0.000950153
377,377,125,126,"Από τα Σούσα ο Μ. Αλέξανδρος πήγε στη
 Βαβυλώνα, την οποία ήθελε να κάνει πρωτεύουσα του κράτους του. Εκεί τον επισκέφτηκαν αντιπρόσωποι από διάφορα μέρη
 για να τον συγχαρούν και να του δηλώσουν
 ότι θέλουν να γίνουν σύμμαχοί του. Πολλές
 ελληνικές πόλεις έστειλαν αντιπροσωπείες
 να τον στεφανώσουν με χρυσά στεφάνια.
 Ξαφνικά ο Μ. Αλέξανδρος αρρώστησε βα­
 ριά. Οι προσπάθειες των γιατρών δεν είχαν  
 κανένα αποτέλεσμα και ο ασθενής χειροτέρεψε. Ετοιμοθάνατος καθώς ήταν, ζήτησε
 να δει τους στρατιώτες του, με τους οποίους είχε μοιραστεί τόσες χαρές και λύπες.
 Ένας ένας όλοι οι στρατιώτες πέρασαν από
 μπροστά του και τον αποχαιρέτησαν. Ο θάνατός του (323 π.Χ.) προκάλεσε μεγάλη θλίψη σε όλο το στράτευμα.
 Η είδηση του θανάτου του διαδόθηκε
 γρήγορα. Το απέραντο κράτος έμεινε χωρίς αρχηγό και φαινόταν ότι δύσκολα θα
 παρέμενε ενωμένο.
 Η μεγάλη εκστρατεία είχε αλλάξει τη
 μορφή του κόσμου. Τον στρατό, καθώς
 προχωρούσε, ακολουθούσαν ιστορικοί, γεωγράφοι, μηχανικοί, καλλιτέχνες. Από τη
 μεγάλη αυτή εκστρατεία οι άνθρωποι έμαθαν πολλά για τις νέες χώρες, το κλίμα
 τους, τα φυτά, τα ζώα.
 Ο Μ. Αλέξανδρος σε διάφορα σημεία
 των περιοχών που κατέκτησε ίδρυσε πολ-
",history,4,6,6.0380190235021445,0.0132822801517187,6,6.439812650770335,0.0568473879612303,3,3.0024718897762277,0.0013915041481573,4,4.3792420159144,0.053862219120979,4,3.9535018824469716,0.0392212204256352,3,3.003498043917432,0.0019913217728923,6,6.000392777831166,0.0002883086678727,7.99781698986078,5,4.945257013716514,0.0457141055270524,7.003565357856132,0.3,9.1,40.66666666666667,0.000851577
378,378,104,105,"Οι Ίωνες και οι Αιολείς μόλις κατακτήθηκε η Λυδία από τους Πέρσες, έστειλαν αντιπροσωπεία στις Σάρδεις δηλώνοντας στον Κύρο ότι ήθελαν να γίνουν υπήκοοί του με τους
 ίδιους όρους που ήταν πριν με τον Κροίσο. Εκείνος, αφού άκουσε τις προτάσεις τους, τους
 διηγήθηκε έναν μύθο: « Ένας αυλητής βλέποντας ψάρια στη θάλασσα άρχισε να παίζει
 τον αυλό του, γιατί νόμιζε ότι θα βγουν στην ξηρά. Έπεσε όμως έξω στους υπολογισμούς
 του. Πήρε τότε ένα δίχτυ και, αφού έπιασε πάρα πολλά, τα τράβηξε έξω. Κι όταν τα είδε
 να πηδούν, είπε σε αυτά: Σταματήστε να χορεύετε. Όταν έπαιζα προηγουμένως τον αυλό
 δε θελήσατε να βγείτε έξω». Τον μύθο αυτό είπε στους Ίωνες και στους Αιολείς, γιατί
 προηγουμένως οι Ίωνες, όταν τους ζήτησε με απεσταλμένους να αποστατήσουν κατά
 του Κροίσου, δεν δέχτηκαν. Τώρα μπροστά σε τετελεσμένο γεγονός ήταν πρόθυμοι να
 Ηρόδοτος, Ιστορία, 1. 141.
 υπακούσουν. Αυτά τα έλεγε γεμάτος οργή. 
 Σημ.: Μετά από αυτά οι Ίωνες άρχισαν να χτίζουν τείχη και παράλληλα έστειλαν πρέσβεις
 στη Σπάρτη, ζητώντας βοήθεια.
",history,10,8,7.731007762263282,0.0468152681920126,8,7.987863505765549,0.005588199735431,4,3.9947809408682815,0.0026220607015697,7,6.94786398293769,0.0166601307654417,4,4.487866765197396,0.0726547041142926,3,3.269117492353759,0.0468320205721525,8,7.699512307613736,0.0504456956377031,7.012426294195393,7,6.997731254657538,0.0012951621074218,7.993252732405381,2.6,11.0,35.458414681764935,0.000872875
379,379,135,136,"Ο Πύρρος μέσα στη φασαρία της μάχης έβγαλε την κορυφή της περικεφαλαίας του και την έδωσε σ’ έναν από τους
 φίλους του. Ο ίδιος, έχοντας μεγάλη εμπιστοσύνη  στο
 άλογό του, όρμησε εναντίον των εχθρών που έκαναν επίθεση. Ένα δόρυ όμως τον πλήγωσε στον θώρακα, αλλά η
 πληγή δεν ήταν ούτε μεγάλη ούτε αποτελεσματική. Τότε ο
 Πύρρος γύρισε εναντίον εκείνου που τον χτύπησε. Αυτός
 ήταν ένας απλός νεαρός από το Άργος, γιος μιας φτωχής
 γυναίκας. Η μητέρα του νέου παρακολουθούσε τη μάχη
 από τη στέγη. Μόλις είδε τον γιο της να παλεύει με τον
 Πύρρο, φοβήθηκε για τη ζωή του. Πήρε λοιπόν στα χέρια
 της ένα κεραμίδι και το πέταξε στον Ηπειρώτη βασιλιά. Το
 κεραμίδι έπεσε στο κεφάλι του Πύρρου και τον σκότωσε.
 Πλούταρχος, Πύρρος, 34, 5-15 (διασκευή)       
",history,4,7,6.980608313878502,0.010633716885618,7,7.126376389178404,0.0405982301751759,3,3.0004296733291476,0.0003038694788845,5,4.822135990227366,0.0400494652793423,4,4.185798664188951,0.055402308504787,3,3.009647679442196,0.0044475379495975,6,6.028096465270707,0.0104540966691596,7.962671874374649,5,5.445150689331513,0.0675137959200928,7.00123855471611,1.2,7.5,29.66953642384106,0.000819529
380,380,133,134,"παράθεμα 1 Ο Πύρρος συζητάει με τον Κινέα
 Ο Κινέας, ενώ ο Πύρρος ετοιμαζόταν να εκστρατεύσει στην Ιταλία, άνοιξε μαζί του συζήτηση:
 «Πύρρε, λένε πως οι Ρωμαίοι είναι γενναίοι πολεμιστές, αν όμως τους νικήσουμε, σε τι θα μας
 χρησιμέψει η νίκη μας;» O Πύρρος είπε: «Αν νικηθούν οι Ρωμαίοι, θα κατακτήσουμε την πλούσια
 Ιταλία». Ο Κινέας είπε στη συνέχεια: «Τι θα κάνουμε, άμα κατακτήσουμε την Ιταλία;» Ο Πύρρος τού
 απάντησε: «Θα κατακτήσουμε τη Σικελία, που είναι κοντά και μας απλώνει τα χέρια». «Τότε θα τελειώσει η εκστρατεία μας» είπε ο Κινέας. Ο Πύρρος, που δεν είχε καταλάβει πού πήγαινε την
 κουβέντα ο Κινέας, είπε: «Αυτή θα είναι η αρχή για
 νέα κατορθώματα, πιο μεγάλα». «Είναι λοιπόν
 φανερό πως με τέτοια δύναμη που θα έχουμε και
 2. Πολεμική σκηνή από τις εκστρατείες
 τη Μακεδονία θα καταλάβουμε και την Ελλάδα
 του Πύρρου
 θα κυβερνήσουμε. Και όταν τα πετύχουμε όλα
 αυτά, τι άλλο θα κάνουμε;» ρώτησε ο Κινέας. Ο
 Πύρρος, αφού γέλασε, είπε: «Θα έχουμε πολύ χρόνο για ξεκούραση και διασκέδαση και το ποτήρι μας θα είναι γεμάτο κάθε μέρα». Τότε ο Κινέας, που έφερε τη συζήτηση εκεί που ήθελε, είπε:
 «Τι μας εμποδίζει λοιπόν και τώρα να γεμίζουμε το ποτήρι μας και να κάνουμε ευχάριστη παρέα,
 αφού χωρίς κόπους έχουμε όλα αυτά που θα προσπαθήσουμε να αποκτήσουμε με μεγάλες
 θυσίες και αφού προκαλέσουμε και πάθουμε πολλά κακά;»
 Πλούταρχος, Πύρρος,14, αποσπάσματα (διασκευή)
",history,4,7,6.633624703853286,0.0681739832894338,7,6.964159458708195,0.0275487817822326,3,3.1066907285971865,0.0272665759727906,4,4.2470668004961,0.0453840788519025,3,3.5987902249908075,0.0727225943314081,3,2.999991882708855,0.0001068820830229,6,6.003595019546992,0.0017207498931581,7.932452275208419,5,4.958687367568473,0.0399302601286613,7.003533885872457,6.1,14.8,49.310491676345336,0.001193519
381,381,166,167,"έχει διαβρώσει και τον ψυχικό κόσμο των ανθρώπων. Οι ηθικές αξίες έχουν καταρρεύσει,
 οι κοινωνικές δομές έχουν ανατραπεί, η θρησκευτική πίστη έχει αντικατασταθεί από την
 αμφισβήτηση. Ακόμη, ο πόλεμος αυτός έχει επιτρέψει στους Πέρσες να αναμειχθούν στα
 ελληνικά πράγματα.
 Η νύμφη Αρέθουσα
 (Αθήνα, Εθνικό
 Αρχαιολογικό
 Μουσείο). Οι
 Συρακούσιοι, μετά τη
 νίκη τους
 εναντίον των
 Αθηναίων, έκοψαν νέο
 νόμισμα.
",history,10,8,8.000214319155287,0.0003422363557439,8,7.948793176133705,0.0179189405071096,4,3.999942076858133,0.0006403371450486,7,6.999975820285314,4.354051105258382e-05,4,4.296584743617984,0.0592983904083414,4,3.821050847742754,0.0396485473178348,8,8.0018959836666,0.0014698275083042,7.001320570267126,7,7.000484548759118,0.000434541671165,7.988736988219898,0.7,12.5,42.36901408450704,0.00089626
382,382,76,77,"2. Ο χαρακτήρας της αποικιακής εξάπλωσης
 […] Η παγκόσμια επανάσταση, εφόσον ξεχύθηκε από τον διπλό κρατήρα της Αγγλίας και της Γαλλίας [ενν. η βιομηχανική επανάσταση σε
 οικονομικό επίπεδο και η γαλλική επανάσταση σε πολιτικό-ιδεολογικό
 επίπεδο], πήρε αρχικά τη μορφή ευρωπαϊκής επέκτασης και κατάκτησης του υπόλοιπου κόσμου. Πράγματι, η πιο εντυπωσιακή της συνέπεια
 για την παγκόσμια ιστορία ήταν ότι κυριάρχησαν στη Γη μερικά δυτικά
 καθεστώτα (και ιδίως το βρετανικό), γεγονός που δεν έχει παράλληλο
 στην ιστορία. Μπροστά στους εμπόρους, τις ατμομηχανές, τα πλοία και
 τα κανόνια της Δύσης ―και μπροστά στις ιδέες της― οι πανάρχαιοι πολιτισμοί και οι αυτοκρατορίες του κόσμου υποχώρησαν και κατέρρευσαν.
 E.J. Hobsbawm, Η εποχή των επαναστάσεων, μτφρ. Μ. Οικονομοπούλου,
 ΜΙΕΤ, Αθήνα 1990, σ. 14.
",history,12,8,8.00258593623198,0.0021606739769235,8,7.816556639572809,0.0385769358514413,4,4.000425476359396,0.0003077545914193,7,6.9999835649535385,2.1071526090580427e-05,5,4.95452686065255,0.0920031814588715,3,3.0534977264350687,0.0167786083841852,8,8.002706212086196,0.0046474958546953,7.002794552828618,7,7.000071403877314,8.37630879495506e-05,7.999346228030092,3.7,15.7,49.94444444444444,0.00079362
383,383,88,89,"Οι Αθηναίοι ήταν άνθρωποι χαρούμενοι και φρόντιζαν κάθε στιγμή
 να περνούν καλά. Τις ελεύθερες ώρες τους τις περνούσαν στα γυμναστήρια ή στην Αγορά, όπου συζητούσαν τα καθημερινά προβλήματα.
 Τα σπίτια τους ήταν χαμηλά και απλά, χωρίς παράθυρα στον δρόμο. Τα δωμάτια είχαν λίγα έπιπλα, τα πιο απαραίτητα.
 Συνηθισμένη τους τροφή ήταν τα λαχανικά, οι ελιές και τα ψάρια,
 που τότε ήταν άφθονα. Κρέας έτρωγαν στις γιορτές και στις θυσίες
 που έκαναν προς τιμήν των θεών. Όταν διασκέδαζαν, έπιναν κρασί,
 νερωμένο όμως. Αυτό τους έδινε χαρά, χωρίς να μεθάνε.
 Οι γυναίκες έμεναν στο σπίτι κάνοντας διάφορες δουλειές. Είχαν
 να μαγειρέψουν, να ζυμώσουν, να υφάνουν. Σπάνια έβγαιναν έξω,
 κυρίως στη διάρκεια κάποιας επίσημης γιορτής. Αυτό δε σημαίνει
 όμως πως δεν ενδιαφέρονταν για τον εαυτό τους. Πολλές ντύνονταν
",history,4,5,5.15317652836896,0.0351214128271998,6,5.836166705604228,0.0337242882555055,3,2.995929880034396,0.0021252530135904,4,4.029091953734735,0.0108711770877065,3,3.097862604808313,0.0371596342344671,2,2.1480484067802497,0.0336722649355797,6,5.881019368651778,0.0294828799673391,7.987567807643046,4,4.203119669530793,0.041400740979791,7.0158868143225845,0.3,9.3,35.03326403326403,0.000772045
384,384,150,151,"παράθεμα 1 Θα ’ρθει μια μέρα…
 Ο Σκιπίωνας, ο Ρωμαίος στρατηγός, βλέποντας την Καρχηδόνα να καίγεται και να
 πέφτει στην πιο μεγάλη δυστυχία, λένε ότι
 δάκρυσε και έδωσε την εντύπωση ότι κλαίει
 για την τύχη των εχθρών του. Για πολλή
 ώρα κλείστηκε στον εαυτό του και κατάλαβε πως και οι πόλεις και οι λαοί και οι άρχοντες και όλα πρέπει κάποτε, όπως και ο άνθρωπος, να αλλάξουν τύχη. Αυτό συνέβη
 και με το Ίλιο, την πρωτεύουσα της Τροίας,
 που ήταν μια φορά κι έναν καιρό μια ευτυχισμένη πόλη. Το ίδιο συνέβη και με το κράτος των Ασσυρίων, των Μήδων και των Περσών, που στον καιρό τους ήταν τα μεγαλύτερα κράτη. Έτσι έγινε και με το κράτος του
 Αλέξανδρου, που το άστρο του έλαμψε τελευταία. Τότε λοιπόν θυμήθηκε και είπε
 αυτούς τους στίχους του Ομήρου:
 «Θα έρθει μέρα να χαθεί η Τροία η ιερή,
 ο Πρίαμος και ο λαός του
 δυνατού Πριάμου».
 Πολύβιος, 28. 22. 39, 6 (διασκευή)
",history,4,7,7.220040477204826,0.0437411585724016,8,7.463353803810605,0.0734432912978143,4,3.5621780932427214,0.0550408974420436,5,4.887223289752171,0.0381280989031422,4,3.9043385373861383,0.0473660529462516,3,3.119227896904222,0.0293583284141963,8,7.585355590232211,0.063338399189269,7.005905175913995,5,5.565627260399879,0.0777091460949991,7.00114390309318,4.9,11.1,35.690690690690694,0.000811179
385,385,21,22,"1793). Λίγες μέρες αργότερα εγκρίθηκε το σύνταγμα του έτους Ι (24 Ιουνίου 1793).
 Μετά την πτώση των Γιρονδίνων, οι Ορεινοί, με επικεφαλής τον Ροβεσπιέρο, ηγετική φυσιογνωμία των Ιακωβίνων, σχημάτισαν επαναστατική κυβέρνηση. Έχοντας να αντιμετωπίσουν αντεπαναστατικές κινήσεις σε πολλές περιοχές της Γαλλίας, οι
 Ορεινοί αναδιοργάνωσαν τον στρατό, κάνο4. Ο Ροβεσπιέρος για τις αρχές λειτουργίας μιας επαναστατικής κυβέρνησης
 ντάς τον ένα ισχυρό όπλο απέναντι στους
 Η συνταγματική κυβέρνηση ασχολείται κυρίως με την πολιτική ελευθερία. Η επαναεχθρούς της επανάστασης, τόσο τους εξωστατική κυβέρνηση με τη δημόσια ελευθερία. Κάτω από το συνταγματικό καθεστώς, αρτερικούς όσο και τους εσωτερικούς. Παράλκεί σχεδόν το να προστατεύονται τα άτομα από τις καταχρήσεις της δημόσιας δύναληλα, στο όνομα της προστασίας της επαμης. Κάτω από επαναστατικό καθεστώς, η ίδια η δημόσια δύναμη είναι υποχρεωμένη να
 νάστασης, εκτελέστηκαν με συνοπτικές διαπροστατεύει τον εαυτό της από όλες τις φατρίες που της επιτίθενται. Στους καλούς
 δικασίες 40.000 περίπου άνθρωποι που θεπολίτες, η επαναστατική κυβέρνηση οφείλει ολοκληρωμένη προστασία. Στους εχθρούς
 ωρήθηκαν ύποπτοι για αντεπαναστατική
 του λαού, δεν οφείλει παρά μόνο το θάνατο.
 δράση (περίοδος της Τρομοκρατίας). Ακόμη,
 Ροβεσπιέρος, Λόγος στη Συμβατική Εθνοσυνέλευση (1793).
 Πηγή: Μ. Βερέτας (επιμ.), Μαρά, Σεν Ζιστ, Ροβεσπιέρος, Κείμενα, Σύγχρονη Εποχή, Αθήη χριστιανική θρησκεία αντικαταστάθηκε
 να 1989, σ. 219.
 από τη λατρεία του Ανώτατου Όντος, ενώ
 δόθηκαν και νέα ονόματα στους μήνες. Παρά την κάποια βελτίωση που σημειώθηκε στο βιοτικό επίπεδο κυρίως των κατώτερων κοινωνικών στρωμάτων, τα ακραία μέτρα, που σε πολλές περιπτώσεις υιοθετήθηκαν, προκάλεσαν αντιδράσεις. Ο Ροβεσπιέρος βρέθηκε στο στόχαστρο και τελικά
 η Συμβατική αποφάσισε να τον εκτελέσει μαζί με 20 συνεργάτες του (28 Ιουλίου 1794).
",history,12,10,9.756678287960158,0.0476510683691628,8,7.998397608995067,0.0022856364121042,4,4.095325283310558,0.0253042643863314,7,7.002800423824301,0.0015495757182118,6,6.238023238693131,0.0474552521909049,4,3.851996155349269,0.0337053628523418,10,9.726865581676984,0.0469162323939185,7.817574806216385,8,7.679665412502899,0.0506432779954672,7.053403413101137,2.1,15.3,50.65898772490331,0.000963748
386,386,196,197,"ΣΥΝΟΨΗ ΤΟΥ ΚΕΦΑΛΑΙΟΥ
 Το δεύτερο μισό του 4ου αιώνα υπήρξε μια περίοδος έντονων αναταράξεων και ανακατατάξεων για τον ελληνικό
 κόσμο, που πρώτη φορά πραγματοποίησε την ενότητά του
 γύρω από το βασίλειο της Μακεδονίας και κατόρθωσε να
 διαλύσει την περσική αυτοκρατορία. Ο Φίλιππος Β΄ και ο
 γιος του Αλέξανδρος είναι δύο κορυφαίες φυσιογνωμίες του
 ελληνισμού. Ο πρώτος κατόρθωσε να ενώσει τους Έλληνες
 και να τους εμφυσήσει την ιδέα της ταπείνωσης της Περσίας.
 Ο δεύτερος, ο Αλέξανδρος, κατέκτησε την Ανατολή, αλλά
 δε συμπεριφέρθηκε δεσποτικά στους κατακτημένους λαούς.
 Επεδίωξε τη συνύπαρξη κατακτητών και κατακτημένων.
 Με τις πόλεις που ίδρυσε διέδωσε τον ελληνικό πολιτισμό
 στην Ασία. Ο ίδιος επανέφερε και την ελληνικότατη από
 τη Μυκηναϊκή εποχή Κύπρο στους κόλπους του ελληνικού
 κόσμου.
",history,10,7,6.984747696603094,0.0162820032205158,6,5.9349978514740656,0.0244943705684689,4,3.9940890533915763,0.0029093921410353,5,5.416253129353663,0.0720793651571629,3,3.1457099704590377,0.0362921553064724,3,2.999939727420713,7.747745843404226e-05,6,6.192385291152178,0.0406696001009661,7.932452934196334,7,6.958497005251047,0.0139989374013141,7.994724439289712,2.8,13.8,52.537098560354366,0.001008708
387,387,191,192,"πλήγμα στο κύρος των κατακτητών.
 Το φθινόπωρο του 1941 δημιουργήθηκαν οι πρώτες οργανώσεις αντίστασης.
 Το Εθνικό Απελευθερωτικό Μέτωπο (ΕΑΜ), η μεγαλύτερη οργάνωση
 αντίστασης, ιδρύθηκε με πρωτοβουλία του Κομμουνιστικού Κόμματος Ελλάδας (ΚΚΕ) και τη συνεργασία μικρότερων αριστερών κομμάτων. Σύμφωνα με τις διακηρύξεις του, κύριοι σκοποί του ήταν η οργάνωση του αγώνα
 εναντίον των κατακτητών, αλλά και η
 διασφάλιση της δυνατότητας των Ελλήνων να επιλέξουν μόνοι τους, μετά
 την απελευθέρωση, τη μορφή διακυβέρνησης της χώρας.
 Ο Εθνικός Δημοκρατικός Ελληνικός Σύνδεσμος (ΕΔΕΣ) δημιουργήθηκε από τον συνταγματάρχη Ναπο3. Ιταλικό πυροβόλο, λάφυρο στα χέρια μαχητών του ΕΛΑΣ.
 λέοντα Ζέρβα με σκοπό την απελευθέρωση της Ελλάδας και την εγκαθί2. Η Ελληνίδα στον αγώνα για εθνική και κοινωνική ελευθερία
 δρυση μετά τον πόλεμο αβασίλευτης
 «Δεν ντρέπεστε να βγαίνετε κι εσείς οι γυναίκες στα πεζοδρόμια αντί να κάθεστε
 δημοκρατίας.
 στο σπίτι σας να κοιτάξετε τα παιδιά σας», είπε κάποιος ασυνείδητος «Έλληνας» σε
 Παράλληλα, έδρασαν και διάφορες
 μια νέα. Κι αυτή τον κοίταξε με περιφρόνηση και του απάντησε: «Οι Ελληνίδες δεν
 μικρότερες οργανώσεις, με σημαντιμπορούν να είναι σκλάβες και μάνες σκλάβων. Σήμερα ο προορισμός μας είναι ο
 κότερη ανάμεσά τους την Εθνική Και
 αγώνας για τη ζωή και τη λευτεριά όλων των παιδιών της Ελλάδας». Με το στόμα
 Κοινωνική Απελευθέρωση (ΕΚΚΑ), τη
 της απαντούν όλες οι Ελληνίδες.
 μόνη από αυτές που διέθετε ένοπλο
 «Ηρωίδες του ’43», Γυναικεία δράση, 25-3-43.
 τμήμα με επικεφαλής τον συνταγμαΠηγή: Τ. Βερβενιώτη, Η γυναίκα της Αντίστασης, Οδυσσέας, Αθήνα 1994, σ. 275-276.
 τάρχη Δημήτρη Ψαρρό.
 Τον Φεβρουάριο του 1942 ιδρύθηκε, με πρωτοβουλία του ΕΑΜ, ο Εθνικός Λαϊκός Απελευθερωτικός Στρατός (ΕΛΑΣ). Στις αρχές Ιουνίου του 1942 μια
 ομάδα ανταρτών με επικεφαλής έναν κομμουνιστή γεωπόνο από τη Λαμία, τον Θανάση Κλάρα, που έγινε γνωστός
",history,12,8,7.567012367068145,0.0667255964345114,7,6.986040824710017,0.0093188596629949,3,3.348646336817069,0.0519269315168826,5,5.011588617290045,0.0296373895625664,5,4.652731830443372,0.0750697080896803,3,3.0075763807864178,0.00357853455501,8,7.590284269442101,0.0559739715110746,7.0293076639002265,6,5.963419891714352,0.0859342919192032,7.029308697137822,2.2,13.2,47.68344737699576,0.00103243
388,388,182,183,"Να θυμάσαι ότι όλοι τιμούν και θαυμάζουν κυρίως τους ανθρώπους που έχουν την ικανότητα
 να είναι συγχρόνως και πολιτικοί και στρατηγοί. Όταν λοιπόν βλέπεις σε μια πόλη να αυξάνονται εκείνοι που δείχνουν τα προτερήματα τούτα, φαντάσου τους επαίνους που εσύ
 θα λάβεις, όταν προσφέρεις σε όλους τους Έλληνες τις ευεργεσίες σου ως πολιτικός και
 υποτάξεις τους βαρβάρους χάρη στα στρατηγικά σου προσόντα. Εγώ πιστεύω ότι αυτά θα
 έχουν καλό τέλος. Γιατί κανένας δε θα κατορθώσει ποτέ περισσότερα από σένα, ούτε θα
 γίνει ποτέ στους Έλληνες τόσο μεγάλη ευεργεσία όσο είναι το να απαλλαγούμε από τόσους
 πολέμους και να επέλθει ανάμεσά μας ομόνοια, ούτε φαίνεται πιθανό να ξαναποκτήσουν οι
 βάρβαροι τόσο μεγάλη δύναμη, όταν καταλύσεις αυτή που έχουν σήμερα.
 					
 Ισοκράτης, Φίλιππος 140-141 (μετ. Σ. Παπαϊωάννου)
",history,10,8,7.999577316832614,0.0009235622321198,8,7.994948176813324,0.0049757270336738,4,4.0420731859965,0.0140284479155291,7,6.94199473407687,0.0180396773039749,6,5.527629311196506,0.0970228167800416,5,4.957690785458908,0.0141179977635668,8,7.980241408361621,0.0084108310005723,7.002796426069381,7,6.998609869880511,0.0008493610045111,7.997160184502718,5.9,16.6,57.29640287769784,0.001107672
389,389,256,257,"γύρω χώρο. Το Ασκληπιείο της
 Κω και το ιερό της Αθηνάς στη
 Λίνδο της Ρόδου αποτελούν
 τα χαρακτηριστικότερα δείγματα
 ενιαία και αμφιθεατρικά οργανωμένων ιερών που εκπλήσσουν
 τον επισκέπτη με τη διαδοχή
 των μεγαλοπρεπών κλιμάκων
 και πλατειών. Η ακρόπολη
 της Περγάμου με το ιερό
 της Αθηνάς Νικηφόρου, τον
 περίφημο βωμό της Αθηνάς
 και του Δία, τη βιβλιοθήκη,
 το θέατρο, τα ανάκτορα
 με το στρατόπεδο και τους
 αποθηκευτικούς χώρους, την
 αγορά, αποτελεί επίσης ένα
 εντυπωσιακό και χαρακτηριστικό
 σύνολο αυτής της εποχής. Μεγαλοπρεπή ανάκτορα κτίζονται
 και στην Αλεξάνδρεια για
 τους Πτολεμαίους, που εκτός
 των κατοικιών των ηγεμόνων
 περιλαμβάνουν και βιβλιοθήκη
 και το Μουσείο*, ένα λατρευτικό-επιστημονικό ίδρυμα
 για να κατοικούν και να ερευνούν οι
 μεγάλοι πνευματικοί άνθρωποι που έχουν
 προσκληθεί από τους Πτολεμαίους και
",history,10,8,8.00586594988917,0.0030425319813466,8,8.03487045733726,0.012423494512418,4,3.9997796556408503,0.0001837485937453,7,7.00012620158703,0.0002197731475785,6,5.492489469237626,0.09521437341197,5,4.7014493538436,0.0499587901021347,8,8.007407393789322,0.0037770990210598,7.009705979876401,7,7.00019435797951,0.0002989376043469,7.997501879784977,11.8,25.9,64.84328358208955,0.00126222
390,390,123,124,"παράθεμα 1 Ο Αλέξανδρος δε δέχεται τις προτάσεις του Δαρείου
 Ο Δαρείος έστειλε απεσταλμένους του στον  Αλέξανδρο, οι οποίοι του
 είπαν ότι ο Πέρσης βασιλιάς θέλει να του δώσει 10.000 τάλαντα για τη
 μητέρα, τη σύζυγο και τα παιδιά του που είχαν αιχμαλωτιστεί. Επίσης
 του πρόσφερε όλη τη χώρα από τον Ευφράτη μέχρι το Αιγαίο. Τέλος ο
 Δαρείος πρότεινε στον Αλέξανδρο να παντρευτεί την κόρη του και να
 είναι φίλος και σύμμαχός του. Όταν αυτά τα νέα ανακοινώθηκαν στη
 συγκέντρωση των στρατιωτών, λένε ότι ο Παρμενίωνας είπε πως, αν
 αυτός ήταν ο  Αλέξανδρος, θα σταματούσε τον πόλεμο, για να μη διακινδυνεύσει περισσότερο. Τότε ο Αλέξανδρος του απάντησε ότι, αν ήταν ο
 ίδιος Παρμενίωνας, έτσι θα έκανε, αφού όμως είναι Αλέξανδρος θα
 απαντήσει διαφορετικά. Είπε λοιπόν πως δεν έχει ανάγκη από τα χρήματα του Δαρείου, ούτε δέχεται ένα μέρος της χώρας αλλά τη θέλει ολόκληρη. Ο Δαρείος μετά από αυτά άρχισε να προετοιμάζεται για πόλεμο.
 Αρριανός, Αλεξάνδρου Ανάβαση, Β´, 25, 1-3 (διασκευή)
 3. Ασημένιο νόμισμα. Από τη μια πλευρά εικονίζεται η μορφή του Μ. Αλεξάνδρου.
 (Αθήνα, Νομισματικό Μουσείο)
",history,4,7,6.982613096331377,0.0134683763596997,6,6.435069480690572,0.0697498796891922,3,3.500000124030521,0.0556628080159622,5,4.662500935581527,0.0553617677448485,3,3.3810073849672335,0.0862935203861341,3,3.254161541734433,0.0513320927892701,6,6.009982033970992,0.0045010471458117,7.9840923067765175,5,5.509059598120757,0.0743093989238347,7.004404198436532,2.5,10.8,42.40456699698406,0.000894675
391,391,81,82,"Ο Περίανδρος αρχικά δεν ήταν τόσο σκληρός όσο ο πατέρας του. Από τότε όμως που
 ήλθε σε επαφή με τον τύραννο της Μιλήτου Θρασύβουλο, έγινε πιο σκληρός από τον
 πατέρα του τον Κύψελο. Έστειλε λοιπόν κήρυκα στον Θρασύβουλο και ζήτησε να μάθει
 ποιο πολιτικό καθεστώς έπρεπε να εγκαταστήσει για να έχει ασφάλεια και να κρατήσει
 την πόλη υπό την εξουσία του. Ο Θρασύβουλος πήρε τον κήρυκα έξω από την πόλη
 και μπήκε σε ένα σπαρμένο χωράφι. Προχωρώντας μέσα στα σπαρτά ρωτούσε επίμονα
 να μάθει τον σκοπό της άφιξης του κήρυκα από την Κόρινθο. Συγχρόνως έκοβε τα
 στάχυα που έβλεπε να ξεπερνούν τα άλλα και τα έριχνε κάτω, μέχρι που, κάνοντας αυτό,
 κατέστρεψε τα ωραιότερα και ψηλότερα στάχυα του χωραφιού…
 Από τη διήγηση του κήρυκα ο Περίανδρος κατανόησε τη σημασία της πράξης του
 Θρασύβουλου… Από τότε έδειξε όλη του την κακία απέναντι στους πολίτες.
",history,10,7,7.180980308451417,0.0388640237830956,7,7.074497962716578,0.0371683813700973,4,3.5312108501849764,0.0555064460861308,5,5.234248990172091,0.0636062314565511,4,4.086250664494173,0.0452729100572942,3,3.0085805013447953,0.0039698743431726,7,7.340094823950267,0.0546887384795317,7.997815041057066,7,6.878354170680609,0.0305953696344711,7.993236027599778,5.5,13.6,48.413978494623656,0.001147459
392,392,169,170,"Ταξιδεύοντας μέσα στον νομό συναντάς κτίρια και μνημεία που θυμίζουν
 προηγούμενες εποχές. Έτσι μπορείς
 να γνωρίσεις την ιστορία της περιοχής στο πέρασμα των αιώνων. Πολύτιμες πληροφορίες μας δίνουν και τα
 ευρήματα που βρίσκονται στο Αρχαιολογικό Μουσείο της πόλης.
 Το Ρέθυμνο κατοικήθηκε για πρώτη φορά στα προϊστορικά χρόνια. Στα
 αρχαία χρόνια ονομαζόταν Ρίθυμνα και γνώρισε μεγάλη ανάπτυξη. Δυστυχώς πολύ λίγες μαρτυρίες έχουμε από εκείνη την εποχή. Στη ρωμαϊκή περίοδο όμως έχασε τη δύναμή του και μετατράπηκε σε ένα μικρό χωριό. Αυτή
 ήταν η εικόνα της περιοχής και στα βυζαντινά χρόνια.
 Την εποχή των Βενετών, όταν κατασκευάστηκε το λιμάνι, το Ρέθυμνο άρχισε να αναπτύσσεται και πάλι και έγινε μια αξιόλογη πολιτεία. Τότε κατασκευάστηκαν κτίρια που είχαν διαφορετική αρχιτεκτονική με καμάρες και
 έντονα χρώματα τα οποία σώζονται ακόμη και σήμερα. Αργότερα, όταν η
 περιοχή έπεσε στα χέρια των Τούρκων, τζαμιά και μιναρέδες καθώς και
 τουρκικά σπίτια προστέθηκαν στην παλιά πόλη δίνοντας μια ιδιαίτερη γραφικότητα.   
 Την εποχή της Τουρκοκρατίας για μια ακόμη φορά η πόλη παρήκμασε. Οι
 κάτοικοι όλο αυτόν τον καιρό προσπαθούσαν να απελευθερωθούν. Οι επαναστάτες πολλές φορές έβρισκαν καταφύγιο και βοήθεια στη μονή Αρκαδίου, που βρίσκεται λίγο έξω από το Ρέθυμνο. Τελικά το κατάφεραν και ενώθηκαν με την ελεύθερη Ελλάδα το 1913.
",history,4,6,6.054016444700125,0.0169667794941064,6,5.966453033199656,0.013152719636914,3,3.0001572997475705,0.0001255030359835,4,4.164537972860273,0.0361732947761828,4,4.006437969861963,0.0264423564767113,3,3.0000061799138216,1.2275155804120445e-05,6,6.000139672614296,0.0001144805961961,7.990291314695355,5,4.861569831266934,0.0373088117864156,7.005813963332912,1.4,11.8,44.59758672699849,0.000861893
393,393,30,31,"τρία σχολεία. [...] Η Λογική και η Φυσική άνοιξαν τα μάτια των περισσοθρησκευτική, κυρίως, παράδοση και να γίνεται σε
 τέρων.
 αρχαΐζουσα γλώσσα.
 Ανώνυμος, Ελληνική Νομαρχία (1806), Κάλβος, Αθήνα 1980, σ. 165 (απόΑνάμεσα στους πολλούς Έλληνες λόγιους που
 δοση στη νέα ελληνική: οι συγγραφείς).
 υιοθέτησαν τις ιδέες του Διαφωτισμού ξεχώρισαν
 ο Ρήγας Βελεστινλής και ο Αδαμάντιος Κοραής.
 Ο Ρήγας Βελεστινλής (1757-1798) πρότεινε, στη Νέα Πολιτική Διοίκηση, ένα έργο
 έντονα επηρεασμένο από τις ριζοσπαστικές ιδέες των Γάλλων Ιακωβίνων, τη δημιουργία μιας «Ελληνικής Δημοκρατίας» που θα απλωνόταν σε όλη τη Βαλκανική
 αντικαθιστώντας την Οθωμανική αυτοκρατορία και εξασφαλίζοντας ισονομία και
 ισοπολιτεία στους κατοίκους της. Ο Ρήγας δοκίμασε να εφαρμόσει τα σχέδιά του,
 αλλά προδόθηκε και πλήρωσε με τη ζωή του, αυτός και οι σύντροφοί του, το όραμά του. Λίγο αργότερα το 1806, ο Ανώνυμος συγγραφέας του έργου Ελληνική Νομαρχία εμπνεόμενος από το όραμα του Ρήγα υποστήριξε με πάθος ότι οι Έλληνες
 πρέπει να αγωνιστούν μόνοι τους για την ελευθερία τους.
 Ο Αδαμάντιος Κοραής (1748-1833), υποστηρικτής των φιλελεύθερων ιδεών της γαλλικής επανάστασης, θεωρούσε ότι οι Έλληνες, για να κερδίσουν την ελευθερία τους,
 θα έπρεπε πρώτα να μορφωθούν. Αν και διαφωνούσε με τον εξαρχαϊσμό της γλώσσας, δεν δεχόταν αυτούσια τη δημοτική, από την οποία, όπως πίστευε, έπρεπε να
 3. Ο Ρήγας και ο Κοραής
 αφαιρεθούν κάποιες λαϊκές και ξένες λέξεις.
 ανασηκώνουν την Ελλάδα.
 Άλλοι σημαντικοί διαφωτιστές ήταν οι Ιώσηπος Μοισιόδακας και Δημήτριος Καταρ- Αλληγορική εικόνα που σκοπό είχε
 να υπογραμμίσει τη συμβολή
 τζής, θερμοί υπερασπιστές της χρήσης της λαϊκής γλώσσας, ο Κωνσταντίνος Κούμας,
 των δύο διαφωτιστών
 στην αναγέννηση του ελληνισμού.
 μαχητικός υποστηρικτής της εισαγωγής νέων μεθόδων διδασκαλίας και ο Θεόφιλος
 Καΐρης, οπαδός των φιλελεύθερων ιδεών της γαλλικής επανάστασης.
 ΑΣΚΗΣΕΙΣ – ΔΡΑΣΤΗΡΙΟΤΗΤΕΣ
",history,12,8,8.009290303754824,0.0047715681701063,7,7.110326618952968,0.0496353638647599,4,4.000333317752734,0.0002441213298478,7,6.99988034044793,0.0001061185502953,4,4.181213336181827,0.0519379689421976,3,3.0000740498001903,0.0004366297730833,8,8.004840997956308,0.0029003365821208,7.001696337542853,7,7.0016893426066105,0.0010193435916325,7.998051547824041,4.4,16.8,50.56927710843374,0.001050004
394,394,109,110,"παράθεμα 3 Οι Ταναγραίες κόρες
 Οι Ταναγραίες κόρες είναι χαριτωμένα πήλινα αγαλματάκια νεαρών γυναικών. Βρέθηκαν μέσα σε τάφους στην Τανάγρα της
 Βοιωτίας σε ανασκαφές που έγιναν από το 1870-1889 μ.Χ. Οι
 κυρίως όμως Ταναγραίες κόρες άρχισαν να κατασκευάζονται
 από τα μέσα του 4ου αιώνα π.Χ. μέχρι τον 3ο αι. π.Χ. Τα αγαλματάκια αυτά παρουσιάζουν τις νεαρές Ταναγραίες σε όλες τους
 τις εμφανίσεις. Ο πιο συνηθισμένος τύπος είναι αυτός με τα
 ρούχα του περιπάτου, που ήταν χιτώνας και ιμάτιο τυλιγμένα
 γύρω από το σώμα και τα χέρια. Άλλες φοράνε καπέλο ή κρατάνε
 βεντάλια ή άλλα αντικείμενα. Άλλες κάθονται σε βράχους σκεφτικές, άλλες παίζουν ή χορεύουν, πότε μόνες και πότε με συντροφιά. Τα αγαλματάκια αυτά ήταν χρωματισμένα με πολύ ζωηρά χρώματα. Τα ρούχα σε πολλά από αυτά είναι γαλάζια ή ροζ,
 τα μαλλιά ξανθά και τα παπούτσια κόκκινα. Καταπληκτικό είναι
 πως, παρόλο που μοιάζουν μεταξύ τους οι Ταναγραίες, δεν
 υπάρχουν ούτε δύο αγαλματάκια εντελώς ίδια.
 Εγκυκλοπαιδικό λεξικό Ηλίου, τόμος 17ος, σ. 573-574 (διασκευή)
",history,4,6,6.008569326409926,0.0040954163807912,6,6.135363194260549,0.0344125430411723,3,2.9999833610199858,0.0001134608791909,4,4.5267195375006395,0.0696678791816046,3,3.3904189624236096,0.0570830221538835,3,3.0019119425937433,0.0011363559754131,6,6.000121133152788,0.0001614658715055,7.966912705918389,7,6.84321676978459,0.0361987320688266,7.997797145757431,1.4,10.3,36.67950635751683,0.000797679
395,395,127,128,"παράθεμα 2 Στον καλύτερο (Τῷ κρατίστῳ)
 Όταν ο Μ. Αλέξανδρος έχασε κάθε ελπίδα να σωθεί,
 έβγαλε το δαχτυλίδι του και το έδωσε  στον Περδίκκα. Οι φίλοι του τότε τον ρώτησαν σε ποιον αφήνει τη
 βασιλεία. Αυτός απάντησε: «Στον καλύτερο». Στη
 συνέχεια πρόσθεσε αυτές τις τελευταίες λέξεις:
 «Προβλέπω πως οι αγώνες που θα γίνουν προς τιμή
 μου, μόλις πεθάνω, θα είναι μια μεγάλη μάχη των
 φίλων μου». Λόγια που σύντομα βγήκαν αληθινά.
 Μετά ξέσπασαν μεγάλοι αγώνες για τη βασιλεία.
 3. Τμήμα από σαρκοφάγο του Μ. Αλεξάνδρου (Μουσείο Κωνσταντινούπολης)
",history,4,7,7.072117440396255,0.0421306086777252,8,7.308980542853533,0.0797972824154918,3,3.0474264327959872,0.0153280173946759,5,5.575519651025388,0.0898903904212072,4,3.813331233395729,0.0840752467903205,3,3.0021053605673274,0.0135973876357555,6,6.363512857396557,0.0558173941934986,7.979666026777522,5,5.713920526075526,0.0920114906394209,7.001950665551703,-0.1,7.9,34.7962963,0.000754602
396,396,92,93,"έφτιαξε πίτες και τηγανίτες. Έλα μέσα.
 Μουσείο Αθηνών)
 Ξανθίας:
 Ευχαριστώ πολύ.
 Παρακόρη: Μη φεύγεις, μη!
 		Για σένα βράζει πουλερικά και σου καβούρδισε στραγάλια και σου ετοίμασε
 γλυκό κρασί.
 Ξανθίας:
 Είσαι πολύ ευγενική.
 Ο μάγειρας ετοιμαζόταν να βγάλει των ψαριών τις φέτες από τη σχάρα και το τραπέζι ήταν
 στρωμένο.
 Αριστοφάνης, Βάτραχοι, στ. 503-518 (διασκευή)
",history,4,7,6.978611174242985,0.0754987891954002,4,3.99853795797182,0.0008849320661788,3,2.8933083462707643,0.0272685551468442,4,4.090629772626926,0.024053517325905,3,2.904006822001975,0.0370114283205668,2,1.9985910412824754,0.0031544405730278,6,5.998997351937078,0.0037751482662224,7.924141237472952,,,1.735599999984302e-07,,-0.9,9.6,35.249249249249246,0.000649472
397,397,151,152,"να αναπτύξουν όλες τους τις ικανότητες, να
 ΟΙ ΑΘΗΝΑΙΟΙ
 διευρύνουν τους πνευματικούς τους ορίζοντες
 ΑΓΑΠΟΥΝ ΤΗ ΣΥΝΤΡΟΦΙΑ
 και να αναδείξουν τα όποια ταλέντα τους.
 Διότι
 καθένας από σας συχνάζει
 Οι Αθηναίοι αγρότες, με μικρή κτηματική
 άλλος σε μυροπωλείο, άλλος σε
 ιδιοκτησία, αποτελούν την πλειονότητα του
 κουρείο, άλλος σε σκυτοτομείο
 πληθυσμού. Καλλιεργούν τα χωράφια τους με και άλλος όπου τύχει και οι
 τη βοήθεια των δούλων. Η κτηνοτροφία είναι
 περισσότεροι πηγαίνουν σε
 περιορισμένη.
 όσους έχουν τα εργαστήριά τους
 Οι πολυάριθμοι τεχνίτες ζουν κυρίως στην κοντά στην αγορά, ενώ ελάχιστοι
 πηγαίνουν σε όσους απέχουν
 πόλη. Εργάζονται σε μικρά εργαστήρια, ανοιχτά
 προς το μέρος του δρόμου, ώστε οι μελλοντικοί πολύ από αυτήν.
 πελάτες τους να παρακολουθούν την εργασία  Λυσίας, Υπέρ του Αδυνάτου, 20
 (μετ. Γ. Κυριαζή)
 τους. Τα εργαστήρια και τα μαγαζιά είναι συ- 
 γκεντρωμένα σε μία συγκεκριμένη περιοχή,
 ανάλογα με το είδος που κατασκευάζουν ή
 πουλούν. Έτσι οι αγγειοπλάστες είχαν συγκεντρώσει τα εργαστήριά τους στην περιοχή του
",history,10,8,7.988969492959822,0.0048925203547162,8,7.99732826494818,0.0034627011199818,3,3.0031701923753857,0.0017234948903038,7,6.370341375548435,0.0806220930312702,6,5.781490822032538,0.058134205289295,3,3.2949443196379775,0.0489598265288164,8,7.906835799514511,0.0254771896337267,7.004065567413363,7,6.98418215730635,0.0063955669353888,7.996367737589026,2.9,13.8,49.18491620111732,0.00094172
398,398,29,30,"τό, που αναπτύχθηκε κυρίως στις παροικίες και
 3. Η «Νέα Πολιτική Διοίκησις», το σύνταγμα του Ρήγα (1797)
 σε ορισμένα από τα μεγάλα εμπορικά κέντρα του
 2. Τα φυσικά δίκαια είναι: πρώτον το να είμεθα όλοι Ίσοι και όχι ο ένας
 ελληνισμού (Σμύρνη, Ιωάννινα, Χίος κτλ.), ονομάανώτερος από τον άλλον· δεύτερον να είμεθα ελεύθεροι, και όχι ο ένας
 στηκε αργότερα Νεοελληνικός Διαφωτισμός.
 σκλάβος του αλλουνού· τρίτον να είμεθα σίγουροι εις την ζωήν μας και
 κανένας να μην ημπορή να μας την πάρη αδίκως και κατά την φανταΟι Έλληνες υποστηρικτές του Διαφωτισμού
 σίαν του· και τέταρτον, τα κτήματα οπού έχομεν κανένας να μην ημπορή
 θαύμαζαν τον αρχαίο ελληνικό πολιτισμό και τον
 να μας τα εγγίξη, αλλ’ να είναι εδικά μας και των κληρονόμων μας.
 συνέδεαν με την ελευθερία, πίστευαν ότι η εκπαί3. Όλοι οι άνθρωποι, Χριστιανοί και Τούρκοι, είναι Ίσοι. [...]
 δευση θα έπρεπε να θεμελιώνεται στην ενασχόΠ. Κιτρομηλίδη (επιμ.), Ρήγα Βελεστινλή, Άπαντα τα σωζόμενα, Βουλή των
 ληση με τις θετικές επιστήμες, να γίνεται στη
 Ελλήνων, Αθήνα 2000, τόμ. 5, σ. 36.
 λαϊκή γλώσσα και να υπηρετεί την προοπτική του
 αγώνα για ελευθερία.
 Βεβαίως, οι παραπάνω θέσεις δεν ήταν καθολι4. Η μόρφωση θα φέρει τους Έλληνες πιο κοντά στην ελευθερία
 κά αποδεκτές. Ορισμένοι Έλληνες συντηρητικοί
 Ας εξετάσουμε τώρα τις αιτίες που κάνουν πιο εύκολη την εθνική
 λόγιοι, που συνήθως συνδέονταν με την εκκλησία,
 αποκατάσταση των Ελλήνων. Πρώτη, λοιπόν, είναι η πρόοδος του γέαπέρριπταν τις διαφωτιστικές ιδέες, έκριναν ότι η
 νους μας στα μαθήματα. Πόση διαφορά υπάρχει ανάμεσα στη σημερινή
 κατάσταση που επικρατεί στην Ελλάδα και αυτή που επικρατούσε πριν
 εκπαίδευση πρέπει να βασίζεται σε εκκλησιαστιαπό δέκα χρόνια! […] Δεν υπάρχει πόλη σήμερα που να μην έχει δύο και
 κά κείμενα, να περιορίζεται στη γνωριμία με τη
",history,12,8,7.999969692610648,0.0007763102316511,8,7.818293105435771,0.0385541454348596,4,4.000046460680096,6.184443550230978e-05,7,6.991750461955689,0.0038212729534411,5,4.939942921686452,0.0686214632949416,3,3.0004223144214137,0.0003945748298211,8,8.000104404270019,0.0002760211148865,7.001027450257425,7,6.999671640521228,0.0002692357278432,7.995374727901435,3.1,12.3,43.30065359477124,0.000935375
399,399,212,213,"εκατομμύρια
 κατοίκους κατά τον 20ό αιώνα.
 φυλών, καθώς και το μεγάλο πρόβλημα του AIDS. Τα δύο
 τελευταία είναι ιδιαίτερα έντονα στην Αφρική.
 Όλα τα παραπάνω αποτελούν τις κύριες αιτίες της μαζικής μετανάστευσης που παρατηρείται τα τελευταία χρόνια από
 τον Τρίτο Κόσμο προς τον Πρώτο Κόσμο (βλέπε γλωσσάριο).
 3. Η οικονομική οργάνωση των αποικιών από τους αποικιοκράτες
 Μπορεί να σας ενδιαφέρει να μάθετε ότι ακόμη και σήμερα ο αναποφλοίωτος καφές είναι γνωστός στην Ουγκάντα ως κιμπόκο. Η λέξη «κιμπόκο» σημαίνει μαστίγωμα. Προέρχεται
 από το ότι, πριν τη δεκαετία του 1930, αν ένας αγρότης αρνιόταν να καλλιεργήσει καφέ
 μετά από αποικιακή εντολή, θα μαστιγωνόταν [...] Υποχρεωνόμασταν να παράγουμε προϊόντα που δεν καταναλώναμε και να καταναλώνουμε αυτά που δεν παρήγαμε.
 Γιοβερί Μουσεβενί, Πρόεδρος της Ουγκάντα
 Λόγος για τις δομικές αλλαγές που πρέπει να γίνουν στην Αφρική, 1989.
 Πηγή: Εγκυκλοπαίδεια Grand Larousse, Ελληνικά Γράμματα, Αθήνα 2001, τόμ. 2, σ. 62.
",history,12,8,7.859600292840639,0.0334691877971297,7,7.130768675452828,0.0325740746214957,4,3.998677239934068,0.0008140113135811,7,6.901765035618155,0.026433798403657,5,5.404936455590359,0.0783353739965994,4,4.0179832432638705,0.0072401298039508,7,7.209691426999278,0.0693707589674437,7.9668932822778515,7,6.9958645025344595,0.002080677622385,7.998463590316533,1.9,12.5,41.44047619047619,0.000688383
400,400,73,74,"Οι Καρχηδόνιοι λένε ακόμη και το εξής· ότι υπάρχει χώρα της Λιβύης και άνθρωποι που
 κατοικούν σ’ αυτήν έξω από τις Ηράκλειες στήλες. Λένε ακόμη ότι, όταν φθάνουν στη
 χώρα των ανθρώπων αυτών, βγάζουν έξω τα προϊόντα τους, τα βάζουν στη σειρά στην
 παραλία και μπαίνουν πάλι στα πλοία και κάνουν καπνό. Οι ιθαγενείς, όταν δουν τον
 καπνό, κατεβαίνουν στην παραλία, αφήνουν ποσότητα χρυσού, ανάλογης αξίας προς τα
 εμπορεύματα, και γυρίζουν πίσω. Οι Καρχηδόνιοι σπεύδουν στην ξηρά και εξετάζουν τον
 χρυσό. Αν καταλάβουν ότι ο χρυσός ισοφαρίζει την αξία του εμπορεύματος, τον παίρνουν
 και φεύγουν· αν όχι, μπαίνουν πάλι στα καράβια και περιμένουν. Οι ιθαγενείς πλησιάζουν
 και προσθέτουν χρυσό παραπάνω, μέχρι να τους ικανοποιήσουν. Κανείς, όπως λένε οι
 Καρχηδόνιοι, δεν αδικεί.
 Ηρόδοτος, Ιστορία, 4. 196
 Τι ήταν το ανταλλακτικό εμπόριο και ποιες δυσκολίες παρουσίαζε;
 Το ζύγισμα των
 προϊόντων, βασική
 προϋπόθεση του
 εμπορίου.
 Εικόνα από αγγείο
 του 6ου αιώνα π.Χ.
 (Νέα Υόρκη,
 Μητροπολιτικό
 Μουσείο).
",history,10,7,7.268288785159939,0.0470881501053083,8,7.947110318076994,0.0171867932888778,3,3.06008694909292,0.0182460115837635,5,5.197822131634666,0.0679870410862557,6,5.6884402516298,0.1006636067694472,3,3.188972543355362,0.0411098000007045,7,7.345082503959873,0.0609405975150878,7.992416637948963,7,6.5592826796873,0.0645085337964622,7.994772285689578,1.6,11.4,44.98648648648648,0.001001263
401,401,72,73,"Ιστιοφόρο εμπορικό
 πλοίο από κύλικα
 του 6ου π.Χ. αιώνα
 (Λονδίνο, Βρετανικό
 Μουσείο).
 Τα πλοία αυτής της
 κατηγορίας είχαν
 γερή κατασκευή και
 μπορούσαν να
 διαπλεύσουν
 ανοιχτές θάλασσες.
",history,10,5,5.145022153591697,0.0339869488237187,4,3.999494729488504,0.0004100689865527,3,2.651350414668741,0.0519277116991577,4,4.407226276071924,0.0596814646918029,3,2.7401607331958076,0.0498760955673699,3,2.987576479347376,0.0053801022676328,5,5.50989987255798,0.0644678111535394,7.9579121940724065,5,5.590836327821307,0.0958426546767361,7.0471619153395295,-0.5,11.5,44.333333333333336,0.000787418
402,402,251,252,"Η μεθυσμένη Γριά
 (3ος-2ος αιώνας
 π.Χ.). Αντίγραφο
 ρωμαϊκής εποχής
 του μαρμάρινου
 αγάλματος μιας
 ξεπεσμένης γριάς
 αριστοκράτισσας
 που κρατάει σφιχτά
 στην αγκαλιά της
 λαγύνι με κρασί.
 (Γλυπτοθήκη του
 Μονάχου)
",history,10,8,7.9046415682930515,0.0252952587854076,8,7.796469667591737,0.0388512800082034,3,3.002597691160922,0.0017014912372894,7,6.998515637529444,0.0008612403117156,4,4.444460977683775,0.0862118549261493,3,3.470007905415514,0.058279099018322,7,7.147221650976007,0.0341312945105953,7.999510872127331,7,7.0002145524046,0.0003368754445244,7.999607188291634,-0.3,13.3,42.333333333333336,0.000847302
403,403,62,63,"την Ήπειρο οι εμπειροπόλεμοι Σουλιώτες, οι οποίοι από τον Δεκέμβριο του 1820 βρίσκονταν ξανά στο Σούλι, επαναστάτησαν. Τον ίδιο μήνα χτύπησαν τους Τούρκους, αποκόπτοντας την επικοινωνία των Ιωαννίνων με την Άρτα και την Πρέβεζα. Κατόπιν επιτέθηκαν εναντίον
 της Πάργας και της Άρτας, που ήταν σημαντικές πόλεις της περιοχής, αλλά δεν μπόρεσαν να τις
 κυριεύσουν. Κατάφεραν, ωστόσο, να νικήσουν τον οθωμανικό στρατό στη θέση Πέντε Πηγάδια. Στα τέλη του 1821, οι Αλβανοί σύμμαχοί τους τούς εγκατέλειψαν και οι Σουλιώτες έμειναν
 αβοήθητοι. Υπέγραψαν τότε τρίμηνη ανακωχή με τους Οθωμανούς και επέστρεψαν αποκαρδιωμένοι στον ορεινό τόπο τους.
 Μετά την εξόντωση του Αλή Πασά, ο Χουρσίτ Πασάς ετοιμαζόταν να περάσει με τα στρατεύματά του στην Πελοπόννησο, προκειμένου να καταπνίξει την Επανάσταση. Τότε Έλληνες
 και Φιλέλληνες αγωνιστές, με επικεφαλής τον Αλέξανδρο Μαυροκορδάτο, προσπάθησαν να
 τον εμποδίσουν. Όμως ο οθωμανικός στρατός ήταν πολυάριθμος και οι ελληνικές δυνάμεις,
 χωρίς να έχουν την απαιτούμενη οργάνωση, νικήθηκαν στη μάχη του Πέτα στις 4 Ιουλίου του
 1822. Περίπου το 1/3 των Ελλήνων αγωνιστών σκοτώθηκε, αρκετοί άλλοι αιχμαλωτίσθηκαν,
 ενώ άνοιξε ο δρόμος για την κατάληψη της Δυτικής Ελλάδας καθώς και για την πρώτη πολιορκία του Μεσολογγίου από τους Τούρκους. Επίσης, 68 από τους 93 Φιλέλληνες μαζί με τον
 αρχηγό τους Ανδρέα Δάνια έπεσαν στο πεδίο της μάχης. Η βαριά ήττα έκανε τους Σουλιώτες να
 συνθηκολογήσουν τον Σεπτέμβριο του 1822, εγκαταλείποντας οριστικά το Σούλι.
 Η Θεσσαλία εξεγέρθηκε το Μάιο του 1821. Υπό την ηγεσία των Φιλικών Άνθιμου Γαζή και
 Κυριάκου Μπασδέκη, επαναστάτησαν οι κάτοικοι του Πηλίου, ενθαρρυμένοι από την έλευση
 πλοίων από την Ύδρα. Πολιόρκησαν τον Βόλο και το Βελεστίνο, αλλά διασκορπίστηκαν όταν
 κινήθηκε εναντίον τους ο Μαχμούτ Πασάς ή Δράμαλης από την κοντινή Λάρισα, που ήταν ισχυρή οθωμανική στρατιωτική βάση.
 Τον ίδιο μήνα εξεγέρθηκε και η Μακεδονία εναντίον των Τούρκων, με πρωτοστάτη τον
 Σερραίο μεγαλέμπορο Εμμανουήλ Παπά, που είχε οριστεί από τη Φιλική Εταιρεία αρχηγός
 του Αγώνα στη Χαλκιδική. Τον Μάρτιο του 1821 ο Εμμανουήλ Παπάς αναχώρησε με όπλα και
 πολεμοφόδια από την Κωνσταντινούπολη για το Άγιο Όρος, όπου σε γενική συνέλευση ανακηρύχθηκε «αρχηγός και υπερασπιστής» της Μακεδονίας και κήρυξε επίσημα την Επανάσταση.
 Με ορμητήριο το Άγιο Όρος, ξεσήκωσε τον Πολύγυρο και τη Σιθωνία, φτάνοντας μέχρι τα
 περίχωρα της Θεσσαλονίκης.
 Οι Τούρκοι αντέδρασαν αφοπλίζοντας τους κατοίκους, συλλαμβάνοντας προεστούς και
 καταστρέφοντας χωριά των περιοχών αυτών. Οι επαναστάτες πολέμησαν με τα οθωμανικά
 στρατεύματα στα Βασιλικά και στην Κασσάνδρα, ηττήθηκαν όμως και διαλύθηκαν.
 Τουρκικές δυνάμεις πολιόρκησαν τη Νάουσα, όπου είχαν καταφύγει αγωνιστές σμίγοντας
",history,6,8,7.851047665067256,0.0340778879227094,7,7.018917913337418,0.010841210669432,4,3.984114773546537,0.0065765147779733,6,5.769552300956548,0.072845633383944,4,4.451064820173201,0.0681954119768298,3,3.0005525845844545,0.000377623776923,8,7.862749490866335,0.0335529449114348,7.377536114337431,7,6.836777391341329,0.0373004834602889,7.995387634619988,3.6,15.3,54.513884489494245,0.001139663
404,404,121,122,"παράθεμα 3 Η γενναιοδωρία
 του Μ. Αλεξάνδρου
 Πριν  πραγματοποιήσει την εκστρατεία ο Αλέξανδρος, εξέτασε την κατάσταση των συντρόφων
 του. Έτσι μοίρασε σ’ άλλον χωράφι, σ’ άλλον μια
 μικρή πόλη και σ’ άλλον τα έσοδα κάποιου συνοικισμού ή λιμανιού. Όταν πια είχαν ξοδευτεί και
 είχαν μοιραστεί όλα τα βασιλικά κτήματα, ο Περδίκας είπε στον Αλέξανδρο: «Και συ, βασιλιά, τι
 κρατάς για τον εαυτό σου;» «Τις ελπίδες» τού
 απάντησε εκείνος. «Απ’ αυτές λοιπόν θα πάρουμε κι εμείς, που εκστρατεύουμε μαζί σου» του είπε ο Περδίκας*. Κι όταν ο ίδιος παραιτήθηκε απ’
 το κτήμα που του είχε δοθεί, έκαναν το ίδιο και
 μερικοί φίλοι του βασιλιά. Σ’ αυτούς όμως που τα
 είχαν ανάγκη, τα χάριζε με ευχαρίστηση. Μοίρασε λοιπόν την πιο πολλή απ’ τη βασιλική περιουσία που είχε στη Μακεδονία. Τέτοιο ενθουσιασμό
 και τέτοια διάθεση έβαλε στις καρδιές των στρατιωτών του και πέρασε τον Ελλήσποντο.
 *ο Περδίκας: μεγάλος στρατηγός του Αλέξανδρου
 Πλούταρχος, Αλέξανδρος, 15 (διασκευή)
",history,4,7,6.97809679695024,0.0714745946613246,6,6.421728679900866,0.0657221288641327,4,3.984094238385282,0.0065577736509911,5,5.068667754368107,0.0636162924574236,4,3.7798814119996678,0.0585146326966943,3,3.0109493793722777,0.0048941079418841,6,6.009619608753717,0.0041605035657297,7.92414007721348,5,5.654442996214129,0.0877622063393916,7.004347353067715,2.1,10.9,45.30599185573007,0.001047203
405,405,82,83,"Το υδραγωγείο της
 Σάμου. Την
 εκτέλεση του έργου
 ανέθεσε ο τύραννος
 Πολυκράτης στον
 αρχιτέκτονα
 Ευπαλίνο.
 Η σήραγγα είχε
 μήκος περίπου ενός
 χιλιομέτρου και
 τροφοδοτούσε με νερό
 την πόλη.
",history,10,5,5.013183766283042,0.0056418982933708,4,3.9998030286402138,0.0002016309181863,3,2.8807971477873906,0.0293377612777788,4,4.032808675581919,0.0120809406467192,3,2.6401274356589965,0.0581238523183685,3,2.962673805291221,0.0127974255861188,5,5.077390227298764,0.0220746807130364,7.979666845597819,4,4.252907566128215,0.0473746971744038,7.095326357481099,-0.3,9.8,45.81720430107527,0.000820666
406,406,52,53,"παράθεμα 1 Πώς γινόταν ο οστρακισμός
 Κάθε Αθηναίος που ψήφιζε έπαιρνε ένα
 κομμάτι κεραμίδι. Πάνω σ' αυτό έγραφε
 το όνομα του πολίτη εκείνου που έπρεπε
 κατά τη γνώμη του να φύγει από την πόλη.
 Μετά το έριχνε σε ένα σημείο της Αγοράς
 που ήταν γύρω γύρω φραγμένο με κάγκελα. Οι άρχοντες στην αρχή μετρούσαν
 όλα τα κεραμίδια για να δουν πόσα είναι.
 3. Όστρακο με το όνομα του Αριστείδη. (Αθήνα,
 Έπρεπε να μην είναι λιγότερα από 6.000.
 Μουσείο Αρχαίας Αγοράς)
 Αν ήταν λιγότερα, δε γινόταν ο οστρακισμός. Στη συνέχεια ξεχώριζαν τα κεραμίδια ανάλογα με το όνομα που ήταν γραμμένο σ' αυτά.
 Όποιος συγκέντρωνε τα πιο πολλά κεραμίδια έφευγε από την Αθήνα για 10 χρόνια χωρίς να
 χάνει την περιουσία του.
 Πλούταρχος, Αριστείδης, 7 (διασκευή)
 Ο λαός στο δημοκρατικό πολίτευμα σήμερα μπορεί να εκφράσει με την ψήφο του τη θέλησή
 του και την απόφασή του για πολύ σοβαρά ζητήματα, όπως παλιά στην αρχαία Αθήνα με το
 μέτρο του οστρακισμού.
",history,4,5,5.3783623364493,0.05355454490733,6,6.2408946019968425,0.060975533407271,3,2.9999990447070104,2.444942601958985e-06,4,4.003473903945633,0.0020136891918755,4,3.7190653414054395,0.0625855137210226,3,2.528592140222628,0.0621910095279114,6,5.992473975862822,0.0036234581564026,7.99781645766339,4,4.085056618281669,0.0234691966998232,7.075846125962926,2.4,9.3,37.474747474747474,0.000796158
407,407,230,231,"Στον ελλαδικό χώρο το
 βασίλειο της Μακεδονίας
 εξακολουθούσε να αποτελεί ισχυρή δύναμη. Ήταν
 το πιο ομοιογενές και το
 πιο δημοκρατικό από τα
 άλλα βασίλεια. Παρόλο
 που ο πληθυσμός του είχε ελαττωθεί λόγω του
 μεταναστευτικού ρεύματος
 προς την Ανατολή, εντούτοις η ανάπτυξή του συνεχιζόταν. Μεγάλη ώθηση
 στο εμπόριο έδωσε η ΘεσΤο βασίλειο της
 σαλονίκη, που είχε στο
 Μακεδονίας και οι
 μεταξύ ιδρυθεί από τον
 Συμπολιτείες
 Κάσσανδρο (316 π.Χ.).
 Η επιδρομή των
 Το κράτος δοκιμάστηκε σκληρά από την επιδρομή των Γαλατών. Οι Γαλάτες, μετανάστες
 Γαλατών
 από τη Δύση, νίκησαν τον μακεδονικό στρατό, συνέλαβαν και φόνευσαν τον βασιλιά
 Πτολεμαίο Κεραυνό. Στη συνέχεια εισέβαλαν στην κεντρική Ελλάδα την οποία λεηλάτησαν.
 Αποκρούστηκαν όμως και αναγκάστηκαν να υποχωρήσουν. Καίριο χτύπημα κατάφερε
 εναντίον τους ο Αντίγονος Γονατάς (277 π.Χ.), γεγονός που τον βοήθησε να καταλάβει
 τον θρόνο της Μακεδονίας. Οι Γαλάτες πέρασαν στη Μικρά Ασία και εγκαταστάθηκαν σε μια
 περιοχή που ονομάστηκε Γαλατία.
 Αυτή την εποχή στον ελλαδικό χώρο δημιουργήθηκαν δύο συμπολιτείες, η Αιτωλική και
 η Αχαϊκή. Ήταν μια προσπάθεια των κατοίκων των περιοχών αυτών να αντιμετωπίσουν με
",history,10,8,7.775726428037618,0.0431608130468072,8,7.852017007386451,0.0337404590887348,4,3.7981875212744924,0.0403855850344689,6,5.997153785018156,0.0790798354108326,5,4.852594678195601,0.0753115741677455,3,3.0066935124433485,0.0032286455400071,8,7.579334245510758,0.0577218669909263,7.006685713108709,7,6.9105721420564805,0.0248021955535392,7.990280557644837,1.4,12.1,48.08158085569253,0.000914759
408,408,106,107,"σιμοποιούσαν μάλιστα και δικό τους νόμισμα, το
 οποίο διευκόλυνε τις σχέσεις μεταξύ τους. Την αρχηγία της συμμαχίας την είχαν συνήθως οι Θηβαίοι.  
 Το πιο σημαντικό θρησκευτικό κέντρο ήταν το
 μαντείο του Ογχηστού, όπου λατρευόταν ο Ποσειδώνας. Εκεί γίνονταν αγώνες, στους οποίους
 έπαιρναν μέρος αθλητές απ’ όλες τις βοιωτικές
 πόλεις.
 Στη  βοιωτική συμμαχία δε συμμετείχαν οι Πλαταιείς. Οι Θηβαίοι θέλησαν με τη βία να τους οδηγή­
 σουν στη συμμαχία. Οι Πλαταιείς όμως δε δέχτηκαν
 και ζήτησαν βοήθεια από τους Αθηναίους. Ο αθηναϊκός στρατός ανάγκασε τους Θηβαίους να αφήσουν ήσυχους τους Πλαταιείς. Από τότε οι Πλαταιείς είχαν φιλικές σχέσεις με τους Αθηναίους.
 Μετά τον Πελοποννησιακό πόλεμο οι Πέρσες
 άρχισαν να ανακατεύονται στα πράγματα της Ελλάδας. Οι Σπαρτιάτες υπέγραψαν με τους Πέρσες μια συμφωνία, που είναι γνωστή ως Ανταλκίδεια ειρήνη (386 π.Χ.). Σύμφωνα με τους όρους
 της ειρήνης, οι πόλεις της Ελλάδας έπρεπε να
 μείνουν αυτόνομες, ελεύθερες δηλαδή να κανονίζουν μόνες τους τα ζητήματα που τους απασχολούσαν. Οι Θηβαίοι δε δέχτηκαν τους όρους. Αν
 τους δέχονταν έπρεπε να διαλυθεί η συμμαχία.
",history,4,7,6.980614527569202,0.0106312483027445,6,6.222377627803816,0.0433350856642052,3,3.0534034561396055,0.0167369236760029,5,4.900805280418808,0.0303473075689512,5,4.6889326836317196,0.0748345860412199,3,3.0420900608820602,0.0140169533895559,6,6.505028469658413,0.0572866688732582,7.98593560432397,5,5.1758778313821665,0.0424398097511641,7.001082481670892,0.9,10.7,46.84615384615385,0.000870091
409,409,5,6,"νταν στα ιερά και γιόρταζαν όλοι μαζί. Οι γιορτές τούς έκαναν να νιώθουν πιο έντονα την κοινή καταγωγή τους. Το Αιγαίο έγινε ελληνική
 θάλασσα, αφού στις δυο πλευρές του κατοικούσαν Έλληνες.
 οι άποικοι:
 αυτοί που
 έπαιρναν
 μέρος στην
 αποστολή για
 δημιουργία
 αποικίας, οι
 κάτοικοι της
 αποικίας.
 τα ιερά:
 οι ναοί τους
 οποίους
 τιμούσαν
 ιδιαίτερα οι
 άνθρωποι.
",history,4,7,6.9605586497641525,0.0245081075201836,8,7.999387722170468,0.0062038239787021,2,2.245085245159031,0.0447183679835096,5,5.027097526255261,0.0752613457456919,4,3.960639347540564,0.0650782726722309,3,2.9841038360536913,0.0065666320702893,6,6.0164808656113,0.0074936453675054,7.952571754397567,5,5.280494022645598,0.080436677687882,7.009631812630687,0.6,9.2,43.76923076923077,0.00075878
410,410,143,144,"Τρεις μεγάλες κοινωνικές ομάδες αποτελούσαν τον πληθυσμό
 Η ΣΠΟΥΔΑΙΌΤΗΤΑ
 της Αθήνας κατά τον 5ο αιώνα, οι
 ΤΩΝ ΜΕΤΟΊΚΩΝ
 Αθηναίοι πολίτες, οι μέτοικοι Πρέπει να υπάρχει ειδική μέριμνα για τους
 μετοίκους, γιατί η πρόσοδος αυτή μου
 και οι δούλοι. Οι Αθηναίοι πολίτες αποτελούσαν τη μοναδική φαίνεται πως καταλέγεται στις καλύτερες,
 κυρίαρχη δύναμη στην πόλη. Από επειδή οι μέτοικοι συντηρούνται οι ίδιοι
 και προσφέρουν πολλές ωφέλειες στην
 αυτούς πήγαζε κάθε εξουσία.
 πόλη, χωρίς να παίρνουν μισθό, αντίθετα
 Αθηναίοι πολίτες ήταν αυτοί
 καταβάλλουν το μετοίκιον. Νομίζω
 που κατάγονταν από πατέρα και
 μητέρα Αθηναίους. Αυτοί μόνο πως επαρκής μέριμνα είναι τούτη, να
 αφαιρέσουμε όσα, χωρίς να ωφελούν
 είχαν το δικαίωμα της συμμετοχής
 καθόλου την πόλη, δίνουν την εντύπωση
 στις εργασίες της Εκκλησίας του
 πως ντροπιάζουν τους μετοίκους.
 Δήμου. Όλοι οι Αθηναίοι πολίτες
 Ξενοφών, Πόροι, ΙΙ, 1 (μετ. Α. Παπαγεωργίου)
 είχαν τα ίδια δικαιώματα απέναντι
 στους νόμους.
 Οι μέτοικοι ήταν πολίτες άλλων
 ελληνικών πόλεων που είχαν εγκατασταθεί στην Αθήνα, προσελκυόμενοι από την ιδιαίτερη
",history,10,8,7.970742905120574,0.0106980532049466,8,7.991592975284391,0.0041129124469495,4,3.9953921723733856,0.0023629731767207,7,6.933714375784149,0.0167675135221383,6,5.864199992398881,0.0356441134127328,3,3.201983728759078,0.0404671834849331,7,7.399226593822966,0.0568274382696809,7.957891793517774,7,6.985215506523673,0.0061122105964107,7.981866893300321,3.1,14.5,50.06813186813187,0.00093099
411,411,274,275,"ΣYΝΟΨΗ ΤΟΥ ΚΕΦΑΛΑIΟΥ
 Μετά τον θάνατο του Αλέξανδρου η αυτοκρατορία διασπάται.
 Νέα κράτη μπαίνουν δυναμικά στο προσκήνιο της ιστορίας.
 Νέοι, πρωτόγνωροι θεσμοί (Συμπολιτείες) δημιουργούνται. Η
 γεωργία εμπλουτίζεται με καινούργιες μεθόδους, η οικονομία
 αναπτύσσεται γοργά. Μεγάλη ώθηση δίνεται στις επιστήμες:
 γεωμετρία, μηχανική, ιατρική, φυσική. Η αρχιτεκτονική
 εντυπωσιάζει με ογκώδη και καλαίσθητα έργα, ενώ η γλυπτική
 προσπαθεί να εκφράσει τον εσωτερικό κόσμο του ανθρώπου.
 Ο ελληνιστικός όμως κόσμος αργότερα θα υποκύψει
 στη Ρώμη, η οποία σε διάστημα λίγων ετών κατάφερε να
 δημιουργήσει, με τα μέτρα της εποχής, κοσμοκρατορία.
",history,10,7,6.981847566310719,0.0091880014370287,6,5.999935676494204,0.0087115679339456,3,3.0066929464380863,0.0032267809402676,4,4.108618660847796,0.0279447721507819,4,3.5777954632915225,0.05970285030165,3,3.008565204217348,0.0039767583748115,6,6.202681916912383,0.0407320625469162,7.989012855156034,5,5.086170969651505,0.0538101479371099,7.008489691113937,1.0,14.6,50.23809523809524,0.000999693
412,412,160,161,"1. Συσσίτια απόρων στη Νέα Υόρκη του 1929
 Νομίζαμε ότι ο αμερικανικός επιχειρηματικός
 κόσμος ήταν ο βράχος του Γιβραλτάρ. Ήμασταν
 το εκλεκτό έθνος και τίποτα δεν θα μπορούσε να
 μας σταματήσει. [...] Υπήρχε μια αίσθηση συνέχειας και διάρκειας. Εάν πετύχατε κάτι, αυτό θα
 ίσχυε για πάντα. Ξαφνικά, όμως, το μεγάλο όνειρο
 κατέρρευσε. Ο αντίκτυπος ήταν απίστευτος. Περπατούσες στον δρόμο και παντού μπορούσες να
 δεις τις ουρές των συσσιτίων όπου προσφερόταν
 τροφή για λίγα σεντς. Το μεγαλύτερο από αυτά
 στην πόλη της Νέας Υόρκης ανήκε στον William
 Hearst. Αυτός είχε ένα μεγάλο φορτηγό με ανθρώπους επάνω, και μεγάλα καζάνια καυτής σούπας, μαζί με ψωμί. Άνθρωποι περίμεναν σχηματίζοντας [...] τεράστιες ουρές.
 Αφήγηση του Yip Harburg (επιχειρηματίας που
 καταστράφηκε οικονομικά το 1929), Studs Terkel,
 Hard Times, Νέα Υόρκη 1970.
 Πηγή: www.spartacus.schoolnet.co.uk/
 2. Συσσίτιο στη Νέα Υόρκη την εποχή της κρίσης.
",history,12,6,6.055557039957407,0.0174132184588484,7,7.387906391442812,0.0653411749533575,3,3.010986818618804,0.004858404431711,4,4.496232483981657,0.061772429771342,,,3.402801799878624e-06,,,0.0001274335327809,6,6.056165741025055,0.0175791112963807,7.835481708572786,5,5.112455431013586,0.0556216737431273,7.001603885713848,1.8,11.2,34.14629948364888,0.000749403
413,413,159,160,"1. Το 1981 έγινε σεισμός και η Πλάταια υπέστη πολλές
 καταστροφές. Η πρώτη μεγάλη βοήθεια που έφτασε στην
 πόλη ήταν από την Αθήνα, με επικεφαλής τον δήμαρχό της.
 Ο δήμαρχος της Πλάταιας καλωσόρισε την αποστολή με
 τη φράση: «Σας περιμέναμε». Να αιτιολογήσετε τη φράση
 σύμφωνα με όσα ξέρετε.
 2. Τα αίτια που οδήγησαν στον Πελοποννησιακό πόλεμο
 μπορούν αναλογικά και στη σημερινή εποχή να προκαλέσουν πολέμους ανάμεσα στα κράτη; Δικαιολογήστε την
 οποιαδήποτε απάντησή σας με λογικά επιχειρήματα ή και
 παραδείγματα.
 3. Ο Ηρόδοτος έγραψε για τους Περσικούς πολέμους και
 ο Θουκυδίδης για τον Πελοποννησιακό πόλεμο. Ποιος,
 κατά τη γνώμη σας, είχε δυσκολότερο έργο και γιατί; (Βλ.
 και παράθεμα: «Ο Θουκυδίδης σκιαγραφεί τον όλεθρο του
 πολέμου»).
",history,10,7,6.95449698695333,0.0163752038908254,6,5.805898084412547,0.0451280067554786,4,3.999822839314902,0.0001427116099842,5,4.938500920638035,0.0763427980388189,,,0.0177136245327138,,,0.0550494794470696,6,6.481828232151095,0.0589729969628987,7.974040781622648,6,6.301223432412371,0.0718881965677953,7.164513176195669,1.8,11.6,38.63241106719367,0.000672457
414,414,229,230,"Το κράτος της Θράκης διαλύθηκε γρήγορα. Αντίθετα,
 η περιοχή της Περγάμου
 που παραχωρήθηκε από τον
 Σέλευκο στον Φιλέταιρο (281
 π.Χ.) εξελίχθηκε σταδιακά σε
 ανεξάρτητο κράτος. Η Πέργαμος απέκτησε μεγάλη δύναμη
 επί Αττάλου Α΄ (241-197 π.Χ.),
 ο οποίος, αφού νίκησε τους
 Γαλάτες, διεύρυνε τα όρια
 του κράτους και περιέλαβε τη
 μικρασιατική περιοχή του βασιλείου της Συρίας. Η πρωτεύουσα είχε κτιστεί κλιμακωτά πάνω
 σε λόφο, τον οποίο στεφάνωνε η ακρόπολη, λαμπρό θρησκευτικό και πολιτισμικό κέντρο.
 Από τα ιδρύματα ξεχώριζε η Βιβλιοθήκη, που είχε κάποτε 200.000 βιβλία. Στην Πέργαμο
 επινοήθηκε νέα γραφική ύλη από κατεργασμένο δέρμα ζώου, η περγαμηνή, η οποία ήταν
 πιο ανθεκτική από τον πάπυρο.
 Με την ίδρυση νέων κρατών δημιουργήθηκαν νέες προϋποθέσεις για την ανάπτυξη
 του εμπορίου. Στις αγορές της Μεσογείου έγιναν περιζήτητα τα μπαχαρικά, το βαμβάκι,
 τα μαργαριτάρια, οι πολύτιμοι λίθοι. Έμποροι και τεχνίτες έσπευσαν στις νέες πόλεις
 αναζητώντας καλύτερες συνθήκες ζωής. Η καθημερινή επαφή των Ελλήνων με τους ντόπιους
 κατοίκους οδήγησε σταδιακά στην εξομάλυνση των διαφορών που υπήρχαν στα έθιμα, τη
 γλώσσα και τη θρησκεία.
 Τα ελληνιστικά βασίλεια δέχθηκαν ένα μεγάλο μεταναστευτικό ρεύμα από την Ελλάδα και
 απέβησαν για πολλά χρόνια κυψέλες του ελληνικού πολιτισμού. Βαθμιαία παρήκμασαν και
 υπέκυψαν στη Ρώμη, τη νέα δύναμη που πρόβαλε στη Δύση.
",history,10,7,7.054201280711341,0.0209101246484297,6,6.251891069761072,0.0522760894101523,4,3.9971995403509197,0.0015472223079518,5,5.082068632289406,0.0422706920804549,4,4.105077988683206,0.0388653208959578,3,3.377551659422693,0.0532358380547603,7,7.059571835177891,0.0402467365214752,7.997520081233233,7,6.555909373482024,0.0668226310066759,7.97064559755745,1.8,12.8,49.06053268765133,0.000986343
415,415,203,204,"Γκίντερ Γκρας, Το τενεκεδένιο ταμπούρλο (1959).
 ΑΣΚΗΣΕΙΣ – ΔΡΑΣΤΗΡΙΟΤΗΤΕΣ
 Μυθιστόρημα με φόντο τη νεότερη ιστορία της Γερμανίας.
 1. Πώς εξηγείτε το γεγονός ότι οι ΗΠΑ και η Βρε0 Βέρα Πανόβα, Ο Σεριόζα (1982).
 τανία αποδέχτηκαν τη σοβιετική επιρροή στην Α.
 Οι χώρες της Α. Ευρώπης κατά τη δεκαετία του 1950.
 Ευρώπη μετά τον πόλεμο, παρ’ ότι η Σοβιετική
 0 Ίλια Έρενμπουργκ, Το λιώσιμο των πάγων (1954).
 Ένωση ήταν κατεστραμμένη; Πριν απαντήσετε,
 Ένα μυθιστόρημα που συνδέθηκε με το τέλος του σταλινινα μελετήσετε τις πηγές α και β.
 σμού στη Σοβιετική Ένωση.
 2. Ποιοι παράγοντες υπαγόρευσαν, κατά τη γνώμη
 ...δείτε κινηματογραφική ταινία
 σας, τη δημιουργία του κράτους πρόνοιας στη
 0 Βιτόριο ντε Σίκα, Κλέφτης ποδηλάτων (1948).
 μεταπολεμική Δ. Ευρώπη;
 Μια εικόνα της μεταπολεμικής Ευρώπης μέσα απ’ τη μεταπο3. Διαθεματική δραστηριότητα Να μελετήσετε τον
 λεμική Ιταλία.
 χάρτη της σ. 137. Ποια είναι η κύρια αλλαγή μετά
 ...ακούστε μουσική
 τον Β´ Παγκόσμιο πόλεμο; Πού οφείλεται; Ποια εί0 Beatles, All you need is love (1967) και John Lennon, Imagine
 δη πολιτευμάτων συναντάμε στην Ευρώπη το
 (1971).
 1950; Ποια είναι τα κύρια γνωρίσματά τους;
",history,12,8,7.769127932473566,0.0464433509937243,8,7.731118173530888,0.0468457910286275,4,3.999705167623574,0.0002181502233587,7,6.976612694018769,0.0085414881979769,4,4.708318006247282,0.1019783239900363,4,3.8182141986653733,0.0385387523907082,8,7.879881600078193,0.0251761613285989,7.008574608383924,,,0.0668353580291879,,0.3,9.3,37.133849557522126,0.000738799
416,416,259,260,"1. Κωνσταντίνος Καβάφης, ένας σύγχρονος ποιητής
 Αντίθετα απ’ τον πληθωρικό και πολύπλευρο Παλαμά, τον «ποιητή του
 καιρού του και του γένους του», ο απομονωμένος έξω απ’ τον ελληνικό χώρο και αφοσιωμένος σχεδόν μόνο στην ποίηση και στην ανάγνωση της
 ιστορίας Καβάφης, ο εκλεκτικός και ιδιόρυθμος, στάθηκε πιο πολύ ποιητής
 του δικού μας παρόντος και του ελληνιστικού παρελθόντος. [...] πέρα απ’
 τους οποιουσδήποτε δεσμούς με την εποχή του, περιέχει τόσα στοιχεία
 σύγχρονα και βρίσκεται τόσο κοντά στην ψυχολογία του μεταπολεμικού
 ανθρώπου, ώστε δικαιολογημένα να θεωρείται σήμερα ο «υπ’ αριθμό ένα»
 πρόδρομος της νεότερης ποίησης. Και δεν είναι μονάχα το σπάσιμο της
 παραδοσιακής μορφής ό,τι του δίνει τον τίτλο του προδρόμου, ούτε η επίδραση που άσκησε κι εξακολουθεί να ασκεί. Εκτός απ’ τα εξωτερικά γνωρίσματα, έχει και βαθύτερες συγγένειες με τη σύγχρονη ποίηση.
 Κ. Στεργιόπουλος (επιμ.), Η ελληνική ποίηση, Σοκόλης, Αθήνα 1990, τόμ. 3ος,
 σ. 197.
 1. Κωνσταντίνος Καβάφης
",history,12,8,8.000653799098359,0.0006778074330272,8,7.982306315725793,0.0074574494570161,4,4.000470395994853,0.0003541342850138,7,6.999983676595399,3.695912537051e-05,4,4.389616082888097,0.0756162090209977,5,4.561800894263946,0.0552579604247132,8,8.003312253561944,0.0031848302880505,7.001488169629738,7,7.000594267000949,0.0004500768861854,7.993029316654429,7.6,19.8,43.25317693059628,0.000716464
417,417,43,44,"Οι Μινωίτες πίστευαν, βασικά, σε ένα σύμπλεγμα γυναικείων θεοτήτων οι οποίες έχουν άμεση
 σχέση με τη βλάστηση και τη διαδοχή των εποχών, την άνθηση και τον μαρασμό, τον θάνατο
 και την ανάσταση. Στα χρόνια της ακμής του μινωικού πολιτισμού δεν υπήρχαν στην Κρήτη
 μεγάλοι ναοί αλλά μόνο μικρά ανακτορικά ή οικιακά ιερά. Οι πιστοί αισθάνονται τη θεότητα
 σαν κάτι μυστηριακό, φευγαλέο και άπιαστο. Συχνά η λατρεία του θείου πραγματοποιείται
 και σε σπήλαια, όπως στο Δικταίο Άντρο*, όπου οι πιστοί προσέφεραν μικρά ειδώλια που
 απεικόνιζαν τους ίδιους τους θεούς. Μεγάλη είναι η σημασία του ιερού δέντρου στη μινωική
 θρησκεία. Το κύριο ιερό δέντρο φαίνεται να είναι η ελιά. Από τα ζώα σημαντικό ρόλο παίζει
 στη μινωική θρησκεία ο ταύρος. Οι τελετές περιλάμβαναν χορούς και αγώνες, όπως τα
 ταυροκαθάψια. Το ιερατείο το αποτελούσαν κυρίως γυναίκες, αλλά υπήρχαν και άνδρες ιερείς.
 Επειδή δεν έχουν ακόμη αναγνωσθεί οι γραφές των Μινωιτών, μόνη πηγή πληροφόρησής μας
 για τη θρησκεία τους είναι τα έργα τέχνης που έφεραν στο φως οι ανασκαφές.
",history,10,7,7.118587366613998,0.0296993063595634,7,6.884520376233752,0.034019991696946,4,3.9859368614311848,0.0059374449803972,6,6.3821277490754085,0.0605657318978949,4,4.633497953072947,0.0753582798035755,3,3.0024720510492244,0.0013918839186321,7,7.061663541652123,0.0224918436968853,7.991416263666906,7,6.991184641721702,0.0040714317588253,7.994752688653534,2.6,11.6,43.86881720430108,0.000989065
418,418,25,26,"B Οι πηγές αφηγούνται...
 1. Του Νικοτσάρα
 «Ο Νικοτσάρας πολεμά με τρία βιλαέτια*,
 τη Ζίχνα και το Χάντακα, το έρημο το Πράβι.
 Τρεις μέρες κάνει πόλεμο, τρεις μέρες και τρεις νύχτες.
 χιόνι έτρωγαν, χιόνι έπιναν και τη φωτιά βαστούσαν.
 Τα παλικάρια φώναξε στες τέσσερες ο Νίκος:
 «Ακούστε παλικάρια μου, ολίγα κι αντρειωμένα,
 σίδερο βάλτε στην καρδιά και χάλκωμα στ’ αστήθι,
 αύριο πόλεμο κακό έχουμε με τους Τούρκους,
 αύριο να πατήσουμε, να πάρουμε το Πράβι».
 Το δρόμο πήραν σύνταχα* κι έφτασαν στο γεφύρι,
 Ο Νίκος με το δαμασκί* τον άλυσό του κόφτει.
 Φεύγουν οι Τούρκοι σαν τραγιά, πίσω το Πράβι αφήνουν».
 Αλέξης Πολίτης (επιμ.), Το δημοτικό τραγούδι. Κλέφτικα, Αθήνα 1973, σ. 58.
 * βιλαέτια = επαρχίες
 * σύνταχα = το πρωί
 * δαμασκί = είδος σπαθιού. Εδώ πρόκειται για τσεκούρι
",history,6,7,6.881156838693869,0.0623199071271019,4,4.50635707350375,0.0591022056777205,3,3.006684303777533,0.0032358107723126,5,5.930815092323883,0.0882472021036241,3,2.983772588380816,0.0447026063869952,3,2.98225330044869,0.0113194049673276,6,6.032654194440326,0.0104156415805485,7.13295854665148,7,6.991174543144686,0.0040139890439242,7.990990075276336,0.2,8.4,32.60663288807001,0.000740052
419,419,57,58,"Οι Πέρσες κυρίεψαν τις Σάρδεις και αιχμαλώτισαν τον Κροίσο, που βασίλεψε 14 χρόνια και
 πολιορκήθηκε 14 μέρες. Οι Πέρσες, αφού έπιασαν τον Κροίσο, τον έφεραν μπροστά στον Κύρο. Αυτός έδωσε διαταγή να ανάψουν μια μεγάλη φωτιά και να τον ανεβάσουν επάνω μαζί με 14
 νεαρούς Λυδούς, για να θυσιαστούν σε κάποιον
 θεό. Κι ενώ ο Κροίσος βρισκόταν πάνω στη φωτιά, θυμήθηκε τον Σόλωνα, που του είχε πει πως
 κανένας άνθρωπος δεν είναι απόλυτα ευτυχισμένος. Τότε αναστέναξε και φώναξε τρεις φορές: «Σόλωνα, Σόλωνα, Σόλωνα». Ο Κύρος παραξενεύτηκε και ζήτησε εξηγήσεις. Ο Κροίσος
 διηγήθηκε στον Κύρο πως τα πρώτα χρόνια της
 βασιλείας του τον είχε επισκεφτεί ένας Αθηναίος, ο Σόλωνας, που είχε περιφρονήσει τα πλούτη του και του είχε πει πολλά που τώρα βγήκαν
 αληθινά. Ο Κύρος, μόλις άκουσε αυτά, φοβήθηκε μήπως κάποτε τιμωρηθεί κι αυτός από τους
 θεούς γι’ αυτή του την πράξη. Έδωσε λοιπόν διαταγή να σβήσουν τη φωτιά και να κατεβάσουν
 τον Κροίσο και τους συντρόφους του.
 Ηρόδοτος, Ιστορία, Α ´, 86 (διασκευή)
",history,4,7,6.899129753272135,0.0297839130588613,6,6.33461447136051,0.084610461403818,3,3.000334852018625,0.0002429837946245,4,4.471722426996166,0.0565392063897828,4,3.773941803163325,0.0682625985939794,3,3.0373090116868844,0.0128636788563749,6,6.026237630258038,0.00980972414497,7.952571328674878,5,5.39007784743535,0.0660543620670668,7.00057247991208,2.6,10.7,40.01855670103093,0.000973364
420,420,186,187,"ΕΝΟΤΗΤΑ 47
 Η συμμετοχή της Ελλάδας στον Β´ Παγκόσμιο πόλεμο
 Η κατάληψη της Αλβανίας από την Ιταλία, το 1939, έφερε τον πόλεμο στα Βαλκάνια. Παράλληλα, κλιμακώθηκε η ιταλική επιθετικότητα εναντίον της Ελλάδας. Στις 15 Αυγούστου 1940 ιταλικό υποβρύχιο βύθισε στην Τήνο το ελληνικό πολεμικό πλοίο Έλλη. Αν και πολλά στοιχεία έδειχναν ότι ο ένοχος ήταν η Ιταλία, ο Μεταξάς τήρησε ήπια στάση επιδιώκοντας να αποφύγει τον πόλεμο.
 Ο ελληνοϊταλικός πόλεμος Τα
 ξημερώματα της 28ης Οκτωβρίου
 1940 η Ιταλία απαίτησε να γίνει
 δεκτή η είσοδος στρατευμάτων
 της στην Ελλάδα. Η άρνηση του
 Μεταξά καταγράφηκε στη συνείδηση του ελληνικού λαού ως ΟΧΙ.
 Σήμερα, η 28η Οκτωβρίου αποτελεί εθνική γιορτή των Ελλήνων.
 Ταυτόχρονα ξεκίνησε η ιταλική ει1. Έλληνες στρατιώτες κατά τον ελληνοϊταλικό πόλεμο.
 σβολή, που υποχρέωσε τις ελληνικές δυνάμεις σε υποχώρηση, μέχρι
 τα μέσα Νοεμβρίου 1940.
 1. Ο ελληνοϊταλικός πόλεμος μέσα από δύο μαρτυρίες στρατιωτών-λογοτεχνών
 α. Το κρύο ήταν φοβερό, αφάνταστο. Από το κρύο αυτές τις ώρες σού πονούσε κυριολεΑκολούθησε, όμως, μια αληθινά
 κτικά η ψυχή και σου ’ρχόταν, σα μωρό, να μπήξεις τα κλάματα, έτσι χωρίς να ξέρεις κι εσύ
 ηρωική ελληνική αντεπίθεση κατά
 τι ζητάς και τι θα βγάλεις μ’ αυτό. Απ’ το περιορισμένο του χώρου δεν μπορούσες να κάνεις
 την οποία απελευθερώθηκαν όλα
 δυο βήματα και καθόσουν εκεί ακίνητος, ξυλιασμένος, έτσι σα να ’χει παγώσει κι αυτό το
 τα ελληνικά εδάφη που βρίσκονταν
 ίδιο το μυαλό σου, χτυπώντας μόνο από καιρό σε καιρό το ’να σου χέρι με τ’ άλλο, έτσι σαν
 υπό ιταλικό έλεγχο και επιπλέον
 στο στίχο της απελπισίας του Σολωμού.
 καταλήφθηκαν οι πόλεις Κορυτσά,
 Γ. Μπεράτης, Το πλατύ ποτάμι (1946-47), Ερμής, Αθήνα 1992, σ. 145.
",history,12,8,7.790324893801447,0.0442990750541858,7,6.731272016350204,0.049333040839967,3,3.017986136185378,0.007235199219496,5,5.754387996817513,0.0865927944777415,4,4.503671901328744,0.0815082365039379,3,3.1826569164513785,0.0382495751979308,7,6.797505700070815,0.0834597930623473,7.977014092531277,7,6.9726489765089354,0.0098533234108826,7.9991938959186655,2.8,11.6,43.19852941176471,0.000866326
421,421,206,207,"Ο ναός της Αθηνάς
 Νίκης. Ο μικρός αλλά
 κομψότατος ιωνικός
 ναός της Αθηνάς Νίκης
 χτισμένος πάνω σε ψηλό
 πύργο περιβαλλόταν από
 μαρμάρινο στηθαίο με
 ανάγλυφες λεπτεπίλεπτες
 φτερωτές Νίκες που
 πρόσφεραν τρόπαια
 Νίκης στη θεά Αθηνά.
 Οι λεπτοί χιτώνες τους
 κολλούν σαν βρεγμένοι
 πάνω στα νεανικά σώματα
 αναδεικνύοντας τα κάλλη
 τους- υγρό* στυλ.
",history,10,8,7.996415541970194,0.0019215418274671,8,7.920579607351101,0.0236585464593471,4,3.9914355551034575,0.0039762740515357,7,6.999583412526022,0.0002985507290681,4,4.663100086152554,0.1083962852678765,3,3.1572581508617077,0.0367943844834745,8,7.994123373722562,0.0029412061075195,7.003589878570892,7,6.9999949171364335,0.0002804188764292,7.997422736552835,3.0,13.3,47.23809523809524,0.001047647
422,422,59,60,"Την εποχή αυτή οι Πέρσες προσπαθούσαν να μεγαλώσουν ακόμη
 πιο πολύ το κράτος τους. Ήρθαν σε σύγκρουση με τους Έλληνες.
 Βρήκαν μάλιστα ως αφορμή τη βοήθεια που είχαν στείλει οι Αθηναίοι
 και οι Ερετριείς στους Έλληνες της Μ. Ασίας.
 Άθως: η
 περιοχή της
 Χαλκιδικής
 όπου σήμερα
 βρίσκεται το
 Άγιο Όρος.
",history,4,5,5.327748540455225,0.0523428931157558,8,7.885485573700862,0.0344182771415745,2,2.0850989788682597,0.0233721717004473,4,4.032519058312722,0.0120987915043568,3,3.2763565497946274,0.0504412969413178,3,2.9993856444516673,0.0004327305818183,6,5.778803543555,0.0432928457342811,7.979666957293716,5,4.7562485035355735,0.0538623100624712,7.0066590862115845,1.1,8.1,37.38636363636364,0.000755459
423,423,31,32,"Ο Ναός του
 Σολομώντα.
 Αναπαράσταση.
 Ο πρώτος ναός στην
 Ιερουσαλήμ κτίστηκε
 κατά την περίοδο
 της βασιλείας
 του Σολομώντα.
 Την εποχή των
 βασιλέων ο ναός
 ήταν το κέντρο της
 θρησκευτικής ζωής
 του βασιλείου.
 Εκεί βρισκόταν η
 Κιβωτός της Διαθήκης,
 που περιείχε
 τις πινακίδες με τους
 νόμους τους οποίους
 έδωσε ο Θεός
 στον Μωυσή.
",history,10,5,5.390583298408103,0.0636810906638047,4,4.011218581661069,0.0037511669349025,2,2.3486452837513525,0.0519243229319751,4,4.13451619373609,0.0325139120380191,3,3.000750809776946,0.0438736938312796,3,2.5926673262307034,0.0542752849512852,6,5.624145261996233,0.0539195314066347,7.998674902454411,5,5.480905280215666,0.0949905999044559,7.08497234438255,1.3,9.5,39.18620689655173,0.000695702
424,424,44,45,"Επειδή δεν έχουμε κατανοητά γραπτά κείμενα, δε γνωρίζουμε καλά τη
 θρησκεία των Κρητών, οι οποίοι είχαν μια τόσο υψηλή αίσθηση του ωραίου.
 Μαντεύουμε όμως ότι ήταν μια θρησκεία αισιόδοξη, που προέτρεπε να επικοινωνήσει ο πιστός με τις εσωτερικές δυνάμεις της ζωής και του προσέφερε ελπίδες ευτυχίας. Στο μινωικό πάνθεον οι θεές παίζουν μεγαλύτερο ρόλο
 από αυτόν των ανδρών. Παριστάνονται κάτω από το ιερό δένδρο, στην
 κορυφή ενός όρους, επάνω σε ένα πλοίο ή σείοντας μιαν ασπίδα. Άγρια
 ζώα και πτηνά τις συνοδεύουν. Είναι οι διάφορες μορφές που λαμβάνει η
 αρχέγονη μητέρα-γη, η οποία ενσαρκώνει τη ζωική ορμή και εκτείνει την
 κυριαρχία της στα φυτά, στα ζώα και στους ανθρώπους. Ασφαλώς επιβίωση μιας πρωτόγονης μητριαρχίας* που ενώνει τη γυναίκα με τις δυνάμεις
 της ζωής.
 Pierre Lévéque, L’aventure grecque, σ. 40 (Μετ. Β.Σ.)
",history,10,8,7.561719300292278,0.0552661307998271,8,7.97952577141988,0.0101438449821662,4,3.9959357174448087,0.0021308628173149,7,6.595571385760898,0.0591693204989551,5,5.236006444320083,0.1036344164267215,5,4.619500311544471,0.058576956337209,8,7.704728077834346,0.0492063784869265,7.001317475999713,7,6.968428898657294,0.0113385038772857,7.988844833540497,2.6,11.8,40.07532467532467,0.000799928
425,425,180,181,"Στο πλαίσιο αυτό, τα αίτια του Β´ Παγκόσμιου πολέμου πρέπει να αναζητηθούν:
 – στους ταπεινωτικούς όρους που επιβλήθηκαν στα ηττημένα κράτη του Α´ Παγκόσμιου πολέμου, με αποτέλεσμα να
 εξουθενωθούν οικονομικά και να θιγεί το εθνικό αίσθημα των λαών τους, ιδίως των Γερμανών
 – στο ότι οι συνθήκες ειρήνης άφηναν ανικανοποίητα πιεστικά αιτήματα διαφόρων χωρών (π.χ. Ιταλία) και εθνοτήτων
 (π.χ. γερμανικές μειονότητες σε διάφορα κράτη)· όλοι αυτοί αναζητούσαν ευκαιρίες αναθεώρησης των συνθηκών
 – στην οξύτατη οικονομική κρίση που μάστιζε την Ευρώπη και τον κόσμο, μετά το 1929, δημιουργώντας το έδαφος για τη
 δράση αυτόκλητων «σωτήρων», όπως ο Μουσολίνι και ο Χίτλερ, που επέβαλαν ολοκληρωτικά και επιθετικά καθεστώτα
 – στον φόβο των δυτικών Δυνάμεων απέναντι στη Σοβιετική Ένωση, που τις έκανε να αντιμετωπίζουν για πολύ καιρό
 με αδράνεια, αν όχι με ικανοποίηση, την επιθετικότητα της ναζιστικής Γερμανίας, ελπίζοντας ότι θα μπορούσαν να τη
 χρησιμοποιήσουν ως ανάχωμα που θα εμπόδιζε την εξάπλωση της σοβιετικής επιρροής στην Ευρώπη
 – στην αδυναμία της Κοινωνίας των Εθνών να λάβει οποιοδήποτε αποτελεσματικό μέτρο για την αποτροπή του επερχόμενου πολέμου.
 ΑΣΚΗΣΕΙΣ – ΔΡΑΣΤΗΡΙΟΤΗΤΕΣ
 1. Να παρουσιάσετε το περιεχόμενο των όρων «Άξονας Ρώμης-Βερολίνου» και «πολιτική κατευνασμού».
 2. Αφού μελετήσετε την πηγή 1 και την εικόνα 2, να δοκιμάσετε να ερμηνεύσετε την «πολιτική κατευνασμού» που
 ακολούθησαν η Μ. Βρετανία και η Γαλλία απέναντι στη ναζιστική Γερμανία.
 3. Αφού μελετήσετε τις πηγές 2α και 2β, να καταγράψετε και να σχολιάσετε σε σύντομο κείμενο τα κίνητρα που
 ώθησαν Γερμανία και Σοβιετική Ένωση στην υπογραφή του συμφώνου Ρίμπεντροπ-Μολότοφ.
",history,12,8,7.993434643412641,0.0033427872837909,8,7.904730365823344,0.0253404638866165,4,4.000028655389542,5.627697547524779e-05,7,6.993897094698241,0.0029883981606729,4,4.523798621710739,0.0954456136946323,3,3.020317517220974,0.0079819491285162,8,7.991548619872674,0.0041021233158401,7.37753850539292,7,6.999447560223416,0.0003895637367181,7.999288170598675,7.9,21.1,64.64912280701755,0.001038809
426,426,211,212,"στό τις φτωχότερες από τις χώρες του Τρίτου Κόσμου.
 Άμεσο αποτέλεσμα είναι ο υποσιτισμός και οι μαζικοί θάνατοι από πείνα, φαινόμενο αρκετά συχνό, ιδίως στην
 Αφρική.
 Η έλλειψη καθαρού νερού είναι μια ακόμη μάστιγα. Υπολογίζεται ότι τα αμέσως επόμενα χρόνια εκατομμύρια κάτοικοι φτωχών χωρών του Τρίτου Κόσμου θα πεθάνουν
 από έλλειψη καθαρού νερού.
 Επίσης, στα σοβαρά προβλήματα του Τρίτου Κόσμου
 θα πρέπει να συμπεριληφθούν η πολιτική αστάθεια, τα
 αυταρχικά καθεστώτα, ο θρησκευτικός φανατισμός που
 6. Η πληθυσμιακή αύξηση της N. Ασίας,
 οδηγεί σε ακρότητες, οι συχνοί και άγριοι πόλεμοι μεταξύ
",history,12,8,7.827102201372782,0.0386065588459229,8,7.945238761938526,0.0292378452962303,4,3.991446666469656,0.0039860840658558,7,6.996807131320111,0.0017347818064231,5,4.924421184719904,0.0603172845276318,4,3.777350548722552,0.042625205948975,8,7.784999132294047,0.0441212892233527,7.106687923842742,7,6.999983092854563,0.0001697475676812,7.999445121019107,1.2,11.4,43.47058823529412,0.000964778
427,427,146,147,"για την επιστροφή ή όχι του εξόριστου Κωνσταντίνου στην Ελλάδα.
 Στις εκλογές που έγιναν τον Νοέμβριο του 1920 οι Φιλελεύθεροι ηττήθηκαν. Αμέσως ο Βενιζέλος έφυγε από την
 Ελλάδα. Η νέα φιλοβασιλική κυβέρνηση οργάνωσε δημοψήφισμα για την επιστροφή ή όχι του Κωνσταντίνου. Το υπερβολικά υψηλό ποσοστό υπέρ του Κωνσταντίνου δημιούργησε βάσιμες υποψίες για νοθεία. Τον Δεκέμβριο του 1920 ο
 Κωνσταντίνος επανήλθε.
 Διπλωματικές επιτυχίες του τουρκικού κινήματος αντίστασης Παράλληλα, οι Δυνάμεις της Αντάντ είχαν αρχίσει να
 επανεξετάζουν τη στάση τους διαβλέποντας τη δυνατότητα του κεμαλικού κινήματος να είναι ο νικητής της σύγκρουσης. Η επιστροφή του Κωνσταντίνου, πολέμιου της Αντάντ στα χρόνια του Α´ Παγκόσμιου πολέμου, λειτούργησε ως
 πρόφαση για τις Δυνάμεις, ιδίως για τη Γαλλία και την Ιταλία, ώστε να αναθεωρήσουν τη στάση τους απέναντι στην
 Ελλάδα. Έτσι, ο Κεμάλ, αφού υπέγραψε συμφωνία συνεργασίας με τη Σοβιετική Ένωση (Μάρτιος 1921), προχώρησε στην
 υπογραφή σειράς συμφωνιών με τη Γαλλία (Μάρτιος και Οκτώβριος 1921) και την Ιταλία (Μάρτιος 1921) που προέβλεπαν
 την αποχώρηση των στρατευμάτων
 τους από τη Μικρά Ασία με αντάλ2. Ο ελληνικός στρατός μετά την εκστρατεία στον ποταμό Σαγγάριο
 λαγμα την παραχώρηση προνομίων
 Υπολογίσθηκε ότι η πέραν του Σαγγάριου προσπάθεια είχε μειώσει κατά 50% τη
 και διευκολύνσεων από την κεμαλική
 μαχητική δύναμη της (ελληνικής) Στρατιάς! [...] Σε μέτωπο 700 χιλιομέτρων οι αμυντικές
 Τουρκία. Μετά απ’ αυτά, οι ελληνικές
 δυνατότητες του καταπονημένου αυτού στρατού δεν παρείχαν καμία εμπιστοσύνη και
 μόνον η ρητορεία των ηγητόρων, οι οποίοι είχαν συνδέσει την κριτική και την έκφραση
 προσπάθειες είχαν πλέον μόνο την
 γνώμης με τις καθεστωτικές ισορροπίες της χώρας, διέβλεπε ελπίδες επιτυχίας στη
 αγγλική στήριξη, και αυτή σε διπλωσυνέχιση του πολέμου.
 ματικό, κυρίως, επίπεδο.
 Γ. Μαργαρίτης, «Οι πόλεμοι», Ιστορία της Ελλάδας του 20ού αιώνα, Βιβλιόραμα, Αθήνα
 Οι εξελίξεις έως τον Αύγουστο
 2003, τόμ. Α2, σ. 182.
 του 1922 Η νέα φιλοβασιλική κυβέρ-
",history,12,8,7.988949549001994,0.0049512099253391,8,7.777227178125145,0.0427463926669069,4,3.9999496718101,5.846906461478457e-05,7,6.9567343301332585,0.0144143090770866,5,4.8075569865758325,0.0788649406647926,4,3.754961951804944,0.0447517626567199,8,7.958140827307943,0.0142167446683013,7.095345525110588,7,6.984980719464602,0.0062726660899891,7.987560594644947,3.9,15.5,52.14484869092145,0.000996566
428,428,28,29,"Έτσι, το 1770 έγινε, με ρωσική υποκίνηση, ελληνική επανάσταση με κέντρο
 την Πελοπόννησο. Η κινητοποίηση, ωστόσο, των Ελλήνων δεν ήταν η απαιτούμενη, ενώ και ο μικρός αριθμός ρωσικών πολεμικών πλοίων που συμμε2. Κλέφτης
 τείχαν, με επικεφαλής τους αδερφούς Ορλόφ, αποδείχτηκε ανεπαρκής. Η
 επανάσταση, τα Ορλοφικά όπως ονομάστηκαν, καταπνίγηκε. Παρόμοια τύχη είχε και η ηρωική προσπάθεια του Έλληνα απεσταλμένου της Ρωσίας Λάμπρου Κατσώνη να ξεσηκώσει τους κατοίκους των νησιών του Αιγαίου.
 Τέλος, οι κάτοικοι του Σουλίου, αυτόνομης περιοχής στην Ήπειρο, συγκρούστηκαν με τον Αλή πασά των Ιωαννίνων, αλλά, παρά τον αγώνα που έκαναν, υποχρεώθηκαν το 1803 να εγκαταλείψουν την περιοχή.
 Ο Νεοελληνικός Διαφωτισμός Με αφετηρία τις παροικίες, ο ελληνισμός ήρθε σε επαφή με τις ιδέες του Διαφωτισμού. Οι έμποροι και γενικότερα οι Έλληνες που ταξίδευαν στην Ευρώπη έγιναν οι φορείς διάδοσης αυτών των ιδεών
 στον ελλαδικό χώρο. Καλλιεργήθηκε, λοιπόν, η αντίληψη ότι η λογική μπορεί όχι μόνο να εξηγήσει τον κόσμο αλλά
 και να τον αλλάξει. Η εκπαίδευση συνδέθηκε με τον αγώνα για ελευθερία.
 Έτσι, διαμορφώθηκε, γύρω στα μέσα του 18ου αιώνα, ένα κίνημα που, επιδιώκοντας τη διάδοση των διαφωτιστικών
 ιδεών μεταξύ των Ελλήνων, αποσκοπούσε στην ιδεολογική προετοιμασία του αγώνα για την ελευθερία. Το κίνημα αυ-
",history,12,8,7.678032783494858,0.0508398982879718,7,6.63118062775024,0.0571566991217387,4,3.9993854985323196,0.0004327415007804,7,6.991457575546519,0.0039175871732596,4,4.483287663684678,0.0678492120752534,3,3.0002242365480924,0.0001800803273097,8,7.738423806624581,0.0485971470715767,7.014059234510341,7,6.999996091235062,0.0001434366926339,7.976629794517066,2.6,13.3,46.992753623188406,0.001017956
429,429,6,7,"Αναγέννηση εμφανίστηκε πρώτα στην περιοχή της Βόρειας Ιταλίας και μέσα σε δυο
 αιώνες διαδόθηκε σε ολόκληρη την Ευρώπη. Κατά την Αναγέννηση οι άνθρωποι του
 πνεύματος στράφηκαν στη μελέτη του αρχαίου ελληνικού και του ρωμαϊκού πολιτισμού. Σ’
 αυτό βοήθησαν σημαντικά και Έλληνες λόγιοι, που κατέφυγαν στη Δυτική Ευρώπη αμέσως
 μετά την άλωση της Κωνσταντινούπολης (1453).
 Ένα κίνημα της Αναγέννησης, που εμπνεύσθηκε από την ελληνορωμαϊκή αρχαιότητα,
 ήταν ο Ουμανισμός (Ανθρωπισμός). Οι Ουμανιστές, πιστεύοντας στην αξία της γνώσης,
 έδωσαν έμφαση στον άνθρωπο και στις δυνατότητές του. Η διάδοση των ιδεών του Ουμανισμού διευκολύνθηκε πολύ από την εφεύρεση της τυπογραφίας.
 Την εποχή αυτή τέχνες, όπως η ζωγραφική, η γλυπτική και η αρχιτεκτονική, γνωρίζουν
 μεγάλη άνθιση. Μεγάλες μορφές της Αναγέννησης ήταν οι ζωγράφοι Σάντρο Μποτιτσέλι,
 Λεονάρντο Ντα Βίντσι, Μιχαήλ Άγγελος και Ραφαήλ καθώς και ο αρχιτέκτονας Φίλιππος
 Μπρουνελέσκι. Σπουδαία προσωπικότητα ήταν και ο Ολλανδός θεολόγος και φιλόλογος
 Έρασμος, που θεωρούσε ως αρετές την καλοσύνη και την ανοχή. Την αγάπη για τα ανθρώπινα δημιουργήματα διέδωσε με τα έργα του ο Άγγλος θεατρικός συγγραφέας Ουίλιαμ
 Σαίξπηρ. Στην Ισπανία διακρίθηκαν ο Μιχαήλ Θερβάντες με το μυθιστόρημα «Δον Κιχώτης»
 κι ο ζωγράφος Δομήνικος Θεοτοκόπουλος ή Ελ Γκρέκο (Ο Έλληνας).
 Εκτός όμως από τα γράμματα και τις τέχνες, αναπτύχθηκαν και οι επιστήμες. Την περίοδο της Αναγέννησης διατυπώθηκαν οι αστρονομικές θεωρίες του Κοπέρνικου και του
 Γαλιλαίου, ενώ βελτιώθηκε πολύ η ανατομία και η ιατρική.
 Στις αρχές του 16ου αιώνα (1517) με τη Θρησκευτική Μεταρρύθμιση οι νέες αυτές ιδέες άρχισαν να επηρεάζουν και τη θρησκεία. Η πρώτη φάση της ονομάζεται Προτεσταντική
 Μεταρρύθμιση. Οι Προτεστάντες, με επικεφαλής τον Γερμανό μοναχό Μαρτίνο Λούθηρο,
 εναντιώθηκαν στην εξουσία του Πάπα και στις καταχρήσεις της και δημιούργησαν ξεχωριστή γερμανική εκκλησία. Παρόμοιες ήταν οι εξελίξεις στην Αγγλία αλλά και στην Ελβετία,
 με πρωτεργάτη τον Ιωάννη Καλβίνο. Η Ρωμαιοκαθολική Εκκλησία αντέδρασε στην Προτεσταντική Μεταρρύθμιση με την Καθολική Μεταρρύθμιση, προσπαθώντας με μια σειρά από
 μέτρα, όπως για παράδειγμα την ίδρυση θρησκευτικών ταγμάτων, να φέρει και πάλι τους
 Προτεστάντες με το μέρος της.
 Την περίοδο της Αναγέννησης συχνοί ήταν οι πόλεμοι μεταξύ Προτεσταντών και Καθολικών. Από την άλλη πλευρά όμως, ενισχύθηκε η πίστη στη λογική και στην αυτονομία του
 ανθρώπου ενώ αναπτύχθηκε, κυρίως στο αγγλικό πολιτικό σύστημα, η αρχή της αντιπροσωπευτικής εξουσίας.
",history,6,8,7.528964031523307,0.0622105475895488,6,6.003770423365546,0.0092914683248676,4,3.999571216975255,0.0003046239903807,5,4.672414351621455,0.0759524771543484,3,3.4473539188729774,0.0584077429386133,3,3.0059026723981077,0.002918001368679,6,6.49202704127854,0.0652344192143175,7.995928385900669,6,6.254782025515738,0.0641794883321491,7.132959248883253,3.3,15.3,53.55024154589371,0.001168427
430,430,235,236,"Την εποχή που ο ελληνικός κόσμος σπαράσσεται από έριδες
 και συγκρούσεις, στην ιταλική χερσόνησο ο αντίστοιχος ιταλικός
 σταδιακά ενοποιείται. Η ένωση αυτή γίνεται με κέντρο τη Ρώμη,
 η οποία σε μικρό χρονικό διάστημα έγινε κοσμοκράτειρα. Η
 Ρώμη απέκτησε γρήγορα δύναμη χάρη στην προνομιακή της
 θέση. Ήταν κτισμένη στις όχθες του Τίβερη ποταμού, μέσω
 του οποίου έφθαναν εκεί τα ελληνικά και φοινικικά πλοία με
 άφθονα εμπορεύματα. Η ανάπτυξή της αποτέλεσε πόλο έλξης
 για πολλούς κατοίκους της υπαίθρου.
 Πρώτο πολίτευμα της Ρώμης ήταν η βασιλεία. Το 509 π.Χ. οι
 ευγενείς ανέτρεψαν τον βασιλιά και το πολίτευμα πήρε δημοκρατικό χαρακτήρα. Σημαντικό
 ρόλο στη δημόσια ζωή απέκτησαν οι δύο ύπατοι, οι οποίοι εκλέγονταν για έναν χρόνο.
 Παρά τη μικρή διάρκεια της θητείας τους, η εξουσία τους σε θέματα πολιτικά και στρατιωτικά
 ήταν μεγάλη. Η Σύγκλητος ήταν ένα συμβουλευτικό σώμα με ισόβια μέλη. Οι αποφάσεις της,
 χωρίς να είναι δεσμευτικές για τους υπάτους, ήταν σεβαστές.
 Από κοινωνική άποψη οι πολίτες διακρίνονταν σε πατρίκιους και πληβείους 1. Οι
 πατρίκιοι προέρχονταν από παλιές οικογένειες γαιοκτημόνων, ενώ οι πληβείοι αποτελούσαν
 τα φτωχότερα στρώματα της κοινωνίας. Ήταν πολίτες δεύτερης κατηγορίας. Παροιμιώδεις
 έμειναν οι αγώνες των πληβείων για κοινωνική εξίσωση. Όταν αυτή επιτεύχθηκε, επικράτησε
 κοινωνική ειρήνη, η οποία έδωσε την ευκαιρία στη Ρώμη να επεκτείνει την κυριαρχία της.
 Οι Ρωμαίοι σταδιακά επέβαλαν την κυριαρχία τους στον ιταλικό βορρά και αργότερα στον
 νότο, όπου ανθούσαν οι ελληνικές πόλεις. Τελευταία υπέκυψε η πόλη των Συρακουσών,
 έπειτα από ασφυκτική πολιορκία.
 Οι Συρακούσιοι κατάφερναν να αποκρούουν τις ρωμαϊκές επιθέσεις χάρη στην ευρηματικότητα του μεγαλύτερου μηχανικού της αρχαιότητας Αρχιμήδη, τον οποίο σκότωσε ένας
 Ρωμαίος στρατιώτης αμέσως μετά την άλωση της πόλης (212 π.Χ.).
 Σκληρή ήταν η σύγκρουση των Ρωμαίων με τους Καρχηδόνιους για την κυριαρχία της
",history,10,8,7.938076397473242,0.0188830495569483,7,6.623292903400433,0.0542304029316933,4,3.999821022976505,0.000139360909594,6,5.44656149473758,0.0722742719204989,4,3.8303499524863582,0.0554746261366537,3,3.0953615518105835,0.025283433998226,8,7.935444426973845,0.0195542217012668,7.085096363553987,6,6.406303294872146,0.0674187955655167,7.085095577614538,1.4,12.2,48.35579937304075,0.000898206
431,431,188,189,"Ύφασμα από την
 Αίγυπτο με
 παράσταση του
 Αλέξανδρου. Φέρει
 την επιγραφή:
 Μακετόν
 Αλεξάντερος
 (Ουάσιγκτον,
 Μουσείο
 Υφασμάτων)
 Η διοίκηση
",history,10,5,5.256013996405272,0.0371954173184459,4,4.000037852130731,5.964668121636409e-05,3,2.995395012415223,0.0023658381328742,7,6.285526309344277,0.0819973581400791,3,2.8351941207356504,0.0438802942690547,3,2.9526138111493196,0.0153609453944394,5,5.575497721823922,0.077003353960523,7.952573950953337,7,6.950497361082853,0.0140490066757564,7.999363172959036,-0.4,13.7,54.97826086956522,0.000861388
432,432,75,76,"ετά την καταστροφή στη μάχη του Πέτα, στις 4 Ιουλίου του 1822, μέρος των αποδεκατισμένων ελληνικών δυνάμεων κατάφερε να φτάσει στο Μεσολόγγι και βάλθηκε να το
 οχυρώνει, ώστε να καθυστερήσουν οι Τούρκοι πολιορκώντας το.
 Η ελληνική επαναστατική Κυβέρνηση, για ν’ αντιμετωπίσει την κρίσιμη κατάσταση, διόρισε στρατηγό τον Μάρκο Μπότσαρη, ο οποίος καταγόταν από ονομαστή οικογένεια του
 Σουλίου. Ο Μπότσαρης, στα τέλη του φθινοπώρου του 1822 ήρθε σ’ επαφή με τον Τούρκο
 πασά Ομέρ Βρυώνη, που πολιορκούσε το Μεσολόγγι και άρχισε διαπραγματεύσεις μαζί του
 για την παράδοση της πόλης. Κέρδισε έτσι χρόνο, αναγκάζοντας τα οθωμανικά στρατεύματα
 όταν ήρθε ο χειμώνας να αποχωρήσουν προσωρινά.
 Το καλοκαίρι του 1823 ο Σουλτάνος έστειλε στη Στερεά Ελλάδα τον Μουσταφά Πασά
 με πολυάριθμο στρατό και στόχο την άλωση του Μεσολογγίου. Οι τουρκικές δυνάμεις στρατοπέδευσαν στη θέση Κεφαλόβρυσο, κοντά στο Καρπενήσι. Την ίδια στιγμή οι Έλληνες
 οπλαρχηγοί ήταν διχασμένοι μεταξύ τους για την αρχιστρατηγία.
 Μπροστά στον κίνδυνο που τους απειλούσε, ο Μπότσαρης κάλεσε τους οπλαρχηγούς
 να συμφιλιωθούν και ενωμένοι ν’ απωθήσουν τους Τούρκους. Δίνοντας ο ίδιος το παράδειγμα, έσκισε το δίπλωμα της στρατηγίας του και τη νύχτα στις 8 Αυγούστου του 1823 έκανε αιφνιδιαστική επίθεση (γιουρούσι) στο οθωμανικό στρατόπεδο με λιγοστούς Σουλιώτες
 και γυμνές σπάθες.
 Κατά τη διάρκεια όμως της επίθεσης ο Μπότσαρης έπεσε νεκρός από ένα εχθρικό βόλι
 και μεταφέρθηκε από παλικάρια του στο Μεσολόγγι, όπου και τάφηκε με τιμές. Στη μάχη
 αυτή οι Σουλιώτες εξόντωσαν εκατοντάδες Οθωμανούς στρατιώτες και κέρδισαν πολλά λάφυρα, επιβεβαιώνοντας τη φήμη τους ως γενναίων και αδάμαστων πολεμιστών. Η μάχη στο
 Κεφαλόβρυσο θεωρείται ως το σημαντικότερο πολεμικό γεγονός στη διάρκεια του 1823
 στην περιοχή της Στερεάς Ελλάδας. Ωστόσο, ένας από τους γενναιότερους και τιμιότερους
 αγωνιστές της Επανάστασης, ο Μάρκος Μπότσαρης, είχε θυσιαστεί στον αγώνα για την
 ελευθερία.
",history,6,8,7.917276907274722,0.0227749325960805,6,6.369263817275189,0.0559434199560938,4,3.9859425366902315,0.0059435308807823,5,5.18543236634514,0.0473214437511362,4,4.010921546741656,0.0398017071498622,3,3.0474243583711313,0.0153344874032057,8,7.82882672267624,0.036355271095248,7.2018100911136,7,6.8372897168131885,0.0375545404847016,7.998069310490337,4.8,16.7,58.05288461538461,0.001228
433,433,272,273,"Γλυπτική: Στη γλυπτική
 είναι Έλληνες γλύπτες που
 αναζήτησαν εργασία στη
 Ρώμη και που έδωσαν τον
 τόνο δημιουργώντας εκτός
 από αντίγραφα και νέα έργα
 αναμειγνύοντας τεχνοτροπίες
 της ελληνικής τέχνης – εκλεκτικά έργα. Τα ρωμαϊκά
 πορτρέτα αποτελούν ίσως την
 πιο χαρακτηριστική γλυπτική
 δημιουργία των Ρωμαίων.
 Άλλοτε έντονα ρεαλιστικά και
 άλλοτε πιο κοντά στα έργα της
 κλασικής εποχής χάρισαν έξοχες
 απεικονίσεις προσωπικοτήτων
 τόσο των δημοκρατικών χρόνων
 όσο και των αυτοκρατόρων
 και των μελών της οικογένειάς
 τους. Για την απεικόνισή τους
 χρησιμοποιούνται τα σώματα
 κλασικών αγαλμάτων θεών σε συνδυασμό με το πορτρέτο του
 αυτοκράτορα ή άλλων προσωπικοτήτων, μερικές φορές με
 αντιαισθητικό αποτέλεσμα. Εκτός από τα αγάλματα αναπτύσσεται και το ιστορικό ανάγλυφο, με απεικονίσεις σημαντικών
 ιστορικών γεγονότων, όπως τα πολεμικά κατορθώματα των
 αυτοκρατόρων πάνω στον κορμό κολοσσιαίων κιόνων και
 θριαμβικών τόξων. Ως επιτάφια μνημεία, εκτός από τις
",history,10,7,7.1820801723570185,0.0383738778585687,7,7.1252765898007056,0.0408597061107934,4,3.9959307849749734,0.0021260880898254,7,6.912549925629719,0.0241121985203378,5,4.950950315309456,0.076177624357034,3,3.1067852505457267,0.0273134658848021,8,7.591977938670368,0.0546210157862177,7.00856900283361,7,6.995259562445199,0.0024445873325412,7.9238592041656375,4.7,18.8,60.990610328638496,0.001226376
434,434,95,96,"2. Οι θέσεις των επαναστατών του Θέρισου, 1905
 Οι υπογεγραμμένοι, αποτελούντες την εν Κρήτη αντιπολίτευσιν [ενν. προς τον πρίγκιπα Γεώργιο], συνελθόντες εν Χανίοις τη 26ην Φεβρουαρίου 1905, αποσκοπούντες εις την εκπλήρωσιν του Εθνικού Προγράμματος, αποφασίζομεν:
 Α) Πρώτον και κύριον μέλημα ημών έστω η επίτευξις
 του από αιώνος επιδιωκομένου σκοπού, της ενώσεως
 της Κρήτης μετά της ελευθέρας Ελλάδος.
 Β) Αδυνάτου αποβαίνοντος του σκοπού τούτου, θέλομεν επιδιώξει την πολιτικήν προσέγγισιν της πατρίδος προς την ελευθέραν Ελλάδα, μεταβαλλομένης από
 διεθνούς απόψεως της σημερινής καταστάσεως.
 Γ) Μη εκπληρουμένου μηδέ του σκοπού τούτου θέλομεν επιδιώξει την αναθεώρησιν του ημετέρου συντάγματος κατά το πρότυπον του ελληνικού, όπως απαλλαγή
 ο τόπος του δεσποτισμού.
 Του προγράμματος τούτου την πραγματοποίησιν
 θέλομεν επιδιώξει και δι’ ενόπλων λαϊκών συναθροίσεων. [...]
 Πηγή: Κ. Σβολόπουλος, «Η Κρητική Πολιτεία από το
 1899», Ιστορία του ελληνικού έθνους, Εκδοτική Αθηνών,
 τόμ. ΙΔ´, σ. 208-209.
 3. Ο Ελευθέριος Βενιζέλος στο Θέρισο κατά την επανάσταση του 1905.
",history,12,8,7.999692180809689,0.0003362992449137,8,7.931418903845042,0.0205618306993358,4,3.9940924336931403,0.0029128954825321,7,6.999830104841664,0.0001328508804507,4,4.238390292972326,0.0539076132847638,3,2.989394604251231,0.0051248540293322,8,7.999144524147184,0.0006376539223046,7.007572782595162,7,7.000025950715113,4.123215553369456e-05,7.999373063228575,4.4,18.2,47.86964886964887,0.000841401
435,435,123,124,"(Ο πόλεμος είναι πατέρας όλων, όλων βασιλιάς.
 Άλλους ανέδειξε σε θεούς και άλλους σε
 ανθρώπους, άλλους έκανε δούλους και άλλους
 ελεύθερους.)
 Απόσπ. 40
 Δεν μπορούμε να μπούμε δυο φορές στο ίδιο
 ποτάμι, κατά τον Ηράκλειτο, ούτε ν’ αγγίξουμε
 δυο φορές μια ουσία θνητή, γιατί σκορπίζεται
 και πάλι μαζεύεται με την οξύτητα και την
 ταχύτητα της μεταβολής, (και μάλιστα όχι πάλι,
 ούτε αργότερα, αλλά ταυτόχρονα εμφανίζεται και
 χάνεται) και πλησιάζει και απομακρύνεται.
 J. Brun (επιμ.), Ηράκλειτος, μτφρ. Σ. Διαμαντή.
 Μετάφραση αυθεντικών αποσπασμάτων από Π.
 Γκέκα, εκδ. Πλέθρον, Αθήνα 1994
",history,10,8,8.167594738126525,0.0384320157972455,8,8.215452059454805,0.0439067295249155,4,4.164384282990341,0.0359953868922944,7,7.000131965226476,0.0001193582592089,7,6.951783285444435,0.0253850778681261,5,5.115468105577747,0.0310321711942383,8,8.193392247932252,0.0421455853055703,7.00217624020479,7,7.029300316983694,0.0106412183621249,7.997906310420284,3.1,13.9,37.12560386,0.00065741
436,436,95,96,"παράθεμα 1 Οι κόρες του Κάστρου
 Στα χρόνια που η Ελλάδα ήταν στα χέρια των Τούρκων, επισκέφτηκε
 την Αθήνα ο Άγγλος λόρδος Έλγιν. Με τη βοήθεια των Τούρκων αφαίρεσε ένα μέρος από τα γλυπτά του Παρθενώνα και τα μετέφερε στην
 πατρίδα του.   Μια μέρα, ένας Άγγλος άρχοντας ανέβηκε στην Ακρόπολη για να βγάλει και να πάρει μαζί του τις έξι μαρμαρένιες κόρες.
 Πήρε τη μια κι άφησε παραγγελιά στους Τούρκους να πάνε τη νύχτα να
 βγάλουν και να του κουβαλήσουν και τις άλλες.
 Πραγματικά, τη νύχτα πήγαν οι Τούρκοι να πάρουν τις κόρες αλλά,
 όταν ανέβηκαν στο Κάστρο, κόντεψαν να τρελαθούν από τον φόβο
 τους. Οι μαρμαρένιες κόρες έκλαιγαν και φώναζαν την αδελφή τους
 που την είχε πάρει ο μιλόρδος κι όλος ο τόπος αντηχούσε από τα μοιρολόγια τους. Το ’βαλαν στα πόδια οι Τούρκοι κι ούτε που θέλησαν
 ποτέ να ξαναπάνε να πειράξουν τις κόρες.
 Πολλοί άνθρωποι, κάτω από το Κάστρο, άκουγαν τις κόρες να κλαίνε
 τις νύχτες και να ζητάνε την αδελφή τους.
 Ζωή Βαλάση, Το τεσσεραφύλλι.
",history,4,6,5.999158432192905,0.00155583198432,7,7.263539658983063,0.0725986554367389,3,2.9999692759413072,7.578382271686501e-05,4,4.133112296477805,0.031772068781482,4,3.9507723175720457,0.055321432799866,3,2.8176184650207254,0.03818001931559,6,6.000149104668992,0.0007387365126826,7.914899377164204,4,4.4394396041968776,0.0559507192074404,7.001460198182031,3.5,10.0,40.03782505910166,0.001050049
437,437,76,77,"Ματιά στο παρελθόν
 Ο θάνατος του Μάρκου Μπότσαρη
 Ο ηρωισμός και η ανιδιοτέλεια του Μάρκου Μπότσαρη συγκί­
 νησαν πολλούς Φιλέλληνες. Ο αμερικανός ποιητής Fitz-Greene
 Halleck για να τον τιμήσει έγραψε στα αγγλικά το ποίημα με τίτλο
 «Marco Bozzaris», ενώ ανάλογο ποίημα του αφιέρωσε και ο Ελβε­
 τός ποιητής Just Olivier. Επίσης, ο Επτανήσιος μουσικοσυνθέτης
 Παύλος Καρρέρ έγραψε το 1858 την όπερα «Μάρκος Μπότσα­
 ρης».
 Ο τάφος του Μάρκου Μπότσαρη
 στον «Κήπο των Ηρώων» στο Μεσολόγγι
",history,6,7,7.439152146585968,0.0623174612796015,6,6.232088152495123,0.0473626211015201,3,3.468792385784468,0.0555075708887974,7,6.769644763157913,0.0471354636132176,3,3.531521008506388,0.0630024852490985,3,3.00192584233821,0.0011238723111376,6,6.135715976085116,0.0323238850036981,7.957910623523105,7,6.993796981892956,0.0029072062545767,7.998002346175781,4.7,13.4,48.13636363636364,0.001147075
438,438,130,131,"κυριαρχήσουν, από τον Μάιο του 1917, στα σοβιέτ. Ιδιαίτερα ενισχυμένοι πλέον οργάνωσαν νέα επανάσταση στην Πετρούπολη (25 προς 26
 Οκτωβρίου 1917), που επικράτησε και έμεινε γνωστή ως οκτωβριανή
 επανάσταση.
 Αμέσως μετά την επικράτηση της επανάστασης, η νέα επαναστατική
 κυβέρνηση, με πρόεδρο τον Λένιν, αφαίρεσε από τους ιδιοκτήτες τους
 και έθεσε υπό τον έλεγχό της όλες τις μεγάλες οικονομικές μονάδες
 (μεγάλα αγροκτήματα, εργοστάσια, τράπεζες, μεταφορικά μέσα κ.ά.),
 ανέθεσε τη διοίκηση των εργοστασίων στα σοβιέτ των εργατών και
 των μεγάλων αγροκτημάτων στα σοβιέτ των αγροτών και αναγνώρισε
 το δικαίωμα της αυτοδιάθεσης στις διάφορες εθνότητες της χώρας.
 Οι μπολσεβίκοι θεωρούσαν ότι η νέα σοσιαλιστική Ρωσία δεν είχε θέση
 στον Α´ Παγκόσμιο πόλεμο, αφενός γιατί εκτιμούσαν ότι αυτός ήταν ιμπεριαλιστικός και από τις δύο πλευρές και αφετέρου επειδή έκριναν ότι όλες
 οι διαθέσιμες δυνάμεις θα έπρεπε να αφοσιωθούν στην ανασυγκρότηση
 της χώρας. Έτσι, η νέα κυβέρνηση απέσυρε τη Ρωσία από την Αντάντ υπογράφοντας με τη Γερμανία τη συνθήκη ειρήνης του Μπρεστ-Λιτόφσκ (3
",history,12,8,8.013669494314854,0.0064514486874404,8,7.967012960532051,0.0117600476085412,4,4.0292058175198235,0.0107145722483631,7,7.000623948361067,0.0004269998468497,5,5.084889080419089,0.0801358575909074,3,3.033079497818691,0.0116869246658292,8,7.993502415927765,0.004335913849229,7.053400016405391,7,7.067542925582302,0.019869290894149,7.998632222489107,6.5,18.9,61.10109289617486,0.001288767
439,439,129,130,"Αριστίων
 στέκουν ακίνητες απέο Πάριος».
 ναντι στον θεατή, με
 μόνο σημάδι κίνησης
 την προβολή του αριστερού ποδιού, και δράσης, ανάλογα με το θέμα, το λύγισμα των χεριών.
 Σπουδαία έργα τέχνης είναι και οι ανάγλυφες επιτάφιες πλάκες –επιτύμβιες στήλες.
 Μεγάλη είναι η άνθηση της κεραμικής στους αρχαϊκούς χρόνους. Η γεωμετρική διακόσμηση
 δίνει τώρα τη θέση της στη φυτική, που επηρεάζεται έντονα από την Ανατολή, και στην
 εικονιστική – σκηνές από τον μύθο και την καθημερινή ή θρησκευτική ζωή. Μεγάλα κέντρα,
 όπως η Κόρινθος τον 7ο και η Αθήνα τον 6ο αιώνα π.Χ., εφευρίσκουν νέες τεχνικές για τη
 διακόσμηση των αγγείων. Μία σπουδαία τεχνική, επηρεασμένη από τη διακόσμηση των
 χάλκινων αγγείων, είναι η μελανόμορφη, στην οποία οι μορφές και τα κοσμήματα βάφονται
 ολόμαυρα πάνω στην κοκκινωπή επιφάνεια των αγγείων, ενώ οι λεπτομέρειες δηλώνονται
 με χάραξη. Τα τελευταία χρόνια της αρχαϊκής περιόδου εμφανίζεται και η ερυθρόμορφη
 τεχνική που είναι η αντίστροφη της μελανόμορφης. Τώρα οι μορφές είναι κόκκινες πάνω
 στη μαύρη γυαλιστερή επιφάνεια των αγγείων. Πλήθος νέων διακοσμητικών θεμάτων, σκηνές
 από την καθημερινή και τη θρησκευτική ζωή, αλλά κυρίως από τη μυθολογία, διακοσμούν τις
 επιφάνειες των ποικιλόμορφων μικρών και μεγάλων αγγείων και στις δύο τεχνικές.
 Συγχρόνως ανθίζουν η μεταλλοτεχνία, η μικροτεχνία*, τα ειδώλια από πηλό και χαλκό. Η
 ευημερία και το καλό γούστο διαπιστώνονται σε κάθε εκδήλωση της ζωής.
",history,10,8,7.97058538674537,0.0106845974538985,8,7.993630077878947,0.006151505697226,4,3.970690848916849,0.0106306344476723,7,6.9851886728429236,0.006213338134023,4,4.354922063212143,0.0852459222600726,4,3.99292634153619,0.0150879653600601,8,7.996391976008454,0.001973248796643,7.00857297481798,7,6.999129190272129,0.0006901500482449,7.981740550196264,2.6,13.2,48.43076923076923,0.001133104
440,440,25,26,"Φαραώ χτίζουν τους τάφους τους «στην
 κοιλάδα των βασιλέων»* και οικοδομούν
 λαμπρούς ναούς, όπως του Καρνάκ, του
 Λούξορ και του Αμπού Σιμπέλ.
 Ο Φαραώ θεωρείται γιος του υπέρτατου θεού των Αιγυπτίων, του Όσιρι. Είναι απόλυτος
 κυρίαρχος, διοικεί τον στρατό και είναι ο ανώτατος θρησκευτικός αξιωματούχος. Ο Φαραώ
 για να κυβερνά χρησιμοποιεί πλήθος κρατικών υπαλλήλων.
 Οι χωρικοί αποτελούν τα εννέα δέκατα του αιγυπτιακού πληθυσμού και δεν είναι ιδιοκτήτες
 των κτημάτων που καλλιεργούν. Πληρώνουν στους κατόχους της γης (Φαραώ, κρατικούς
 υπαλλήλους, ιερατείο) βαρείς φόρους. Οι τεχνίτες ζουν στις πόλεις. Είναι ξυλουργοί,
 οικοδόμοι, σιδηρουργοί, επεξεργαστές μετάλλων, χρυσοχόοι, ξυλογλύπτες και λιθοξόοι.
",history,10,6,6.148394473367357,0.0338789390493654,6,6.49569181322579,0.0705771744436257,3,3.0016971214549812,0.0010114160512432,4,4.087356663253502,0.0241572193453652,4,3.8490027509396896,0.0587812348606347,3,3.00512082831483,0.002713993874832,6,6.010005967931498,0.0045257673767557,7.99029078651165,7,5.969560677027403,0.1000374506637618,7.998666229681859,0.9,14.0,47.356404958677686,0.001014334
441,441,185,186,"Ο Β´ Παγκόσμιος πόλεμος στον κινηματογράφο
 Κ. Άνακιν, Α. Μάρτον, Μπ. Γουίκι, Ντ. Ζανούκ, Η πιο μεγάλη μέρα του
 πολέμου (1962).
 Κινηματογραφική απόδοση της απόβασης στη Νορμανδία.
 Μπλέικ Έντουαρντς, Τι έκανες στον πόλεμο, μπαμπά; (1966).
 Δηκτική σάτιρα για τον Β´ Παγκόσμιο πόλεμο.
 Σάμιουελ Φούλερ, Οι τέσσερις της ηρωικής ταξιαρχίας (1979).
 Κλασικό, αντιπολεμικό αριστούργημα που παρουσιάζει την προσπάθεια του ανθρώπου να επιβιώσει μέσα στην παράνοια του πολέμου.
 Στίβεν Σπίλμπεργκ, Η διάσωση του στρατιώτη Ράιαν (1997).
 Τέρενς Μάλικ, Λεπτή κόκκινη γραμμή (1998).
 Δύο αντιπολεμικές ταινίες που δίνουν ιδιαίτερη έμφαση στην επίδραση
 του πολέμου στον ψυχικό κόσμο και στις ισορροπίες των πολεμιστών.
 Όλιβερ Χίρσμπιγκελ, Η πτώση (2004).
 Οι τελευταίες μέρες του Χίτλερ σε μια ταινία που δίχασε τη Γερμανία.
",history,12,8,7.776591657579559,0.042906617216959,7,6.844929152376608,0.0467365415781439,4,3.9933117339325364,0.003231070746182,7,6.999368581696672,0.0004209452823899,4,4.053234873455949,0.0795675163422818,3,3.3779586471391667,0.0534225361518278,8,7.67753291639663,0.051025327990543,7.02594989445231,7,6.999917459749213,0.0001040839774667,7.999274200922798,-0.1,11.3,36.43920595533498,0.000797731
442,442,33,34,"ρκετοί από τους δασκάλους του Γένους ήταν ή έγιναν αργότερα κληρικοί. Κάποιοι
 σπούδασαν στην τουρκοκρατούμενη Ελλάδα ενώ άλλοι στα Ιόνια Νησιά, στις Παραδουνάβιες Ηγεμονίες και στο εξωτερικό.
 Οι δάσκαλοι του Γένους δίδασκαν σε ναούς, σε σχολεία και σε δημόσιους χώρους.
 Έγραφαν επίσης επιστολές και άρθρα σε περιοδικά και εφημερίδες είτε ολόκληρα βιβλία,
 που τα τύπωναν με την υποστήριξη της Εκκλησίας, των Φαναριωτών ηγεμόνων ή φιλομαθών εμπόρων. Με το έργο τους βοήθησαν στην ίδρυση σχολείων και την τόνωση της ελληνικής παιδείας, στην ιδεολογική προετοιμασία της Μεγάλης Επανάστασης του 1821 και στην
 ανάπτυξη του Φιλελληνισμού στη Δύση.
 Φωτισμένοι πνευματικοί άνδρες έδρασαν σε όλη τη διάρκεια της Τουρκοκρατίας. Ιδιαίτερα σημαντική ήταν, όπως αναφέρθηκε, η δράση των Ελλήνων λογίων στη Δύση. Κατά
 τον 18ο και στις αρχές του 19ου αιώνα οι ιδέες και τα κηρύγματα του Ευρωπαϊκού Διαφωτισμού κυριαρχούσαν στη Δυτική Ευρώπη. Οι νέες φιλελεύθερες και ριζοσπαστικές ιδέες
 έφτασαν γρήγορα και στην ελληνική Χερσόνησο, δυναμώνοντας την επαναστατική διάθεση
 των υπόδουλων Ελλήνων. Η πνευματική αυτή δραστηριότητα ονομάστηκε Νεοελληνικός
 Διαφωτισμός.
 Ο Νεοελληνικός Διαφωτισμός ανέδειξε μεγάλες μορφές στα ελληνικά γράμματα, όπως
 ο Φαναριώτης νομικός Δημήτριος Καταρτζής και ο Κερκυραίος κληρικός Ευγένιος Βούλγαρης, που δίδαξε στην Αθωνιάδα Σχολή φιλοσοφία και μαθηματικά. Επίσης δύο ξαδέλφια
 από τη Θεσσαλία, ο Γρηγόριος Κωνσταντάς και ο Δανιήλ Φιλιππίδης, συνέγραψαν στη δημοτική γλώσσα τη «Γεωγραφία Νεωτερική», ενώ ο Κοζανίτης γιατρός Μιχαήλ Περδικάρης
 σατίρισε σε πεζά και σε στίχους πρόσωπα και γεγονότα της εποχής του.
 Το 1806 εκδόθηκε στην Ιταλία η «Ελληνική Νομαρχία», ένα έργο άγνωστου συγγραφέα αφιερωμένο στον Ρήγα Βελεστινλή. Στο σημαντικό αυτό κείμενο του Νεοελληνικού
 Διαφωτισμού καταδικάζεται η «αναρχία» και η «μοναρχία» και προβάλλεται ως ιδανική διοίκηση η «νομαρχία», δηλαδή το πολίτευμα όπου εξουσιάζουν οι νόμοι.
 Ξεχωριστή προσωπικότητα αποτελεί ο άγιος Κοσμάς ο Αιτωλός, ο οποίος συνδύαζε το
 πνεύμα του Νεοελληνικού Διαφωτισμού και της παιδείας με τη θρησκευτική πίστη και την
 εθνική συνείδηση. Ήταν λόγιος μοναχός του Αγίου Όρους, ιεροκήρυκας και μάρτυρας. Το
 κήρυγμά του έβρισκε μεγάλη απήχηση στον υπόδουλο ελληνικό πληθυσμό της υπαίθρου,
 όπου περιόδευσε για να αναχαιτίσει τους εξισλαμισμούς, ιδρύοντας σχολεία.
",history,6,8,7.918523100427709,0.0231299418564133,6,6.437752622066682,0.0552711948050237,4,3.999828669307135,0.0001469173174545,7,6.950201985448075,0.0160363092235886,4,4.646896218489729,0.0777321734380999,3,3.0003338408384934,0.0002441055870977,8,7.424631125521046,0.0765318941194435,7.201809852722533,7,6.998750441287257,0.0007798853690627,7.9980678114516195,3.8,16.8,59.84225308,0.001189216
443,443,252,253,"την άμεση γνωριμία των πανάρχαιων πολιτισμών της Ανατολής και της Αιγύπτου και τις
 προσωπικές παρατηρήσεις όσων συνόδευσαν τον Μακεδόνα βασιλιά στην μακριά πορεία
 του, ήταν φυσικό να οδηγήσουν σε μία άνευ προηγουμένου ακμή των επιστημών.
 Παράλληλα, και με βάση την επιστημονική γνώση, αναπτύσσεται και η τεχνολογία, κυρίως
 κατασκευές πολεμικών μηχανών (Αρχιμήδης από τις Συρακούσες) αλλά και μηχανών για
 την ανύψωση, μεταφορά και άλλες λειτουργίες ογκωδών αντικειμένων και κατασκευών, που
 χρησιμοποιούνται ακόμη και στις καλές τέχνες, π.χ. στη γλυπτική (κολοσσιαίος Ηρακλής
 Λυσίππου στον Τάραντα που ήταν αδύνατο να μετακινηθεί με το χέρι), ενώ εμφανίζονται και
 σύνθετα μουσικά όργανα, όπως η ύδραυλη (Κτησίβιος από την Αλεξάνδρεια). Εφευρίσκονται
 επίσης αυτόματες μηχανές, που κινούνται δηλαδή από μόνες τους, με τη βοήθεια του νερού
 και του αέρα (Ήρων από την Αλεξάνδρεια). Πάντως οι τεχνικές εφευρέσεις των ελληνιστικών
 χρόνων δε χρησιμοποιήθηκαν για τη βελτίωση και αύξηση της παραγωγής που θα ανέπτυσσαν
 την οικονομία και θα αύξαιναν τον πλούτο για όλες τις κοινωνικές τάξεις. Η υπερπροσφορά
 φθηνών εργατικών χεριών (δούλοι) ήταν πιθανότατα ένας από τους σημαντικότερους λόγους
 για το φαινόμενο αυτό.
 Η Νέα Κωμωδία με κύριο εκπρόσωπο τον Μένανδρο από τη Αθήνα (342/1-291/90 π.Χ.),
 μία κωμωδία που σατιρίζει και διακωμωδεί ανθρώπινους χαρακτήρες, όπως τον τσιγκούνη
 πατέρα, τον έξυπνο δούλο, την παμπόνηρη και αρπακτική εταίρα κ.ά., είναι επίσης πολύ
 δημοφιλές είδος και θα επηρεάσει τους Λατίνους θεατρικούς συγγραφείς στη συνέχεια και
 διαμέσου αυτών το νεότερο ευρωπαϊκό θέατρο.
 Αλλά και η ποίηση θα στραφεί τους χρόνους αυτούς περισσότερο στον απλό άνθρωπο και
 στην καθημερινή ζωή. Ο Καλλίμαχος από την Κυρήνη με τις ελεγείες* του, η βουκολική*
 ποίηση του Θεόκριτου και άλλων ποιητών και οι μίμοι* μας διέσωσαν σκηνές της
 καθημερινής ζωής και της λατρείας των απλών πιστών εξυμνώντας τις μικρές χαρές
 της ζωής κοντά στη φύση. Στα ίδια
 θέματα στράφηκε και το ελληνιστικό
",history,10,8,7.998511538469483,0.000925848408497,8,7.940176996614187,0.018426854723972,4,3.999893175305715,9.148031678975804e-05,7,6.700164022515473,0.0502795455314758,5,5.252446425278322,0.064863483226866,4,3.995210426393797,0.0029212348771956,8,7.999199256128719,0.0007104795850565,7.017981018971568,7,6.996366852620099,0.0019540392013162,7.97963438219449,5.8,17.8,57.74509803921568,0.001342846
444,444,60,61,"Μυκηναϊκό αγγείο
 από την Πρόσιμνη
 Αργολίδας (μέσα
 15ου αιώνα π.Χ).
 Το χαρακτηριστικό
 αυτό μυκηναϊκό αγγείο
 διακοσμείται με
 χταπόδι και άλλα
 θαλασσινά μοτίβα.
 (Αθήνα, Εθνικό
 Αρχαιολογικό Μουσείο)
 Εγχειρίδιο από τον
 λακκοειδή τάφο IV
 των Μυκηνών
 (περίπου
 1550-1500 π.Χ.).
 Το χάλκινο εγχειρίδιο
 διακοσμείται με
 εξαιρετικά ζωντανή
 παράσταση κυνηγιού
 λιονταριού.
 (Αθήνα, Εθνικό
 Αρχαιολογικό
 Μουσείο)
",history,10,6,6.006527189873607,0.00448843798826,4,4.145374598156195,0.0271828188584855,3,2.989013389151868,0.0048578444235749,4,4.0660841644696575,0.0201853807856211,3,3.338566117990922,0.0574964038862152,3,3.000517983975044,0.0005111960754404,6,5.996932798844423,0.0018111089409865,7.9875674456263255,4,4.954185827733454,0.0835312635024183,7.017875822057249,0.2,15.5,43.94567404426559,0.000935522
445,445,36,37,"παράθεμα 1 Ένας σπάνιος θησαυρός
 Να καλείς σε τραπέζι αυτόν που σ' αγαπά
 και ν' αφήνεις στην άκρη τον εχθρό σου.
 Κι εκείνον που κάθεται πιο κοντά σου να καλείς.
 Γιατί, αν τύχει καμιά ανάγκη στον τόπο,
 οι γείτονες γυμνοί θα τρέξουνε, ενώ οι συγγενείς
 θα μείνουν πρώτα να ντυθούνε. Ο κακός ο γείτονας
 είναι μεγάλη συμφορά, ενώ ο καλός είναι μεγάλος θησαυρός.
 Έχει μεγάλη τύχη αυτός που έχει γείτονα καλό.
 1. Ο Ησίοδος (Ρώμη, Αρχαιολογικό Μουσείο)
",history,4,8,7.650469345860813,0.0522694554676169,8,7.950754333724035,0.016599490739131,3,3.0259619872117582,0.0096733543859377,5,4.919457541962629,0.0640731968733587,4,4.370985713088885,0.1031376174140819,3,3.106039424264054,0.0283457427626271,7,7.447428787443584,0.0659379665298549,7.993301637728621,7,6.796273418453893,0.0375635149740623,7.999596557208761,1.2,7.5,34.88198757763975,0.000722965
446,446,43,44,"Οι Σπαρτιάτες έδιναν τέτοια
 ανατροφή στις γυναίκες, ώστε
 να είναι δυνατές στο σώμα και
 γενναίες στην ψυχή. Άξιες γυναίκες και μάνες πολεμιστών,
 οι οποίες παρακινούσαν τους
 άνδρες να δείξουν ανδρεία στη
 μάχη. Η Σπαρτιάτισσα μητέρα,
 όταν έδινε την ασπίδα στον γιο
 της έλεγε: «Ἢ τὰν ἢ ἐπὶ τᾶς». Η
 φράση αυτή σημαίνει ή να φέρεις πίσω την ασπίδα νικητής ή
 να σε φέρουν πάνω σ’ αυτή νεκρό.
 Πλούταρχος, Λακωνικά αποφθέγματα, 16 ( διασκευή)
",history,4,7,6.960086360505564,0.0186768768179682,8,7.860690739616984,0.0339680808572868,3,3.005220155847656,0.0026213684692904,4,4.294542385701213,0.0488225958171049,4,4.395633043831367,0.071688479478162,4,3.685185451284667,0.0525029118508519,6,6.068816628510831,0.0204600480240002,7.990290664498502,5,5.008502437036896,0.0229433179484579,7.017960080254852,1.8,9.4,36.94022988505747,0.00090406
447,447,280,281,"Οι Χριστιανοί
 μάρτυρες στην
 Αρένα.
 Πίνακας του
 Jean-Louis Gérome.
 Πινακοθήκη
 Βαλτιμόρης.
 Τι σου κάνει
 ιδιαίτερη εντύπωση
 από τον πίνακα;
",history,10,5,5.503508083289489,0.0673698834019025,8,8.093505915487185,0.0438422615797429,2,1.9996007186225366,0.0003310205250592,5,5.466893586955848,0.1096521394110483,7,6.559416953716209,0.069000349483368,3,3.0158791852074955,0.0065871597189536,6,5.399008269421756,0.0628989842582,7.989013387162913,7,6.864728289219784,0.0258460698648153,7.9998571983019815,-0.3,11.0,34.25,0.000628049
448,448,33,34,"με πρωτεύουσα την Ιερουσαλήμ, ιδρύουν ένα ισχυρό κράτος με διαδοχικούς βασιλείς τον
 Σαούλ, τον Δαβίδ και τον Σολομώντα. Γρήγορα, όμως, το κράτος διασπάται και στο τέλος
 καταλύεται από τους Ασσύριους.
 Οι Εβραίοι είναι ο πρώτος μονοθεϊστικός λαός της ανθρώπινης ιστορίας. Πιστεύουν σε
 έναν παντοδύναμο θεό. Κατά τους Εβραίους ο Θεός απευθύνεται σε αυτούς με τους προφήτες.
 Οι προφήτες έχουν ως έργο τους να μεταφέρουν τον λόγο του Θεού στον λαό και να τον
 κρατούν στον δρόμο της αληθινής θρησκείας. Από τότε που οι Εβραίοι έχασαν την ανεξαρτησία
 τους, οι προφήτες αναγγέλλουν την έλευση ενός Μεσσία, σταλμένου από τον Θεό για να τους
 απελευθερώσει.
 Το ιερό βιβλίο των Εβραίων είναι η Εβραϊκή Βίβλος ή Παλαιά Διαθήκη. Γράφτηκε σταδιακά
 κατά την 1η χιλιετία, από τον 10ο έως τον 2ο αιώνα π.Χ. Διηγείται την ιστορία του εβραϊκού λαού
 και εκθέτει τα στοιχεία της θρησκευτικής του πίστης.
",history,10,6,6.1844263197479,0.0407723065504065,6,6.018552320383545,0.0091174081037178,3,3.085099264647397,0.0233728561548359,5,4.776546709822924,0.0735159344044951,4,3.926372180008002,0.0513326719429835,3,3.0003337507414827,0.0002445736067179,7,6.586145401563158,0.0609566893728108,7.999288126414029,7,6.86109729670784,0.0331865847169586,7.997515260939508,1.8,10.1,42.186956521739134,0.000934281
449,449,97,98,"παράδοση της Ακρόπολης στους Τούρκους πολιορκητές της, τον Μάιο του 1827, ολοκλήρωσε την τουρκική κυριαρχία στη Στερεά Ελλάδα. Δυσοίωνη ήταν η κατάσταση και
 στην Πελοπόννησο, όπου παρέλυσε κάθε αντίσταση στην Ηλεία, ερημώθηκε η Μεσσηνία
 και καταστράφηκε εντελώς η Τριπολιτσά.
 Μετά τη ναυμαχία του Ναυαρίνου όμως, τον Οκτώβριο του 1827, οι Έλληνες κατάλαβαν ότι η απελευθέρωσή τους δεν θα αργούσε. Παρόλο που οι στρατιωτικές ενέργειες απαγορεύονταν από τις Μεγάλες Δυνάμεις, ο Αγώνας αναζωπυρώθηκε: ο Γάλλος συνταγματάρχης Κάρολος Φαβιέρος με τακτικό στρατό αποβιβάστηκε στη Χίο. Δυνάμωσε η επαναστατική
 δραστηριότητα στην Κρήτη, ενώ πόλεις και χωριά της Στερεάς Ελλάδας, όπως η Θήβα, η
 Λιβαδιά, η Άμφισσα, το Καρπενήσι ακόμη και το ίδιο το Μεσολόγγι, απελευθερώθηκαν από
 τον Δημήτριο Υψηλάντη, τον Κίτσο Τζαβέλα και άλλους οπλαρχηγούς.
 Οι νίκες του ελληνικού στρατού καθώς και η προσπάθεια του Καποδίστρια να μη δυσαρεστήσει καμιά από τις Μεγάλες Δυνάμεις, βοήθησαν στη διεύρυνση των συνόρων του
 ελληνικού κράτους. Καθώς αναμενόταν να φτάσουν στην Πελοπόννησο Γάλλοι στρατιώτες
 για ν’ αποχωρήσουν τα αιγυπτιακά στρατεύματα, ο Κυβερνήτης έστειλε πολεμικά πλοία στον
 Αμβρακικό κόλπο, ώστε να συμπεριληφθεί και η περιοχή αυτή στα όρια του νέου κράτους.
 Η Υψηλή Πύλη, από την πλευρά της, κρατούσε αδιάλλακτη στάση απορρίπτοντας κάθε
 συζήτηση για αυτονομία ή ανεξαρτησία της Ελλάδας. Ωστόσο, η ήττα της Οθωμανικής Αυτοκρατορίας στον Ρωσοτουρκικό Πόλεμο του 1828-1829 ανάγκασε τον Σουλτάνο να δεχτεί
 να αρχίσουν διαπραγματεύσεις. Οι Άγγλοι και οι Γάλλοι, για να περιορίσουν τις επιδιώξεις
 της Ρωσίας και την αυξημένη επιρροή της στους επαναστατημένους Έλληνες, πρότειναν την
 ανεξαρτησία της Ελλάδας.
 Έτσι, τον Φεβρουάριο του 1830 υπογράφηκε στο Λονδίνο από τις τρεις συμμαχικές
 Δυνάμεις (Αγγλία, Γαλλία, Ρωσία) η πολιτική ανεξαρτησία της Ελλάδας, με τα σύνορά της
 στη γραμμή Αχελώου - Σπερχείου ποταμού. Δύο χρόνια αργότερα, το 1832, τα σύνορα του
 ελληνικού κράτους διευρύνθηκαν στη γραμμή Αμβρακικού κόλπου – Παγασητικού κόλπου.
 Τα νέα σύνορα αναγνωρίστηκαν και από την Υψηλή Πύλη. Έπειτα από δέκα χρόνια συγκρούσεων η ύπαρξη ανεξάρτητου ελληνικού κράτους, αναγνωρισμένου από τις Μεγάλες
 Δυνάμεις της εποχής, ήταν πλέον γεγονός.
",history,6,8,7.997598850445627,0.0022234602523647,6,6.09374902349964,0.0262007033931936,4,3.9999884176468186,8.082139056352594e-05,6,5.971931303682368,0.0702191712936421,4,3.815930301303524,0.0641610176364463,3,3.268950139738479,0.0467577453050066,8,7.84784551306187,0.0355727530597312,7.468788749271425,7,6.954950757932238,0.0148291171549273,7.996402465816118,5.2,17.9,59.86936592818946,0.001271934
450,450,54,55,"Ματιά στο παρελθόν
 Η Ιερή Συμμαχία καταδικάζει την ελληνική Επανάσταση
 Το επαναστατικό κίνημα του Αλέξανδρου Υψηλάντη συνέπεσε χρονικά με
 το Συνέδριο της Ιερής Συμμαχίας στο Λάιμπαχ (σημερινή Λουμπλιάνα της
 Σλοβενίας). Όταν ο τσάρος Αλέξανδρος Α΄ πληροφορήθηκε από τον Ιω­
 άννη Καποδίστρια τις εξελίξεις, έσπευσε να διαχωρίσει τη θέση του. Απο­
 δοκίμασε την ενέργεια του Υψηλάντη, ενώ ταυτόχρονα τον διέγραψε από
 τον ρωσικό στρατό. Ο Καποδίστριας, με προσωπική επιστολή που έστειλε
 Άποψη της Λουμπλιάνας σήμερα
 στον Υψηλάντη στις 14 Μαρτίου του 1821, του μεταβίβασε τη «θλίψη» του
 τσάρου για τον «παραλογισμό» που είχε επιδείξει. Του ανέφερε επίσης πως
 η Ρωσία ζούσε ειρηνικά με την Οθωμανική Αυτοκρατορία και πως δεν επρόκειτο για χάρη του να έρθει σε ρήξη
 μαζί της. Το Συνέδριο της Ιερής Συμμαχίας στο Λάιμπαχ καταδίκασε κάθε επαναστατική κίνηση στην Ευρώπη.
",history,6,7,7.128441685028399,0.0334499177735746,7,6.338371047229657,0.0872071856261744,3,3.407334030294237,0.0542756391444653,7,6.603590777258887,0.0646978356920429,3,3.5185970835100306,0.0604863878391581,3,3.106746802685393,0.027297385993065,7,6.9479379124721845,0.0458067940531692,7.99538513721086,7,6.992985732058514,0.0032948733825433,7.994724439289712,4.7,15.7,56.47278911564626,0.001236581
451,451,263,264,"Κεσσανλή (1930-2004), Κώστα Τσόκλη (1930), Χρύσας (1933), Δημήτρη Μυταρά (1934), Αλέκου Φασιανού (1935), Γιάννη
 Κουνέλλη (1936), Λουκά Σαμαρά (1936), Αλέξη Ακριθάκη (1939-1994), Γιάννη Ψυχοπαίδη (1945) κ.ά.
 Η μουσική στην Ελλάδα του 20ού αιώνα χαρακτηρίστηκε από διάφορες απόπειρες ανανέωσης των μουσικών μορφών.
 Οι ανακατατάξεις των αρχών του 20ού αιώνα σε συνδυασμό με την αναζωπύρωση της συζήτησης για το νόημα και τη
 μοίρα του ελληνισμού έκαναν ορισμένους συνθέτες να επιδιώξουν τη δημιουργία μιας ελληνικής εθνικής μουσικής σχολής. Κύριοι εκφραστές αυτής της προσπάθειας ήταν ο Γεώργιος Λαμπελέτ και ο Μανόλης Καλομοίρης, που με τα έργα
 τους θέλησαν να αναπλάσουν τα δημοτικά μουσικά μοτίβα αναβιώνοντας πολλά στοιχεία της ελληνικής μουσικής παράδοσης. Παράλληλα, οι Δημήτρης Μητρόπουλος και Νίκος Σκαλκώτας επηρεάστηκαν από τις σύγχρονες διεθνείς τάσεις και επιχείρησαν να εκφραστούν με πρωτοποριακά μουσικά σχήματα επηρεασμένα από τον υπερρεαλισμό.
 Ευρύτερα, πάντως, επικρατούσαν είτε η δημοτική μουσική, κυρίως στην ύπαιθρο, είτε τα εξελληνισμένα ελαφρά ευρωπαϊκά και αμερικανικά τραγούδια (τραγούδια του Αττίκ). Επιπλέον, μετά το 1922 άρχισαν να κάνουν την εμφάνισή
 τους, κυρίως σε κύκλους του κοινωνικού περιθωρίου, τα πρώτα ρεμπέτικα τραγούδια, που είχαν φέρει μαζί τους οι Μικρασιάτες πρόσφυγες και τα οποία μιλούσαν για θέματα της καθημερινής λαϊκής ζωής.
 Μετά τον Β´ Παγκόσμιο πόλεμο, το λαϊκό τραγούδι, με κορυφαίες μορφές τον συνθέτη Βασίλη Τσιτσάνη και τον τραγουδιστή Στέλιο Καζαντζίδη, κυριάρχησε. Νεότεροι συνθέτες στράφηκαν προς τη μουσική παράδοση και άντλησαν
 από αυτή διάφορα στοιχεία (Διονύσης Σαββόπουλος), ενώ, παράλληλα, το ρεμπέτικο άρχισε να απενοχοποιείται και
 να συγκεντρώνει το ενδιαφέρον των συνθετών. Το μπουζούκι, όργανο-σύμβολο της λαϊκής μουσικής, έγινε αποδεκτό.
 Κύριοι πρωταγωνιστές αυτών των αλλαγών υπήρξαν ο Μάνος Χατζιδάκις και ο Μίκης Θεοδωράκης. Ιδιαίτερα λυρικός
 και ρομαντικός ο πρώτος, περισσότερο επικός και με έντονο κοινωνικό προβληματισμό ο δεύτερος, καθόρισαν τη μορφή της σύγχρονης ελληνικής μουσικής. Δίπλα τους ιδιαίτερη ήταν και η συμβουλή του Σταύρου Ξαρχάκου. Παράλληλα,
 στη λεγόμενη λόγια μουσική ξεχώρισαν οι συνθέτες Ιάννης Ξενάκης και Γιάννης Χρήστου, που με τα πρωτοποριακά
 έργα τους κατατάσσονται στις σημαντικότερες μορφές της παγκόσμιας μουσικής του 20ού αιώνα. Μετά την πτώση
 της δικτατορίας γνώρισε ιδιαίτερη διάδοση το πολιτικό τραγούδι, κυρίως μέσα από τις συνθέσεις των Μίκη Θεοδωράκη, Μάνου Λοΐζου και Γιάννη Μαρκόπουλου και τις φωνές του Γρηγόρη Μπιθικώτση και του Νίκου Ξυλούρη. Στα χρόνια, ωστόσο, που ακολούθησαν επικράτησε η τάση παραγωγής τραγουδιών άμεσης κατανάλωσης. Αυτό, βέβαια, δεν
 εμπόδισε την παράλληλη εμφάνιση νέων, ιδιαίτερα αξιόλογων συνθετών και τραγουδιστών.
 Ο κινηματογράφος στην Ελλάδα διαδόθηκε ουσιαστικά στα χρόνια του Β´ Παγκόσμιου πολέμου.
 Αμέσως μετά ακολούθησαν ταινίες επηρεασμένες
 από τον ιταλικό νεορεαλισμό που μιλούσαν με
 ευαισθησία για κοινωνικά θέματα (Γ. Γρηγορίου, Πι-
",history,12,8,7.992564774482275,0.0037594243625633,7,7.024030448835376,0.0107480554698684,4,4.000068617866418,0.0001046184083081,7,6.993029565537199,0.0033379398629375,5,5.127423269092105,0.0769653595623658,3,3.0019260627337303,0.0011225702623062,8,7.990233418211829,0.0045463946422518,7.468785230488606,7,6.99746255839591,0.001430596425513,7.990282575855417,4.7,18.7,61.11578947,0.001230232
452,452,222,223,"ΕΝΟΤΗΤΑ 55
 Όξυνση της πολιτικής κρίσης
 και η δικτατορία της 21ης Απριλίου 1967 (1963-1974)
 Οι δύο κυβερνήσεις Γεώργιου Παπανδρέου (1963-1965) Ο πρόεδρος της Ενώσεως Κέντρου Γεώργιος Παπανδρέου,
 διακηρύσσοντας την ανάγκη ομαλής λειτουργίας των δημοκρατικών θεσμών, κέρδισε τις εκλογές και κυβέρνησε από
 το 1963 έως το 1965. Ο βασιλιάς Παύλος, για να μετριαστεί το αντιβασιλικό κλίμα και να ξεπεραστεί η πολιτική ένταση
 των προηγούμενων ετών, φάνηκε να δέχεται τη λαϊκή ετυμηγορία υπέρ της Ένωσης Κέντρου. Στους κόλπους της,
 εξάλλου, υπήρχαν στελέχη με τα οποία διατηρούσε καλές σχέσεις.
 Κατά τη 17μηνη θητεία του, ο Γ. Παπανδρέου έλαβε μέτρα ανακούφισης των ασθενέστερων τάξεων, κατάργησε ορισμένα από τα πιο αυταρχικά μέτρα σε βάρος της Αριστεράς και προσπάθησε να περιορίσει τις αμερικανικές επεμβάσεις στη χώρα. Σε συνεργασία με τον παιδαγωγό Ευάγγελο Παπανούτσο, επιχείρησε να προωθήσει καίριες αλλαγές στα εκπαιδευτικά πράγματα, όπως τη θέσπιση της δωρεάν παιδείας, την καθιέρωση της δημοτικής γλώσσας και
 γενικότερα τον εκδημοκρατισμό και εκσυγχρονισμό της εκπαίδευσης.
 Το 1965, ωστόσο, ξέσπασε σοβαρή κρίση στις σχέσεις του Γ. Παπανδρέου
 με τον βασιλιά Κωνσταντίνο, που είχε ανέβει στον θρόνο το 1964, μετά τον
 θάνατο του πατέρα του Παύλου. Βλέποντας τις αλλαγές που έκανε ή δοκίμαζε να κάνει ο Γ. Παπανδρέου, ο Κωνσταντίνος και όλο το μετεμφυλιακό
 κατεστημένο φοβήθηκαν μήπως χάσουν τον πλήρη έλεγχο του στρατού,
 του κύριου στήριγματός τους. Με πρόσχημα, λοιπόν, καταγγελίες της αντιπολίτευσης ότι δήθεν στον στρατό δρούσε, με την ανοχή της κυβέρνησης
 Παπανδρέου, μια αντιβασιλική οργάνωση αξιωματικών, ο Κωνσταντίνος
 αξίωσε να επιλέξει ο ίδιος τον υπουργό Εθνικής Άμυνας, πράγμα αντίθετο
 με το σύνταγμα. Επίσης, δεν επέτρεψε στον πρωθυπουργό να αναλάβει ο
 1. Οι Κωνσταντίνος και Γ. Παπανδρέου.
 ίδιος αυτό το νευραλγικό υπουργείο. Όπως ήταν αναμενόμενο, ο Γ. Παπανδρέου αντέδρασε. Τότε ο Κωνσταντίνος, όχι μόνο εξανάγκασε, τον Ιούλιο
 του 1965, τον πρωθυπουργό σε παραίτηση, αλλά και προχώρησε σε διάσπαση του κόμματός του, της Ενώσεως Κέντρου, πείθοντας, με ποικίλους τρόπους, στελέχη του να εγκαταλείψουν τον αρχηγό τους. Οι πολιτικοί αυτοί
 ονομάστηκαν, από τον λαό, αποστάτες και η ενέργειά τους αποστασία.
 Η πορεία προς τη δικτατορία (1965-1967) Σχεδόν ταυτόχρονα τεράστιες
 διαδηλώσεις αποδοκίμασαν τις βασιλικές ενέργειες το καλοκαίρι του 1965
 (Ιουλιανά). Ύστερα από δύο αποτυχημένες προσπάθειες, σχηματίστηκε, και
 με τις ψήφους της ΕΡΕ, κυβέρνηση από πολιτικούς που είχαν εγκαταλείψει
",history,12,8,7.939171715310408,0.0190266665152889,7,6.970229632548509,0.0161775748657167,4,3.9983037381734903,0.0010119342532164,7,6.984256829088736,0.005711144256679,4,4.707308933373042,0.0818831356258911,3,3.0013243716960005,0.0008123941105983,8,7.948493506757686,0.0162743318270103,7.245080890782447,7,6.998317878937087,0.0009987060054736,7.996402459673618,3.7,15.8,58.502906976744185,0.001229553
453,453,237,238,"Μωσαϊκό που
 εικονίζει τον
 Αρχιμήδη και τον
 Ρωμαίο στρατιώτη.
 Σύμφωνα με την
 παράδοση ο μεγάλος
 μαθηματικός, όταν
 είδε τον στρατιώτη
 να κινείται απειλητικά
 εναντίον του,
 επιθυμώντας να
 προστατέψει τα σχέδιά
 του, είπε τη φράση:
",history,10,7,6.987904109495833,0.0178573156801665,8,7.322522401854258,0.0423823825920446,2,2.182423608032863,0.0381498602449439,5,4.777545763843591,0.0771258425777115,3,3.384381011266669,0.0567003355683625,3,2.9981008612532207,0.0011472920637858,5,5.49842627262106,0.0713487316361366,7.98593626972945,4,4.345509755788953,0.0562119271049758,7.085062337624549,2.8,13.7,55.3974359,0.001092163
454,454,31,32,"παράθεμα 3 Η ασάφεια των χρησμών
 Κάποτε ο Κροίσος, που ήταν ο βασιλιάς
 των Λυδών, θέλοντας να εκστρατεύσει
 εναντίον των Περσών, ρώτησε το μαντείο
 των Δελφών αν θα κέρδιζε στον πόλεμο.
 Το μαντείο απάντησε: «Αν ο Κροίσος περάσει τον Άλυ ποταμό, θα καταστρέψει
 ένα κράτος». Ο Άλυς χώριζε τα κράτη της
 Περσίας και της Λυδίας. Ο Κροίσος πέρασε τον Άλυ, έδωσε τη μάχη, αλλά νικήθηκε. Τότε όλοι κατάλαβαν ότι το μαντείο
 εννοούσε ότι ο Κροίσος περνώντας τον
 Άλυ θα κατέστρεφε το δικό του κράτος.
 Ηρόδοτος, Ιστορία, Α ~, 53 (διασκευή)
",history,4,6,6.049336048274558,0.0159471793816529,7,6.914360342711007,0.0688451219289919,3,3.000008311779311,1.7915957742086397e-05,4,4.067624719321444,0.0200003435673847,3,3.111227652380819,0.0335681082086586,3,2.9904310998972505,0.0044986111702496,6,6.000942853563174,0.0006169569923348,7.994088261687324,5,4.873771835862499,0.0342374471639503,7.001884920508019,2.0,9.1,42.93730886850153,0.000896688
455,455,42,43,"χτύπημα στον τουρκοαιγυπτιακό στόλο.
 Η φάση της κάμψης (1825-1827) Στις αρχές του 1825 ο Ιμπραήμ, θετός γιος του Μοχάμετ Άλι της Αιγύπτου, αποβιβάστηκε στην Πελοπόννησο επικεφαλής ενός καλά οργανωμένου τακτικού στρατού. Χωρίς σοβαρή αντίσταση από τις ελληνικές δυνάμεις,
 που ήταν καταπονημένες από τον εμφύλιο πόλεμο (βλέπε επόμενη ενότητα), ανακατέλαβε μεγάλο τμήμα της Πελοποννήσου. Η ηρωική προσπάθεια του Παπαφλέσσα να τον
 σταματήσει (μάχη στο Μανιάκι, 20 Μαΐου 1825) δεν είχε αποτέλεσμα. Μόνο στους Μύλους, περιοχή κοντά στο Άργος, οι Δημήτριος Υψηλάντης, Κωνσταντίνος Μαυρομιχάλης
 4. Παπαφλέσσας
 και Μακρυγιάννης κατάφεραν να πλήξουν τις δυνάμεις του Ιμπραήμ (13 Ιουνίου 1825).
 2. Η πείνα βασανίζει τους αγωνιστές του Μεσολογγίου
 Aρχίσαμεν, περί τας 15 Mαρτίου, ταις πικραλήθραις, χορτάρι της θαλάσσης· το εβράζαμεν πέντε φοραίς έως ότου έβγαινεν η
 πικράδα, και το ετρώγαμεν με ξείδι και λάδι ωσάν σαλάτα, και με ζουμί από καβούρους ανακατωμένον και τούτο. Eδόθησαν και
 εις τους ποντικούς, πλην ήτον ευτυχής όστις εδύνατο να πιάση έναν. Bατράχους δεν είχαμεν, κατά δυστυχίαν. Aπό την έλλειψην
 της θροφής αύξαναν αι ασθένειαι, πονόστομος και αρθρίτις. Eις τοιαύτην κατάστασιν ευρισκόμασθον όταν μας έφθασεν γράμμα
 των απεσταλμένων μας εις Nαύπλιον συσταίνον και να φάγωμεν (εν ανάγκη) ένας τον άλλον. [...] Εκείνην την ημέραν ένας Kραβαρίτης έκοψεν κρέας από το μηρί ενός φονευμένου και το έφαγεν.
 N. Kασομούλης, Eνθυμήματα στρατιωτικά της Επαναστάσεως των Eλλήνων. Aπό τα 1821 μέχρι των 1833, επιμ. Γ. Bλαχογιάννης,
 Aθήνα 1939, τόμ. Β´, σ. 256.
",history,12,8,7.963817908125186,0.0124607601820392,7,6.944370015673243,0.02046583477474,3,3.022979170637086,0.0087877505792302,5,5.82592914371844,0.0870398628533373,3,3.648115579122532,0.0821923749904846,3,3.0007748834887025,0.0005994158667612,8,7.995896350952492,0.0020919241533021,7.033081749230405,7,6.991355050837228,0.0039804370180005,7.998493933195817,2.2,13.4,43.946791862284826,0.000890355
456,456,70,71,"Γεωμετρικός
 κρατήρας με
 εκφορά νεκρού και
 πομπή αρμάτων.
 Οι μορφές
 παριστάνονται εντελώς
 σκοτεινές, χωρίς
 λεπτομέρειες.
 (Αθήνα, Εθνικό
 Αρχαιολογικό
 Μουσείο)
",history,10,8,7.817115688231112,0.0383320639177395,4,4.051950702880276,0.0081978609833505,3,2.999009358377158,0.0008671147133014,7,7.000219116034614,0.000231565551811,3,3.5401319958182285,0.0651158410812931,3,3.042788980687874,0.0143856864390191,8,7.994130931042719,0.0029508578716773,7.0109832498800415,7,7.022958715493388,0.0088044030433886,7.999301753723756,-1.4,15.9,44.333333333333336,0.00079569
457,457,66,67,"παράθεμα 2 Απαντήσεις...
 Ο Λεωνίδας ο Σπαρτιάτης, όταν κάποιος από τους
 στρατιώτες του του είπε: «Αρχηγέ, οι Πέρσες μάς
 πλησιάζουν», απάντησε ήρεμα: «Ε, και λοιπόν, και
 εμείς είμαστε πολύ κοντά τους». Ένας άλλος λίγο
 αργότερα είπε: «Ούτε τον ήλιο δε θα μπορούμε να
 δούμε από τα βέλη των εχθρών μας». Ο Λεωνίδας
 πάλι είχε έτοιμη την απάντηση: «Ωραία, θα είναι
 πολύ καλά, γιατί θα αγωνιστούμε κάτω από σκιά».
 Πλούταρχος, Ηθικά, 3, Λακωνικά αποφθέγματα,
 (διασκευή)
",history,4,6,5.991130325422745,0.0060371970279401,4,5.0618374042605865,0.0827445238671064,3,2.9999916512424534,1.463464838406589e-05,4,4.067341724189404,0.0200584731298714,3,3.008376066514586,0.0228963538473343,3,2.7310782767453006,0.0467670596283644,6,5.9987610800308175,0.0015703416395686,7.995929874025705,5,4.779594141667985,0.0436723685131529,7.006672110688669,2.0,10.7,43.22572815533981,0.001058123
458,458,140,141,"Μεγάλη ανάπτυξη επίσης γνώρισαν και οι επιστήμες. Ο αστρονόμος Αρίσταρχος από τη Σάμο πρώτος είπε ότι η γη κινείται γύρω από
 τον ήλιο, ενώ όλοι τότε πίστευαν ακριβώς το αντίθετο. Ο μαθηματικός
 Ευκλείδης έγραψε βιβλίο γεωμετρίας. Ο Αρχιμήδης ο Συρακούσιος,
 ο πιο σπουδαίος μαθηματικός της αρχαιότητας, κατασκεύασε πολλές
 μηχανές. Μεγάλη πρόοδο σημείωσε και η ιατρική επιστήμη. Ο πιο σημαντικός ιστορικός των ελληνιστικών χρόνων ήταν ο Πολύβιος. Από
 το μεγάλο έργο του σώθηκε μόνο ένα μικρό μέρος. Οι ποιητές έγραψαν κωμωδίες με τις οποίες σατίριζαν ανθρώπινα ελαττώματα.
 2. Ιατρικά
 εργαλεία
 (Λονδίνο,
 Βρετανικό
 Μουσείο)
",history,4,7,6.884800343003306,0.0311475304770786,6,6.188409692894396,0.0410364580804521,3,3.000379685326516,0.0002709723289282,4,4.297164219462275,0.0496233739469741,,,4.010045197563385e-06,3,3.0001451895577684,0.0002055604170497,6,6.324437743256823,0.0515209064726295,7.987566755792187,5,5.174415955601944,0.0607047144299297,7.009660611009167,0.2,10.7,45.279439252336445,0.000745711
459,459,9,10,"οικονομικό φιλελευθερισμό, που υποστήριζε ότι το κράτος δεν πρέπει να επεμβαίνει παρά ελάχιστα στην οικονομική ζωή.
 Εισηγητής του υπήρξε ο Άνταμ Σμιθ με το έργο του Έρευνες για τη φύση και τα αίτια του πλούτου των εθνών (1776).
 Η Εγκυκλοπαίδεια Oι ιδέες του Διαφωτισμού συνοψίστηκαν στην Εγκυκλοπαίδεια, ένα συλλογικό έργο 33 τόμων.
 Σε αυτό οι διαφωτιστές παρουσίασαν όλες τις νέες γνώσεις, καθώς και τις νέες ιδέες και αντιλήψεις για διάφορα
 οικονομικά, κοινωνικά, πολιτικά και άλλα θέματα. Πρωτεργάτες της Εγκυκλοπαίδειας ήταν οι Γάλλοι διαφωτιστές
 Ντιντερό και Ντ’ Αλαμπέρ.
 Η διάδοση των ιδεών του Διαφωτισμού Οι διαφωτιστικές ιδέες διαδόθηκαν, αρχικά, στα ανώτερα μορφωμένα κοινωνικά στρώματα. Πολλές, ωστόσο, από αυτές έγιναν δημοφιλείς μέσα από την κυκλοφορία εκλαϊκευτικών βιβλίων, τα
 οποία έφεραν σε επαφή ευρύτερα τμήματα της κοινωνίας με τον επιστημονικό λόγο. Σύντομα οι ιδέες αυτές ξεπέρασαν
 τα σύνορα της Γαλλίας και διαδόθηκαν σε ολόκληρη την Ευρώπη αλλά και έξω απ’ αυτήν.
 ΑΣΚΗΣΕΙΣ – ΔΡΑΣΤΗΡΙΟΤΗΤΕΣ
",history,12,7,7.313136630847341,0.0529914208285195,6,6.216034738700273,0.0476220053828173,3,3.2450855909542398,0.0447186264488032,7,6.999186110434948,0.0005186400030343,4,3.7151745686662707,0.059333067835231,3,3.0373214451681747,0.0128032398586259,7,6.988556070372965,0.0484804882826769,7.995387555629094,7,6.999950077159241,6.807891042846242e-05,7.997782981467026,3.5,15.0,48.12395632626846,0.001108169
460,460,118,119,"η Φοινίκη:
 αρχαία χώρα
 της Μέσης
 Ανατολής, που
 εκτεινόταν στα
 εδάφη του
 σημερινού
 Λιβάνου και
 σε τμήμα της
 Συρίας και
 του Ισραήλ.
",history,4,5,4.999519381110076,0.0006030080557026,4,3.9987136329413246,0.0006086397721387,2,2.000427229909292,0.0003061439884256,4,4.015477073502552,0.0106926481691543,2,1.9610974401313719,0.0156392072149572,2,1.9924741444958158,0.0056184575254601,5,4.997573293047026,0.0022296086750257,7.985935827378,4,4.230525467002735,0.0474379541618119,7.182412593712797,4.8,12.7,45.0,0.001116839
461,461,110,111,"Η ήττα των Περσών στον Μαραθώνα προκάλεσε μεγάλη δυσαρέσκεια στην Περσία. Ο βασιλιάς
 Ξέρξης, γιος του Δαρείου, οργάνωσε
 μεγάλη εκστρατεία και ανέλαβε ο
 ίδιος την αρχηγία. Στην Ελλάδα,
 όταν έγινε γνωστή η δύναμη της
 περσικής στρατιάς, προκλήθηκε
 πανικός. Ήδη, όμως, οι Έλληνες,
 επειδή υποψιάζονταν τις περσικές
 προθέσεις, είχαν αποφασίσει από
 το προηγούμενο έτος (συνέδριο
 Ισθμού, 481 π.Χ.) να αμυνθούν
 ενωμένοι σε περίπτωση εισβολής.
 Στο μεταξύ ο Ξέρξης προχωρούσε
 μέσω Θράκης και Μακεδονίας χωρίς να συναντήσει κανένα εμπόδιο.
 Την κίνησή του συνόδευε και ο
 στόλος, πλέοντας στο Αιγαίο. Στα
 στενά των Θερμοπυλών, το 480
 π.Χ., επέλεξαν οι Έλληνες να
 αντιμετωπίσουν τους Πέρσες. Ο
 ελληνικός στόλος, για να εμποδίσει
 περσική απόβαση, έπλευσε στο
 Αρτεμίσιο της Εύβοιας. Ο Ξέρξης,
 φθάνοντας στις Θερμοπύλες,
 ζήτησε από τον αρχηγό των Ελλήνων Λεωνίδα, βασιλιά της
 Σπάρτης, να παραδώσει τα όπλα.
 Η αυθόρμητη απάντησή του «μολών λαβέ» (έλα να τα πάρεις)
",history,10,7,7.040392403176199,0.0149645182674079,7,6.579516322705331,0.0641646552961338,3,3.0330860165354565,0.0116691731258739,5,5.282712009896613,0.0588147252617315,4,3.8790488850791007,0.0632321460216332,3,3.0000562641247797,0.0001149395384942,7,6.676295976388019,0.0729400354392294,7.997815851321775,7,6.985383814902889,0.0057747428729822,7.991392641040875,0.9,11.0,42.77777777777778,0.000929509
462,462,167,168,"Η Δημοκρατία είναι το φυσικόν και ευτυχές τέρμα
 ενός μακρού εσωτερικού αγώνος τον οποίον κατέστησεν αναπότρεπτον η καταπάτησις των λαϊκών
 ελευθεριών, η αθέτησις των διεθνών μας υποχρεώσεων, η περιφρόνησις των εθνικών δικαίων. Κύρια
 πηγή των κακών τούτων, τα οποία απέληξαν εις την
 εθνικήν συμφοράν, υπήρξαν η αθέμιτος εκμετάλλευσις του βασιλικού θεσμού, θεσμού απηρχαιωμένου,
 εις τον οποίον επί πλέον εδόθη μεσαιωνικόν περιεχόμενον. Με την Δημοκρατίαν αποδίδεται η Ελλάς
 εις τους Έλληνας, ασφαλίζονται αι ελευθερίαι των,
 ικανοποιείται η τιμή του περιφρονηθέντος Έθνους
 και επιβάλλεται εις όλους ως υπέρτατος νόμος η
 υποταγή ενός εκάστου εις την σωτηρίαν, εις το συμφέρον του συνόλου.
 Προγραμματικές δηλώσεις του πρωθυπουργού Αλέξανδρου Παπαναστασίου, 24 Μαρτίου 1924.
 Πηγή: Αλ. Παπαναστασίου, Μελέτες, λόγοι, άρθρα,
 σ. 381.
",history,12,8,8.002086601621386,0.0013633601495223,8,8.002797557437216,0.0035236540568214,4,4.00969504786822,0.0044019972024865,7,7.000292817100263,0.0002210453375359,7,6.7039280402241275,0.0499227054753134,5,4.99479701221685,0.0067019458310735,8,8.004451626136415,0.0025386622676894,7.002176433196382,7,7.00590275088048,0.0029182314147563,7.989200801642411,5.3,18.9,53.04761904761905,0.001019906
463,463,107,108,"παράθεμα 1 Το «κοινό των Βοιωτών»
 Οι πόλεις της Βοιωτίας είχαν δημιουργήσει
 μια συμμαχία, γνωστή ως «κοινό των Βοιωτών». Επικεφαλής αυτής της ομοσπονδίας
 ήταν οι βοιωτάρχες, οι οποίοι είχαν πολιτική και στρατιωτική εξουσία. Κάθε πόλη
 εξέλεγε έναν βοιωτάρχη, εκτός από τη Θήβα που είχε δύο. Η εξουσία του βοιωτάρχη
 διαρκούσε έναν μόνο χρόνο. Οι μόνοι που
 3. Δίδραχμο της βοιωτικής συμμαχίας. Στα
 αποτέλεσαν εξαίρεση ήταν οι δύο μεγάλοι
 βοιωτικά νομίσματα συνήθως απεικονίζεται η
 ηγέτες της Θήβας: ο Επαμεινώνδας και ο
 χαρακτηριστική ασπίδα. (Αθήνα, νομισματική
 Πελοπίδας. Όλοι οι βοιωτάρχες ενωμένοι
 συλλογή Αρχαιολογικού Μουσείου)
 σχημάτιζαν συμβούλιο και έπαιρναν τις
 αποφάσεις με πλειοψηφία. Ο αρχαίος γεωγράφος Παυσανίας αναφέρει ότι οι συγκεντρώσεις
 γίνονταν συνήθως στον ναό της Ιτωνίας Αθηνάς, στην πόλη Κορώνεια.
 Εγκυκλοπαίδεια Κόσμος, τόμος 6ος, σ. 336-337 (διασκευή)
",history,4,7,6.980646778368595,0.0195981129372332,6,6.241155831342041,0.0636733462777857,3,3.1480470366805804,0.0336719179219911,5,5.002893582612501,0.070726395073123,2,2.5453908239510383,0.0721972779813761,3,2.994799168210662,0.0033747098415963,6,6.345522161479494,0.0580356294981576,7.8670333678417705,7,6.451501173326733,0.0763416780225467,7.994745514730312,0.7,12.6,46.5995671,0.000823795
464,464,87,88,"παράθεμα 2 Οι μέτοικοι
     Στην αρχαία Αθήνα ζούσαν πολλοί μέτοικοι. Αυτοί ήταν συνήθως Έλληνες από άλλες πόλεις,
 αλλά και ξένοι όπως Φοίνικες, Φρύγες , Αιγύπτιοι και Άραβες. Τον 5ο αιώνα π.Χ. ήταν γύρω στις
 20.000, δηλαδή περίπου οι μισοί από τους Αθηναίους πολίτες. Είχαν όλες σχεδόν τις οικονομικές
 υποχρεώσεις των πολιτών. Πλήρωναν έναν ειδικό φόρο, το μετοίκιο: 12 δραχμές τον χρόνο οι
 άντρες και 6 δραχμές οι γυναίκες. Υπηρετούσαν στον αθηναϊκό στρατό ως ελαφρά οπλισμένοι
 (ψιλοί) στρατιώτες. Ήταν απόλυτα ελεύθεροι να λατρεύουν τους θεούς τους. Πολλοί απ’ αυτούς
 ασχολήθηκαν με τη βιοτεχνία, την υφαντική, την κεραμεική, τη μεταλλουργία, την κατεργασία*
 δερμάτων. Κρατούσαν επίσης την πρώτη θέση στο εμπόριο, εισαγωγικό και εξαγωγικό. Έτσι,
 κάποιοι απ’ αυτούς έγιναν πολύ πλούσιοι και έδωσαν στα παιδιά τους σπουδαία μόρφωση. Δεν
 υπάρχει αμφιβολία πως οι μέτοικοι έπαιξαν σημαντικό ρόλο στην οικονομική, πνευματική και καλλιτεχνική ακμή της Αθήνας. Ο ίδιος ο Περικλής έλεγε: « Έχουμε τις πύλες της πόλης μας ανοικτές
 σε όλους».
 *η κατεργασία: η επεξεργασία ενός υλικού (ξύλου, μετάλλων, δέρματος) ώστε να μπορεί να
 χρησιμοποιηθεί.
 Ρομπέρ Φλασελιέρ, Ο δημόσιος και ιδιωτικός βίος των αρχαίων Ελλήνων,  κεφ. 2 (διασκευή)
",history,4,6,6.000223272065796,0.0001836229695911,7,6.977265234142635,0.0137554690777483,3,3.000039852947822,3.614314563356559e-05,4,4.229913101185957,0.0445678550275443,3,3.467772805615823,0.0619502538933297,3,3.004069260918911,0.0021268142755895,6,5.9999844422624165,3.708200108733956e-05,7.996826233367685,5,5.095028242329477,0.0498832512268868,7.022939267750189,0.7,11.1,40.84442641,0.000841261
465,465,57,58,"ΕΝΟΤΗΤΑ 12
 Η ωρίμανση της βιομηχανικής επανάστασης
 Το φαινόμενο βιομηχανική επανάσταση Οι πρώτες βιομηχανίες (εκβιομηχάνιση) δημιουργήθηκαν στη Μ. Βρετανία
 γύρω στα 1750-1780 (όπως είδαμε στην ενότητα 1). Κύρια γνωρίσματα της εκβιομηχάνισης ήταν η εκτεταμένη χρήση νέων τεχνικών μέσων (κυρίως της ατμομηχανής) που περιόριζαν τη χειρωνακτική εργασία αυξάνοντας την παραγωγή και
 μειώνοντας το κόστος των προϊόντων, η αξιοποίηση νέων μορφών ενέργειας (κυρίως του άνθρακα, του καύσιμου των
 ατμομηχανών), η εφαρμογή καινοτομιών στη μεταλλουργία, η συγκέντρωση των εργαζομένων στα εργοστάσια (βιομηχανικό σύστημα) και οι υψηλοί ρυθμοί ανάπτυξης. Κύριοι πόλοι εκβιομηχάνισης ήταν η υφαντουργία και η μεταλλουργία.
 Από τις αρχές του 19ου αιώνα το φαινόμενο άρχισε να επεκτείνεται, αρχικά στη δυτική Ευρώπη και στη συνέχεια
 στον υπόλοιπο κόσμο, οδηγώντας στη μετάβαση από την αγροτική-χειροτεχνική οικονομία στη βιομηχανική οικονομία
 και προκαλώντας οικονομικές, κοινωνικές, πολιτικές και πολιτισμικές αλλαγές. Οι μεταβολές αυτές υπήρξαν τόσο σημαντικές, ώστε οι ιστορικοί τις ονόμασαν βιομηχανική επανάσταση (βλέπε και ενότητα 1).
 Η εξάπλωση της βιομηχανικής επανάστασης Στα μέσα του 19ου αιώνα η εκβιομηχάνιση περιοριζόταν ακόμη στη Μ.
 Βρετανία, στη βόρεια και ανατολική Γαλλία, στο Βέλγιο, στις Κάτω Χώρες, σε κάποιες περιοχές στις όχθες του ποταμού
",history,12,8,7.4939190835590335,0.0674040534709936,8,8.011751744533983,0.0052969691794879,4,3.995395293333331,0.0023658109102565,7,6.99678471592415,0.0014201098842699,4,4.248839220535956,0.068388131357959,3,3.3775521889417632,0.0532372835458466,6,6.567391303084825,0.0628327453471269,7.914900371723661,7,6.99984664347005,0.0001201728062995,7.990269416437513,5.2,19.7,71.19571865443424,0.001481702
466,466,69,70,"ΕΝΟΤΗΤΑ 15
 Αποικιοκρατία και αποικιακοί ανταγωνισμοί
 Ιμπεριαλισμός και αποικιοκρατία Ορισμένα από τα ευρωπαϊκά κράτη που πέτυχαν υψηλούς ρυθμούς καπιταλιστικής ανάπτυξης άρχισαν να αναζητούν, από ένα σημείο κι έπειτα, περιοχές και εκτός Ευρώπης για να τις εκμεταλλευτούν. Το φαινόμενο, σύμφυτο με την ανάπτυξη του καπιταλισμού στη συγκεκριμένη ιστορική φάση, ονομάστηκε ιμπεριαλισμός (από τη λατινική λέξη imperium: ισχύς, εξουσία), εκφράστηκε με την προσπάθεια απόκτησης αποικιών, την
 αποικιοκρατία, και εκδηλώθηκε με ένταση την περίοδο 1870-1914.
 Τα κύρια αίτια του φαινομένου εντοπί1. Ορισμένα από τα αίτια της αποικιοκρατίας
 ζονται στην ανάγκη των εκβιομηχανισμέΑναντίρρητα τα υλικά συμφέροντα έπαιξαν σπουδαίο ρόλο. Οι βιομηχανικές
 νων κρατών της Ευρώπης να βρουν νέες
 επαναστάσεις του 19ου αι. ενέτειναν τις ανάγκες της Ευρώπης σε πολύτιμα μέαγορές για τα βιομηχανικά προϊόντα τους,
 ταλλα και σε πρώτες ύλες […]. Το ίδιο ισχύει για τα κεφάλαια των οποίων τα
 νέες πηγές πρώτων υλών (μεταλλεύματα,
 έσοδα είναι υψηλότερα στα υπερπόντια εδάφη απ’ ό,τι στη γηραιά ήπειρο […].
 μαλλί, βαμβάκι) και καυσίμων (πετρέλαιο),
 νέες περιοχές επένδυσης των κεφαλαίων
 Σε μια εποχή που το εθνικό συμφέρον μετριέται με την ισχύ και το κύρος, η θέτους. Ακόμη, η απόκτηση αποικιών, εμποληση των κυβερνήσεων να οικοδομήσουν απέραντες αποικιακές αυτοκρατορίες
 ρικών σταθμών και βάσεων εξασφάλιζε
 είναι ένας τρόπος να αυξήσουν τις ζωτικές δυνάμεις του έθνους, παρέχοντάς
 στα ισχυρά ευρωπαϊκά κράτη τον έλεγχο
 του στρατιώτες, βάσεις για το στόλο και πρώτες ύλες για τη βιομηχανία του.
 των θαλασσών και τον απρόσκοπτο εφοS. Berstein & P. Milza, Ιστορία της Ευρώπης, μτφρ. Α.Κ. Δημητρακόπουλος, Αλεδιασμό των πολεμικών τους πλοίων, ενώ,
 ξάνδρεια, Αθήνα 1997, τόμ. 2, σ. 175-176.
 επιπλέον, αποτελούσε και παράγοντα ενίσχυσης του εθνικού γοήτρου.
 Η κοινωνική βάση της αποικιοκρατίας
 περιλάμβανε τόσο την αστική τάξη όσο
 2. Η κοινωνική βάση της αποικιοκρατίας
 και ευρύτερα κοινωνικά στρώματα. Η αποιΣε όλες τις αποικιοκρατικές χώρες, οι πολιτικοί άνδρες και οι ομάδες πίεσης
 κιακή πολιτική υπαγορευόταν, σε μεγάλο
",history,12,8,7.942743627170785,0.0253544808423992,7,6.985604859532032,0.0261193873399946,4,3.9999709155529217,3.111237409291007e-05,7,6.997936882684371,0.0011479353850981,4,4.535868930074201,0.0697976622637455,3,3.0420853238342715,0.0140225080001709,8,7.92330585743349,0.0216259610313982,7.2689371645581105,7,6.999401167121391,0.0004027848048694,7.999086437824758,3.5,16.1,51.63154492566257,0.001020548
467,467,122,123,"Η πορεία προς την Ινδία. Το τέλος της εκστρατείας
 Ο βασιλιάς των Περσών Δαρείος Γ ~ προσπάθησε να εμποδίσει τον Αλέξανδρο να προχωρήσει στο εσωτερικό της χώρας του, χωρίς αποτέλεσμα όμως. Ενθουσιασμένος από τη νίκη ο Αλέξανδρος βάδισε προς την
 Ινδία. Εκεί οι στρατιώτες του κουρασμένοι από την ταλαιπωρία και πικραμένοι από τη συμπεριφορά του δε δέχτηκαν να προχωρήσουν. Ο Μ. Αλέξανδρος αποφάσισε να γυρίσουν πίσω. Έτσι, έπειτα από πολλές δυσκολίες έφτασαν στα Σούσα.
 Ο Δαρείος συγκέντρωσε μεγάλες δυνάμεις σε μια προσπάθεια να
 νικήσει και να ταπεινώσει τον Αλέξανδρο. Αλλά και σ’ αυτή τη μάχη
 στα Γαυγάμηλα, που ήταν μια από τις μεγαλύτερες που έγιναν τότε
 (331 π.Χ.), ο στρατός του νικήθηκε. Ο δρόμος πλέον προς τα Σούσα
 ήταν ελεύθερος. Όλοι οι θησαυροί της πρωτεύουσας των Περσών
 έπεσαν στα χέρια του.
 Ο Μ. Αλέξανδρος, για να διοικήσει το απέραντο κράτος με τους
 πολλούς λαούς, χρησιμοποίησε και Πέρσες αξιωματούχους. Άρχισε
 μάλιστα να αλλάζει συμπεριφορά ζητώντας από τους στρατιώτες του
 να τον προσκυνούν, όπως γινόταν με τους βασιλείς της Περσίας. Αυτό ήταν κάτι που τους στενοχώρησε πολύ.
 Ο πόλεμος όμως δεν είχε τελειώσει. Οι συνεχείς επιτυχίες τον οδηγούσαν σε νέες προσπάθειες. Επιθυμία του ήταν πια να φτάσει στην
 άκρη του κόσμου. Συνέχισε έτσι απτόητος ως τον Ύφαση, παραπόταμο
",history,4,7,7.008329998574197,0.0100399060361869,7,7.041580463413879,0.0285768179146851,4,3.531211249426974,0.0555070539582102,5,4.919822778051071,0.0406188930394798,5,4.756030501506757,0.0742808050041331,3,2.999983587775205,7.694123269474345e-05,6,6.090003958561454,0.0247512491723366,7.939911794731472,5,5.929376229916215,0.0907579914022573,7.001363914576359,0.7,9.2,40.28959810874704,0.000784644
468,468,13,14,"παράθεμα 3 Ομηρική φιλοξενία
 Ο Τηλέμαχος οδήγησε τον ξένο σε ένα θρονί να κάτσει,
 όμορφο, λεπτοδουλεμένο, που είχε και σκαμνί για να
 ακουμπάνε τα πόδια, και κάτω του άπλωσε λινό σεντόνι.
 Έβαλε και ο ίδιος κοντά στον ξένο ένα σκαμνί σκαλισμένο για να καθίσει. Μια παρακόρη ήρθε αμέσως κρατώντας όμορφο χρυσό λαγήνι και τους έχυνε νερό να πλύνουν τα χέρια τους σε μία ασημένια λεκάνη. Έπειτα
 έστρωσε μπροστά τους μακρύ σκαλιστό τραπέζι. Μετά
 τους έφερε ψωμιά η σεβαστή οικονόμα και διάφορα προσφάγια, πολλά απ’ ό,τι είχε. Κι ο σιτιστής κρέατα ψητά
 τους έφερε σε δίσκους κι ολόχρυσα ποτήρια τους έβαλαν και ο κεραστής ερχότανε συχνά και τους κερνούσε.
 Όμηρος, Οδύσσεια, α, 135-38 και 143-150 (ελεύθερη
 απόδοση)
",history,4,6,6.065340052610914,0.0227289329534136,4,4.004295003667608,0.0013970198693184,3,3.000181949999277,0.000175456689088,4,4.017964654762171,0.007301874290752,3,3.473122433584649,0.066304781431792,3,2.6264537860924975,0.0546706028314317,6,6.030700997589975,0.0146005620394818,7.7549123948168415,4,4.275610426230216,0.0486644820669504,7.004589552343532,2.7,10.9,42.87872559095581,0.001054477
469,469,12,13,"Η Διακήρυξη της Ανεξαρτησίας
 Θεωρούμε ως αλήθειες αυταπόδεικτες ότι όλοι οι άνθρωποι
 πλάστηκαν ίσοι, ότι προικίστηκαν από τον Δημιουργό τους με
 μερικά απαράγραπτα δικαιώματα, όπως αυτά της ζωής, της
 ελευθερίας και της αναζήτησης της ευτυχίας. Για να εξασφαλιστούν αυτά τα δικαιώματα, καθιερώθηκαν οι κυβερνήσεις των
 ανθρώπων, αντλώντας τη δίκαιη εξουσία τους από τη συγκατάθεση των κυβερνωμένων. Όποτε οποιαδήποτε μορφή διακυβέρνησης έρθει σε αντίθεση με αυτές τις αρχές, είναι δικαίωμα του
 λαού να την αλλάξει ή να την καταργήσει και να καθιερώσει νέα
 κυβέρνηση βασισμένη σε αυτές τις αρχές και οργανωμένη με
 τέτοιο τρόπο, ώστε να θεωρείται από τον λαό πιο αποτελεσματική για την εξασφάλιση της ευτυχίας των πολιτών.
 Προοίμιο της Διακήρυξης, 4 Ιουλίου 1776.
 3. Τζ. Τράμπουλ, Η υπογραφή της αμερικανικής Διακήρυξης
 της Ανεξαρτησίας, 4 Ιουλίου 1776.
 Η 4η Ιουλίου αποτελεί εθνική γιορτή των ΗΠΑ.
",history,12,6,6.834035580477444,0.0754974011410457,6,6.206300080088113,0.0456399355605817,3,3.017979186162705,0.0072432475415547,5,5.593825100818776,0.0852084639380798,2,2.3405891455477104,0.0567343524728351,4,3.999186551708135,0.0014781746808585,8,7.223579031067402,0.0723606232605285,7.201813333370865,7,6.997763130450039,0.0012682046858551,7.999602123205477,5.0,16.3,51.15114379084967,0.000888597
470,470,23,24,"παράθεμα 3 Τα νομίσματα της Μεγάλης Ελλάδας
 Μερικές από τις αποικίες άρχισαν να κόβουν τα ασημένια τους νομίσματα γύρω στα μέσα
 του 6ου αιώνα π.Χ.. Το ασήμι το έπαιρναν από την Ισπανία. Δύο από τις πρώτες πόλεις που
 έκοψαν νόμισμα και αναπτύχθηκαν εμπορικά ήταν η Ιμέρα και ο Σελινούντας. Αντίθετα οι
 Συρακούσες άργησαν να κόψουν νόμισμα. Για τις χρονολογίες των νομισμάτων δεν μπορούμε να στηριχτούμε σε τίποτε άλλο εκτός από το στυλ τους. Τα εμβλήματα συνήθως είχαν κάποια σημασία. Για την Ιμέρα (αυγή) ήταν
 ένας πετεινός, για τη Νάξο με τα αμπέλια της ήταν το κεφάλι του Διονύσου και σταφύλια.
 Τζον Μπόρτμαν, Οι αρχαίοι Έλληνες στην υπερπόντια εξάπλωσή τους.
 Οι πρώτες αποικίες και το εμπόριό τους (μετάφραση Ηλ. Ανδρεάδη).  
 4. Γύρω στο 600 π.Χ. κόπηκε το πρώτο ελληνικό νόμισμα στο νησί της
 Αίγινας. Εικόνιζε μια θαλάσσια χελώνα, που ήταν το σύμβολο της πόλης.
 (Αθήνα, Εθνικό Νομισματικό Μουσείο)
",history,4,6,6.076133767722817,0.0216823280041746,6,6.041808932565395,0.0181556001847471,3,3.0000962679224585,7.919252074456806e-05,5,4.736323626361809,0.0565031504813274,3,2.993123407451776,0.0056417032478021,3,3.182608245195297,0.0382270671786143,6,6.009854521259626,0.0044532113226216,7.977021850516394,5,5.58717862853041,0.0767353589558339,7.002001831133384,0.6,8.3,38.523809523809526,0.000734861
471,471,51,52,"ο εξόριστος:
 αυτός που
 καταδικάζεται
 να ζήσει μακριά
 από την
 πατρίδα του.
 οι πολιτικοί
 αντίπαλοι:
 έτσι λέγονται
 αυτοί που
 ανήκουν σε
 διαφορετικά
 κόμματα, τα
 οποία
 αγωνίζονται να
 πάρουν την
 εξουσία.
",history,4,5,5.028782299098623,0.0072707615310365,4,4.005011717803427,0.001667887458477,2,2.0000372682571625,3.899957835934426e-05,4,4.194657214621657,0.0419272874331647,2,2.2709981830158767,0.048014958784167,2,2.1480391331182673,0.0337450755660619,5,5.822115217637929,0.0768212555884025,7.979665878884475,4,4.295512372242229,0.0542682920291754,7.222653997923771,2.1,12.4,48.92857142857143,0.000971029
472,472,32,33,"2. Συγκρούσεις Ελλήνων μεταναστών στην Κορσική με τους ντόπιους
 «Οι Κορσικανοί βλέποντας ότι οι Ρωμαίοι (Έλληνες) δεν κινούνται, νόμισαν πως φοβήθηκαν και άρχισαν να πλησιάζουν στη χώρα και να ρίχνουν αμέτρητες τουφεκιές και να βγάζουν κραυγές με τύμπανα
 και κέρατα, φωνάζοντας στους Ρωμαίους και λέγοντας: “Σήμερα είναι η τελευταία σας μέρα και τώρα
 κληρονομούμε τα σπίτια σας και τα υπάρχοντά σας, θα φάμε τα αμπέλια σας και θα χαρούμε τις γυναίκες
 σας και τα κορίτσια σας”. Και οι Έλληνες, ποιος να διηγηθεί την ορμή με την οποία όρμησαν εναντίον
 τους! Έβλεπες εκείνα τα παλικάρια και έτρεχαν τον ανήφορο σαν ελάφια και σε μια στιγμή έφτασαν στα
 πρώτα ταμπούρια των Κορσικανών και αμέσως τους έβγαλαν έξω. Αυτοί τότε (οι Κορσικανοί) μπήκαν
 μέσα στα δεύτερα ταμπούρια, εκεί όπου είχαν στερεωμένη τη σημαία τους. Συγκεντρώθηκαν τότε οι
 πιο δυνατοί και πολέμησαν χωρίς να φοβούνται το θάνατο, γιατί κρατούσαν κοτρόνες και βαρούσαν
 πίσω από τις πέτρες φωνάζοντας ο ένας στον άλλο και λέγοντας: “Καρδιά, άνθρωποι του Ρουστίνου
 καρδιά παλικάρια της Γιουβελίνας! Αχ, Ρωμαίοι, Ρωμαίοι, χαθήκατε γιατί δεν έχετε να κάνετε με τους
 κασιδιάρηδες τους Βικολάκους αλλά με τους γίγαντες της Καστανίτσας. Παραδοθείτε γιατί χανόσαστε”. Και οι Ρωμαίοι αμίλητοι πλησίασαν από πέτρα σε πέτρα και ο ένας προστάτευε τον άλλο.
 Και έτσι έκαναν μερικά παλικάρια, που πλησίασαν τους πρόποδες του βουνού, εκεί όπου είχαν
 τη σημαία και ρίχνοντας μερικές ντουφεκιές αλύπητα δεν μπόρεσαν να αντέξουν, αλλά άφησαν
 τη σημαία και ολόκληρη την αποσκευή και όποιος μπορούσε να φύγει έφευγε και ο αδελφός
 παρατούσε τον αδελφό του. Οι υπόλοιποι Ρωμαίοι είχαν καταστρέψει τα άλλα καταφύγια και
 τους έδιωχναν σαν γίδια».
 Δικαίου Β. Βαγιακάκου, Οι Μανιάται της Διασποράς. Α. Οι Μανιάται της Κορσικής, τόμ. 1, Αθήνα
 1970, σ. 30.
 (Απόδοση στα νέα ελληνικά)
",history,6,8,7.678008987823056,0.0508247254179594,8,7.816515083810373,0.0394408297700861,3,3.4073351070882154,0.0542766873648226,6,5.759864540427401,0.0491078792780983,4,4.273314384379773,0.0573912228709084,3,2.999332572024173,0.0016591977595788,8,7.863066361649544,0.0326670622972579,7.03308051764634,7,6.466947531532554,0.0672152924379717,7.995912679760295,4.2,14.0,50.56927710843374,0.000930033
473,473,114,115,"Ο Μαρδόνιος κατευθύνθηκε προς τη Θεσσαλία για να ξεχειμωνιάσει. Από εκεί προσπάθησε
 με υποσχέσεις να πάρει με το μέρος του τους Αθηναίους. Οι Αθηναίοι αρνήθηκαν. Στις αρχές
 του καλοκαιριού του 479 π.Χ. ο Μαρδόνιος εισέβαλε ξανά στην Αθήνα. Βρήκε, όμως, την
 πόλη έρημη. Βάδισε τότε προς τις Πλαταιές. Εκεί αποφάσισε να δώσει τη μάχη (479 π.Χ.). Οι
 Έλληνες υπό τον Σπαρτιάτη βασιλιά Παυσανία πέτυχαν ολοκληρωτική νίκη.
 Την ίδια ημέρα που έγινε η μάχη των Πλαταιών, λέγεται ότι ένας άλλος Σπαρτιάτης, ο
 Λεωτυχίδης, νίκησε τα υπολείμματα του περσικού στόλου στα ανοικτά της Μυκάλης. Η μεγάλη
 σύγκρουση Ελλήνων και Περσών είχε λάβει τέλος.
 Οι επικές αυτές συγκρούσεις ματαίωσαν την επεκτατική πολιτική των Περσών. Πολλές
 ελληνικές πόλεις της Μικράς Ασίας ανέκτησαν την ελευθερία τους. Οι νίκες τόνωσαν την
 αυτοπεποίθηση των Ελλήνων. Ένας άνεμος δημιουργίας έπνευσε και μια νέα περίοδος
 ανέτειλε. Οι Έλληνες επιδόθηκαν σε έργα ειρήνης και προόδου, που κινούν έως σήμερα
 τον θαυμασμό.
",history,10,6,6.350702645638052,0.0526448571609743,6,5.844910432329016,0.0378599722726091,3,3.0850989691678024,0.0233737895017294,5,4.889833358509435,0.0443628298266038,4,3.72410903495836,0.0545493491039793,3,3.000106393697207,9.143725793767976e-05,6,6.018366022544797,0.007400292729176,7.984092072211638,7,6.289132334231908,0.0793751559407271,7.992342588149768,-0.2,9.1,37.99867812293456,0.000737386
474,474,34,35,"σφυρηλατήθηκε μέσα από την υπεράσπιση της γλώσσας και με τους αγώνες εναντίον του κατακτητή για το δικαίωμα χρησιμοποίησής της και
 – τη θρησκεία, όταν ο κυρίαρχος ήταν αλλόθρησκος, όπως στην περίπτωση των Βαλκανίων όπου χριστιανοί ήταν
 υποταγμένοι στους Οθωμανούς, που ήταν μουσουλμάνοι.
 Οι πολιτικές και εθνικές διεκδικήσεις γέννησαν, την περίοδο 1815-1848, τρία μεγάλα επαναστατικά κύματα στην Ευρώπη: των ετών 1820-1821, του 1830 και του 1848.
 Οι επαναστάσεις των ετών 1820-1821 Οι ρυθμίσεις του
 συνεδρίου της Βιέννης αμφισβητήθηκαν για πρώτη φορά
 2. Η γαλλική επανάσταση
 μητέρα των επαναστάσεων του 19ου αιώνα
 οργανωμένα με το επαναστατικό κύμα των ετών 1820Αντίθετα από ό,τι συνέβαινε με τις επαναστάσεις στο τέ1821. Γεωγραφικά περιορίστηκε στη νότια, μεσογειακή
 λος του 18ου αιώνα, οι επαναστάσεις της μεταναπολεόντειας
 Ευρώπη και σ’ αυτό εντάσσονται οι επαναστάσεις στην
 περιόδου ήταν εσκεμμένες ή ακόμη και προγραμματισμένες.
 Ισπανία (1820), στην Ιταλία (1820-1821) και στην Ελλάδα
 Γιατί το καταπληκτικότερο κληροδότημα της ίδιας της γαλ(1821).
 λικής επανάστασης ήταν τα πρότυπα και τα οργανωτικά σχήΗ επανάσταση στην Ισπανία (1820) ξεκίνησε από στρατιωματα της πολιτικής αναταραχής που αυτή καθιέρωσε για τη
 τικές μονάδες που στασίασαν κατά του αυταρχικού βασιλιά
 γενική χρήση των απανταχού επαναστατών.
 Φερδινάνδου Ζ´ απαιτώντας την επαναφορά του συντάγμαE.J. Hobsbawm, Η εποχή των επαναστάσεων, μτφρ. Μ. Οικοτος του 1812 που είχε επιβληθεί από τον Ναπολέοντα. Ακονομοπούλου, ΜΙΕΤ, Αθήνα 1990, σ. 154.
 λούθησε εμφύλιος πόλεμος μέχρι το 1823, οπότε, μετά από
 σχετική απόφαση και εντολή της Ιερής Συμμαχίας, γαλλικός
 στρατός κατέπνιξε την επανάσταση. Η επαναστατική αναταραχή στην Ισπανία πυροδότησε σειρά απελευθερωτικών
 επαναστάσεων στη Λατινική Αμερική.
 Οι επαναστάσεις στην Ιταλία (1820-1821), που τότε ήταν
 χωρισμένη σε πολλά μικρά κράτη, οργανώθηκαν από
 καρμπονάρους (βλέπε γλωσσάριο), ξεκίνησαν από το βασίλειο της Νεάπολης και της Σικελίας (σημερινή νότια
 Ιταλία) το 1820, στρέφονταν κατά της αυστριακής κυριαρχίας και διεκδικούσαν εθνική ελευθερία και συνταγματικές μεταρρυθμίσεις. Ο επαναστατικός αναβρασμός συνεχίστηκε μέχρι το 1821, οπότε η επέμβαση αυστριακού
",history,12,8,8.008698009482941,0.0050467753735953,7,7.147482049504561,0.0341963081047211,4,4.033075412208575,0.011679375325379,7,6.999957691670488,4.556068263030566e-05,6,5.511006419364094,0.0690074859973076,3,3.0758589246854626,0.0215668490614761,8,8.022107468272225,0.0093891173504037,7.164513885041288,7,7.000404603322835,0.0003258210050733,7.998673928466253,4.1,17.8,55.78333333333333,0.001138025
475,475,29,30,"Ο ΣΑΜΠΟΛΙOΝ ΚΑΙ ΤΟ ΜΥΣΤΙΚΟ ΤΩΝ ΙΕΡΟΓΛΥΦΙΚΩΝ
 Ο Ιωάννης Φραγκίσκος Σαμπολιόν γεννιέται το 1790. Από τα
 παιδικά του χρόνια νιώθει ένα αληθινό πάθος για την αρχαία
 Αίγυπτο. Έχοντας αργότερα ένα πλήθος κειμένων σε ιερογλυφικά,
 που είχαν ανακαλυφθεί και αντιγραφεί από διάφορους σοφούς
 ερευνητές κατά την εκστρατεία του Ναπολέοντα και κυρίως μια
 αντιγραφή της «στήλης της Ροζέτας», κατορθώνει το 1822 να
 αποκρυπτογραφήσει τα ιερογλυφικά.
 Η στήλη που βρέθηκε στη Ροζέττα, κοντά στην Αλεξάνδρεια,
 το 1799, φέρει ένα κείμενο χαραγμένο με τρεις διαφορετικές
 γραφές, ιερογλυφική, ελληνική και δημοτική αιγυπτιακή, γραφή
 σε ευρεία χρήση κατά την εποχή των Πτολεμαίων. Γνωρίζοντας
 την ελληνική, ο Σαμπολιόν διαβάζει το όνομα Πτολεμαίος στο
 ελληνικό τμήμα της στήλης. Όμως ο Σαμπολιόν κατάλαβε
 ότι τα ονόματα των Αιγυπτίων βασιλέων γράφονταν πάντοτε
 σε ένα πλαίσιο. Ανακαλύπτοντας το πλαίσιο του Πτολεμαίου
 στην ιερογλυφική γραφή της στήλης, αρχίζει να συγκρίνει
 τα ιερογλυφικά με την ελληνική γραφή. Έτσι αρχίζει να
 αποκρυπτογραφεί τα ιερογλυφικά.
",history,10,7,7.376087401185117,0.0538435713286862,6,5.919592997651193,0.0448354527615044,4,3.998968881250107,0.0006544877459354,5,5.649319378631617,0.0844164592690096,4,4.099739237887206,0.0350894899702447,3,3.000167945941671,0.0001871534776151,7,6.831205244049528,0.0427613597219633,7.998961069039069,7,6.973978852885921,0.0093400346714917,7.996813756368283,3.5,15.7,57.13235294117647,0.001181649
476,476,7,8,"M Γλωσσάρι
 Μεσαίωνας: Έτσι ονομάζεται, η χρονική περίοδος από τη διάλυση της Δυτικής Ρωμαϊκής Αυτοκρατορίας
 έως την Αναγέννηση (5ος - μέσα 15ου αιώνα). Η περίοδος αυτή συμπίπτει σχεδόν με τα χρόνια της Βυζαντινής
 Αυτοκρατορίας.
 Τυπογραφία: Η εκτύπωση Βιβλίων με τη χρήση κινητών στοιχείων από μέταλλο. Η χρησιμοποίηση τυπογραφικών στοιχείων ξεκίνησε το 1041 από την Κίνα. Τελειοποιήθηκε από τον Γερμανό Ιωάννη Γουτεμβέργιο.
 Αστρονομικές θεωρίες: Έτσι αποκαλούνται οι θεωρίες που περιγράφουν την κίνηση των πλανητών. Ιδιαίτερα
 γνωστή είναι η ηλιοκεντρική θεωρία του Κοπέρνικου, που δημοσιεύθηκε το 1543. Σύμφωνα με αυτήν, η Γη
 και οι άλλοι πλανήτες κινούνται γύρω από τον ήλιο σε ομόκεντρους κύκλους. Έως τότε οι άνθρωποι πίστευαν
 πως η γη είναι ακίνητη και αποτελεί το κέντρο του σύμπαντος.
 Αντιπροσωπευτική εξουσία: Η εξουσία που ασκείται μέσω αντιπροσώπων, οι οποίοι εκλέγονται από τον λαό.
",history,6,7,6.98673104967834,0.0130113415145193,6,6.065677745077551,0.0370341421548393,3,3.003593515613648,0.0019125299444008,7,6.134012707475449,0.0965740253024886,3,3.0023963500921127,0.0443286884758787,3,3.005786097977989,0.0038081663100292,7,6.614547915358457,0.0598725758444386,7.99979611116899,7,6.889495206455422,0.0277580405489542,7.9984929908882805,1.3,12.5,50.06842105263158,0.000899153
477,477,108,109,"ΕΝΟΤΗΤΑ 26
 Πνευματική ζωή, Γράμματα και Τέχνες στην Ελλάδα τον 19ο αιώνα
 Κύριες κατευθύνσεις της ελληνικής πνευματικής ζωής
 Το στοιχείο που δέσποσε στην ελληνική πνευματική ζωή τον 19ο αιώνα ήταν η προσπάθεια οικοδόμησης μιας εθνικής ταυτότητας κοινής για ολόκληρο τον ελληνισμό.
 Έτσι, ιδιαίτερη σημασία δόθηκε στην ιστορία και στη λαογραφία. Οι απόψεις του Γερμανού
 ιστορικού Φαλμεράιερ, που υποστήριζε ότι οι Έλληνες του 19ου αιώνα ελάχιστη σχέση είχαν
 με τους αρχαίους Έλληνες, έστρεψαν το ενδιαφέρον στην αναζήτηση της εθνικής συνέχειας.
 Οι Σπυρίδων Ζαμπέλιος και Κωνσταντίνος Παπαρρηγόπουλος υποστήριξαν ότι η συνέχεια του
 ελληνισμού από την αρχαιότητα υπήρξε αδιάκοπη και, για να ενισχύσουν αυτή τη θέση, στράφηκαν στη μελέτη του Βυζαντίου. Έτσι, διαμορφώθηκε το τριμερές σχήμα της ελληνικής ιστορίας: αρχαία, βυζαντινή, νεότερη. Το σχήμα αυτό κυριαρχεί μέχρι σήμερα στην ελληνική ιστοριογραφία, ιδίως στη σχολική. Οι ίδιες ανάγκες ενίσχυσης της ελληνικής εθνικής ταυτότητας
 1. Κωσταντίνος Παπαροδήγησαν στη μελέτη της σύγχρονης λαϊκής ζωής και των λαϊκών εθίμων. Πρωτεργάτης υπήρρηγόπουλος
 ξε ο Νικόλαος Πολίτης, θεμελιωτής της λαογραφίας στην Ελλάδα.
 Στο πλαίσιο αυτό, το πανεπιστήμιο, που ιδρύθηκε το 1837, επιφορτίστηκε, εκτός από τις αυτονόητες λειτουργίες του,
 και με μια «αποστολή»: να εμφυσήσει στους ομογενείς «αλύτρωτους» φοιτητές του τις εθνικές αξίες, ώστε αυτοί να τις
 μεταδώσουν στις πατρίδες τους ως εκπαιδευτικοί και κληρικοί.
 Βεβαίως, η απόκτηση μιας πολιτιστικής ταυτότητας κοινής για όλο τον ελληνισμό έπρεπε
 Κοινωνικές και πολιτικές διαστάσεις του γλωσσικού ζητήματος
 να βασίζεται σε μια ενιαία, καθομιλουμένη
 Το γλωσσικό ζήτημα επανεμφανίστηκε [ενν. στα τέλη του 19ου αιώνα] με
 γλώσσα. Στο πλαίσιο αυτό, αναπτύχθηκε το κίτο χαρακτηριστικό γνώρισμα των προεπαναστατικών διενέξεων: τη βαθιά
 νημα του δημοτικισμού, δηλαδή η συστηματική
 σύγκρουση ανάμεσα σε αντιλήψεις οι οποίες δεν αναφέρονταν μόνο στη
 προσπάθεια καθιέρωσης της δημοτικής ως
 γλώσσα αλλά στη συνολική προαγωγή της ελληνικής κοινωνίας. […] Το εκσυγχρονιστικό ρεύμα των τρικουπικών χρόνων ήταν ένα ρεύμα που πήγαζε
 γλώσσας της εκπαίδευσης, της διοίκησης και
 από τα οικονομικά και κοινωνικά δεδομένα της περιόδου και το οποίο προτης λογοτεχνίας. Πρωτεργάτης υπήρξε ο γλωσσπάθησε να δώσει λύσεις αναγκαστικά ανατρεπτικές παλαιών και κατεστησολόγος Γιάννης Ψυχάρης (1854-1929), που με
 μένων δομών και συμπεριφορών. Το ρεύμα αυτό εισήλθε σταδιακά στο χώτο βιβλίο Το ταξίδι μου (1888) υποστήριξε την
",history,12,8,7.388035431495428,0.0783150701118699,7,6.852772801268635,0.0341874772071902,4,3.9998645564151047,0.0001154994905397,7,6.2113079027539015,0.0869077583699486,5,5.158389811113011,0.0780973753251493,3,3.000910123610538,0.0005867428407602,8,7.386676301227013,0.0644272416752349,7.02930307799943,7,6.953912100798334,0.0148121864815988,7.992416893041536,4.7,18.3,60.12731481481482,0.001186925
478,478,90,91,"ωραία, βάφονταν, άλλαζαν το χτένισμά τους. Κάποιες είχαν πολλές
 υπηρέτριες για να τους κάνουν τις δουλειές. Αντίθετα στη Σπάρτη οι
 γυναίκες έπαιρναν μέρος σε πολλές εκδηλώσεις και συμπεριφέρονταν πιο ελεύθερα.
 Στην Αθήνα δεν υπήρχαν δημόσια σχολεία, όπως έχουμε σήμερα.
 Τα αγόρια ως τα εφτά τους χρόνια έμεναν στο σπίτι παίζοντας διάφορα παιχνίδια. Μετά από αυτή την ηλικία οι γονείς τα έστελναν με τη
 συνοδεία ενός παιδαγωγού στον γραμματιστή. Εκεί θα μάθαιναν να
 διαβάζουν, να γράφουν και να λογαριάζουν. Ο κιθαριστής τούς μάθαινε να παίζουν κιθάρα και λύρα.
 Ανώτερα σχολεία δεν υπήρχαν. Ο κάθε νέος μπορούσε να μάθει πολλά
 πράγματα παρακολουθώντας συζητήσεις στην Αγορά και σ’ άλλα μέρη.
 Η πόλη έμοιαζε με σχολείο, όπου μορφωμένοι άνθρωποι συζητούσαν διάφορα θέματα. Μετά πήγαιναν στρατιώτες, δίνοντας όρκο ότι θα κάνουν το
 καθήκον τους στην πατρίδα. Στον στρατό υπηρετούσαν δυο χρόνια.
",history,4,5,5.187245261033695,0.0395311035602656,6,6.4303958448172125,0.074398052519535,3,2.9996206522027933,0.0002716330570105,4,4.222914991816708,0.0429159841906544,4,3.9920903261263447,0.0535833637875649,3,3.0000014899359977,0.0007552752999757,6,5.92458603451297,0.0218463290193497,7.992421937236685,4,4.470539844816187,0.0565788329484051,7.0293011562916945,0.3,9.9,42.76923076923077,0.000838058
479,479,90,91,"Η πορεία προς την οικονομική και εθνική κρίση Η
 αδυναμία της Ελλάδας να
 ανταποκριθεί στις οικονομικές της υποχρεώσεις οδήγησε τον Χ. Τρικούπη στην απόφαση να κηρύξει, το 1893, τη
 χώρα υπό πτώχευση. Στις
 εκλογές που έγιναν το 1895 ο
 Τρικούπης δεν εκλέχτηκε ούτε βουλευτής. Ο νέος πρωθυπουργός Θ. Δηλιγιάννης ήρθε
 αντιμέτωπος με πλήθος προβλημάτων. Επιπλέον, το 1896
 ξέσπασε επανάσταση στην
 Κρήτη. Πιεζόμενος από την
 κοινή γνώμη, που εμπνεόταν
 από τη Μεγάλη Ιδέα, έστειλε
 στρατό στην Κρήτη (Φε4. Γ. Ροϊλός, Η μάχη των Φαρσάλων, 23 Απριλίου 1897.
 βρουάριος 1897).
 Μία από τις μάχες του ελληνοτουρκικού πολέμου του 1897.
 Ο πόλεμος του 1897 και
 οι πολιτικές εξελίξεις έως
 2. Το πολιτικό κλίμα στην Ελλάδα μετά την ήττα στον πόλεμο του 1897
 το 1908 Σχεδόν αμέσως άρΤο ολιγαρχικόν καθεστώς θα εσαρώνετο από το πρώτον τυχόν πραξικόπημα. Τόση ήτο η
 χισε στη Θεσσαλία ελληνοεξωτερική
 ταπείνωσις και ο εσωτερικός εκπεσμός του τόπου. Ανατροπείς όμως δεν υπήρχον.
 τουρκικός πόλεμος στον
 Οι αστοί ευρίσκοντο εις το στάδιον της πολιτικής των διαμορφώσεως. Δεν ήσαν ακόμη τάξις
 οποίο ο ελληνικός στρατός,
 αρχηγική. Οι αξιωματικοί, οι οποίοι ελάμβανον συνήθως την πρωτοβουλίαν των επαναστάσεων,
 με αρχιστράτηγο τον διάδοεδοκίμαζον τας συνεπείας της ήττης. Έγιναν αντικείμενον αδίκου και γενικού χλευασμού.
 χο Κωνσταντίνο, ηττήθηκε.
",history,12,8,7.994158621985434,0.0030323576027585,7,7.1204102010706265,0.0360843157056684,4,3.999513042763283,0.0004337323217995,7,7.000002097178996,4.802632074945353e-05,4,4.636931196549085,0.0823723625627075,4,3.6794379484615902,0.0505360244714174,8,7.994643902520607,0.0028072830934366,7.025951181209621,7,7.0085595989994545,0.0039918250466998,7.9994437368965805,0.5,10.4,42.65984654731458,0.000886832
480,480,107,108,"3. Στον ατυχή Ελληνοτουρκικό Πόλεμο του 1897 στο πλευρό των Ελλήνων έλαβαν μέρος και πολλοί Φιλέλληνες, αρκετοί από τους οποίους σκοτώθηκαν στα πεδία των μαχών. Προς τιμήν τους ο
 Κωστής Παλαμάς έγραψε το παρακάτω ποίημα:
 «Ω παλικάρια αλλόγλωσσα κι αλλόφυλα και ξένα,
 αλλά σαν απ’ των σπλάχνων μας τα σπλάχνα φυτρωμένα.
 Απ’ τα νερά της Μεσογείου στα κύματα του Αδρία
 Κι από του Πίνδου τα έλατα στων Άλπεων τα χιόνια
 πέρα ως τη χώρα της κιτριάς κι ως τη χρυσή Ιταλία
 και ως του παγοστέφανου Βοριά τα μεγαλεία
 τα ονόματά σας ο τρανός ο αντίλαλος ας φέρει
 ω ξένοι, απ’ της Ελλάδας σας ολόφεγγο αστέρι».
 Κ. Παλαμάς, Χαιρετισμός των νεκρών Φιλελλήνων (1897)
",history,6,7,7.094191009348403,0.0259155180532838,3,3.274033571441578,0.0482243778950984,4,3.999925354080915,9.94226463896687e-05,6,6.294509624716554,0.0634077253246821,2,2.2634331210801975,0.0509778517452265,3,3.147123907604499,0.0343627214626363,7,6.949978719992032,0.0301608009276568,7.99592750443378,7,6.98818861411155,0.0051819168241837,7.9970666270715896,7.1,15.3,45.13125,0.001045628
481,481,85,86,"3. Δημοτικό τραγούδι που αναφέρεται στον θάνατο του Καραϊσκάκη
 «Σαν τα σαΐνια ρίχτηκαν στα τούρκικα ταμπούρια.
 Δέκα ταμπούρια έπηραν, στα δώδεκα πηγαίνουν.
 Κακό μαντάτο ακούσθηκε μεσ’ από τα ταμπούρια.
 Τον Αρχηγό μας λάβωσαν, πικρά φαρμακωμένα
 Κι απ’ τ’ άλογό του έπεσε και πάλ’ οπίσ’ ανέβη.
 Ψηλή φωνίτσα εφώναξε ν’ ακούση το ασκέρι.
 - Έλληνες μην κιοτεύετε*, Έλληνες μη σκορπάτε,
 - Εγώ δεν έχω τίποτε, μόν’ είμαι λαβωμένος.
 Για πάρτε με και σύρτε με στο έρημο τσαντήρι,
 Να πλύνω τη λαβωματιά, και πάλ’ οπίσω νάρθω.
 Τον κλαίει η μαύρη Ρούμελη, τον κλαίει ο κόσμος,
 Τον κλαίουν όλ’ οι Έλληνες και οι καπιταναίοι».
 Δημήτρη Σταμέλου, Ο θάνατος του Καραϊσκάκη, Αθήνα 1985, σ. 88.
 *μην κιοτεύετε = μην δειλιάζετε
",history,6,8,7.519710177292168,0.0586534429185334,3,3.003290917716868,0.0017889162253962,3,3.0446328901285113,0.0167711799001918,5,5.48629186616094,0.0709188894937189,4,5.049040665850043,0.1129810670917699,3,3.1737768270511637,0.0604102315190422,8,7.33567632642692,0.0810202444568575,7.0014835992642475,7,6.531422553478038,0.0691959454874869,7.998260482992919,0.6,8.9,34.37719298245614,0.000771525
482,482,113,114,"παράθεμα 2 Ένας αληθινός ήρωας
 Οι Σπαρτιάτες, βλέποντας τον Επαμεινώνδα να ορμάει στη μάχη με γενναιότητα, του
 επιτέθηκαν όλοι μαζί. Τα βέλη έπεφταν βροχή πάνω του, αλλά εκείνος ξέφευγε με έξυπνες κινήσεις. Αφού αγωνίστηκε ηρωικά για
 τη νίκη, δέχτηκε ένα φοβερό χτύπημα στο
 στήθος. Το κοντάρι έσπασε και η σιδερένια
 μύτη του έμεινε στο σώμα του. Μετά το τέλος της μάχης ο Επαμεινώνδας μεταφέρθηκε στο στρατόπεδο· ήταν ακόμη ζωντανός.
 Οι γιατροί είπαν πως θα πεθάνει σύντομα,
 εκείνος όμως αντιμετώπισε το τέλος του
 4. Ο τάφος του Επαμεινώνδα
 θαρραλέα.
 Ζήτησε μάλιστα να μάθει αν έσωσαν την
 ασπίδα του. Όταν του απάντησαν «ναι» και του την έδειξαν, ρώτησε μετά να μάθει ποιοι νίκησαν. Μόλις του είπαν πως νίκησαν οι Βοιωτοί, είπε: «Είναι ώρα να πεθάνω» και διέταξε να
 του βγάλουν το δόρυ. Οι φίλοι του που ήταν κοντά διαμαρτύρονταν με κραυγές και, όταν
 κάποιος του είπε: «Πεθαίνεις χωρίς να έχεις αποκτήσει παιδιά, Επαμεινώνδα», εκείνος απάντησε: «Όχι, προς θεού, αφήνω δύο κόρες, τη νίκη στα Λεύκτρα και τη νίκη στη Μαντίνεια».
 Διόδωρος Σικελιώτης, Ιστορική Βιβλιοθήκη, ΙΕ ~, 87 (διασκευή)
",history,4,7,6.739032102873544,0.0495216630675534,6,6.142235333797316,0.0345282110464467,3,3.0001797616011636,0.0001389926189868,5,4.979322950078313,0.0167673555711255,3,3.0954872850525135,0.0266262880378586,3,2.9954569548185646,0.0024151655161961,6,6.023628538222898,0.0089559809720914,7.966912804130004,5,5.321261434605674,0.0530295061681689,7.004028094714158,1.9,10.4,41.61111111111112,0.000950102
483,483,111,112,"πνεύστηκαν από τον Αγώνα. Η συνέχεια σφραγίστηκε από τις τρεις
 μεγάλες μορφές της ελληνικής ζωγραφικής του 19ου αιώνα, τον Νικηφόρο Λύτρα, τον Κωνσταντίνο Βολανάκη και τον Νικόλαο Γύζη, που
 είχαν σπουδάσει και ζήσει στο Μόναχο. Ο Ν. Λύτρας (1832-1904) ασχολήθηκε αρχικά με ιστορικά θέματα
 (βλέπε έργο του σ. 31), αλλά στην
 πορεία στράφηκε προς την απεικόνιση της καθημερινής ζωής. Ο Κ. Βολανάκης (1836-1882) εμπνεύστηκε
 από τη θάλασσα και τη ναυτική ζωή
 (βλέπε έργο του σ. 62). Ο Ν. Γύζης
 (1812-1901) διακρίθηκε για μια διάθεση εξιδανίκευσης των θεμάτων. Επίσης, σημαντικότερος γλύπτης της
 εποχής υπήρξε ο Γιαννούλης Χαλεπάς (1851-1938).
 Η αρχιτεκτονική Κατά την οθωνική περίοδο, τα μεγάλα κτίρια σχεδιάστηκαν με βάση τον κλασικισμό
 από ξένους αρχιτέκτονες, όπως ο
 Χριστιανός Χάνσεν (Πανεπιστήμιο
 Αθηνών), ο αδερφός του Θεόφιλος
 [Ακαδημία, Εθνική Βιβλιοθήκη, Μέγαρο Δημητρίου (πρώτη μορφή του
 σημερινού ξενοδοχείου Μ. Βρετανία)] και ο Φρειδερίκος φον Γκέρτνερ (ανάκτορα, σημερινή Βουλή).
",history,12,8,7.817487420405115,0.0382327246967072,7,6.94391413150548,0.028835197053174,4,3.999201638343038,0.0005311444208165,7,6.9914468701026635,0.0039361138099461,4,4.136241567527122,0.0544418754057905,3,3.0953581929887832,0.0252801002745782,7,7.092786049081951,0.0323576290836942,7.9668957683625194,7,6.99902767511503,0.0006714965721088,7.988823286897627,2.4,14.2,46.33333333333333,0.000909274
484,484,60,61,"ροπλάνων. Παράλληλα, το καύσιμο των κινητήρων, το πετρέλαιο, άρχιζε να αποκτά μεγάλη
 αξία και σημασία.
 Ενώ συνέβαιναν τα παραπάνω, η επανάσταση των μέσων
 μετάδοσης ήχου σε μεγάλες
 αποστάσεις (ηλεκτρικός τηλέγραφος, τηλέφωνο, ασύρματος
 τηλέγραφος), που είχε ξεκινήσει από το πρώτο μισό του 19ου
 αιώνα, συνεχιζόταν κάνοντας
 3. Ένα από τα πρώτα ατμόπλοια.
 ευκολότερη την επικοινωνία.
 Έτσι, άρχισε να διαμορφώνεται ένα δίκτυο μεταφορών και επικοινωνιών που αγκάλιαζε, βαθμιαία, όλη τη Γη, ενσωματώνοντας συνεχώς νέες περιοχές, οι οποίες εντάσσονταν μέρα με την ημέρα στο νέο οικονομικό σύστημα.
 Οικονομικός φιλελευθερισμός και καπιταλισμός Ο νέος τρόπος οργάνωσης της οικονομίας ονομάστηκε οικονομία
 της ελεύθερης αγοράς ή καπιταλισμός ή κεφαλαιοκρατία. Ιδεολογική βάση του νέου συστήματος υπήρξε ο οικονομικός φιλελευθερισμός. Σύμφωνα με αυτόν, οι επιχειρηματίες είχαν το δικαίωμα να πράττουν ό,τι εκείνοι έκριναν αναγκαίο για να κερδίζουν. Το ατομικό συμφέρον θεωρούνταν σημαντικότερο του κοινωνικού.
 Η ανάγκη συγκέντρωσης τεράστιων κεφαλαίων για να ιδρυθούν μεγάλες βιομηχανίες οδήγησε στη δημιουργία εταιρειών με τη συμμετοχή πολλών κεφαλαιούχων. Το κεφάλαιο αυτών των επιχειρήσεων εκφραζόταν σε μετοχές. Ο κάθε
 κεφαλαιούχος, ανάλογα με το ποσοστό συμμετοχής του στην εταιρεία, είχε έναν αριθμό μετοχών. Την ίδια εποχή δημιουργήθηκαν μεγάλες τράπεζες που συγκέντρωναν κεφάλαια, τα οποία δάνειζαν σε επιχειρηματίες με τόκο. Η ανάγκη
 μείωσης του κόστους παραγωγής προκάλεσε συγχωνεύσεις και οδήγησε στη δημιουργία ολιγοπωλίων και μονοπωλίων, δηλαδή τεράστιων επιχειρήσεων που κατόρθωναν να επικρατήσουν μόνο αυτές στην αγορά.
 Παράλληλα, άρχισαν να ξεσπούν, περιοδικά, οικονομικές κρίσεις όταν η αγορά αδυνατούσε να απορροφήσει την
 παραγωγή. Στο πλαίσιο αυτό, άρχισε να αμφισβητείται ο απόλυτος οικονομικός φιλελευθερισμός και να συζητείται η
 κρατική παρέμβαση στην οικονομία
 3. Οι απαρχές διαμόρφωσης της μαζικής αγοράς
 [Κατά την περίοδο 1875-1914] με την αύξηση του πληθυσμού, του εξαστισμού και των πραγματικών εισοδημάτων, η μαζική αγορά, που ίσαμε τότε
 περιοριζόταν λίγο-πολύ στα [...] βασικά είδη επιβίωσης, άρχισε να επιβάλλει
 την κυριαρχία της στις βιομηχανίες παραγωγής καταναλωτικών αγαθών.
 Μακροπρόθεσμα αυτή η εξέλιξη ήταν πιο σημαντική από την αξιοσημείωτη
 αύξηση στην κατανάλωση των πλούσιων [...]. Επανάσταση στην αυτοκινητοβιομηχανία δεν έφερε η Ρολς Ρόις αλλά το μοντέλο Τ της Φορντ.
 E.J. Hobsbawm, Η εποχή των αυτοκρατοριών, 1875-1914, α´ ανατύπωση, μτφρ.
 Κ. Σκλαβενίτη, ΜΙΕΤ, Αθήνα 2002, σ. 90.
",history,12,8,7.9963727782505885,0.0050650821352924,7,7.0193582272409,0.0196067200708294,4,4.000378146173944,0.0002724780425775,7,6.999067369233757,0.0005988274020151,4,4.513231206943601,0.0774074979518061,4,3.991447025676962,0.0039903281018745,8,7.992893851812369,0.004277791167184,7.075851056810961,7,6.99985502275058,0.0001770973566211,7.9984948771532345,2.3,16.0,53.53958700840511,0.000968138
485,485,100,101,"Η ναυτιλία υπήρξε ο κύριος μοχλός οικονομικής ανάπτυξης. Η Πάτρα παρέμεινε το κύριο λιμάνι εξαγωγής σταφίδας. Η
 Σύρος αναδείχθηκε σε κύριο εμπορικό κέντρο της χώρας και ένα από τα σημαντικότερα της Μεσογείου. Κατά τις τελευταίες δεκαετίες του αιώνα άρχισε και η γρήγορη ανάπτυξη του Πειραιά.
 Το τραπεζικό σύστημα άρχισε να αναπτύσσεται με την ίδρυση, το 1841, της Εθνικής Τράπεζας της Ελλάδος (ΕΤΕ). Έως
 τότε δεν υπήρχαν τράπεζες και όσοι χρειάζονταν κάποιο δάνειο κατέφευγαν στον ιδιωτικό δανεισμό. Η ΕΤΕ ιδρύθηκε με
 πρωτοβουλία του κράτους και της παραχωρήθηκε το δικαίωμα να εκδίδει χαρτονομίσματα.
 Η βιομηχανία αναπτύχθηκε στην Ελλάδα με αργούς
 ρυθμούς. Κύριοι λόγοι γι’ αυτό ήταν η έλλειψη κεφαλαίων, η μικρή αγορά, η έλλειψη πρώτων υλών και καυσίμων, η χρόνια έλλειψη εργατικών χεριών και η πίεση
 των φτηνών εισαγόμενων βιομηχανικών προϊόντων.
 Ο ρόλος του κράτους στην ανάπτυξη της ελληνικής
 οικονομίας τον 19ο αιώνα υπήρξε σημαντικός. Κάνοντας επενδύσεις σε έργα υποδομής και διαμορφώνοντας ευνοϊκό θεσμικό πλαίσιο, το ελληνικό κράτος επιδίωξε, ιδίως επί Τρικούπη, τον εκσυγχρονισμό της οικονομίας.
 Τέλος, το εξωελλαδικό ελληνικό κεφάλαιο στράφηκε
 προς την Ελλάδα από τις αρχές της δεκαετίας του 1870,
 πιεσμένο από την οικονομική κρίση του 1873 και παρακι- 1. Η αποξήρανση της λίμνης Κωπαΐδας ήταν ένα από τα σημαντικότερα
 έργα που έγιναν στην Ελλάδα τον 19ο αιώνα με πρωτοβουλία του κράτους.
 νημένο από το ευνοϊκό επενδυτικό πλαίσιο
 που πρόσφερε ο Τρικούπης, κάνοντας κυρίως
 ευκαιριακές επενδύσεις.
 Γενικά, οι ρυθμοί οικονομικής ανάπτυξης
 της Ελλάδας τον 19ο αιώνα υπήρξαν χαμηλότεροι από τους αντίστοιχους της δυτικής
 Ευρώπης, αλλά ήταν οι υψηλότεροι που επιτεύχθηκαν στην ευρύτερη περιοχή των Βαλκανίων και της Α. Μεσογείου.
 Η ελληνική κοινωνία χαρακτηριζόταν από
 αργή αλλά συνεχή μεταβολή. Κύριος άξονας
 των αλλαγών ήταν η βαθμιαία αστικοποίηση,
 2. Αγρότες επεξεργάζονται σταφίδα.
 δηλαδή η ενίσχυση της κοινωνικής θέσης και
 του ρόλου των αστικών στρωμάτων στο ευρύτερο πλαίσιο της ελληνικής κοινωνίας.
",history,12,7,6.92786311872981,0.0866066175845541,6,6.376601391425298,0.0537139414111638,4,3.999374980021912,0.0004225922881561,5,5.4129344189937,0.0766487300049334,4,4.014273278819019,0.060356571252257,3,3.0600885483713682,0.0182515757671671,6,6.810809688339976,0.084197117962641,7.962672487430325,7,6.9603230566390835,0.0123577485999605,7.990275986256165,2.3,13.5,52.30948629057674,0.000991311
486,486,227,228,"2. Ο Κωνσταντίνος Καραμανλής
 και η ομαλή μετάβαση της Ελλάδας στη δημοκρατία
 Η Ελλάδα κατάφερε όχι απλώς να αντεπεξέλθει στις δυσκολίες, αλλά, σε λιγότερο από ένα χρόνο, και αναίμακτα, να αποκτήσει ένα νέο Σύνταγμα, να υποβάλει αίτηση για ένταξη στις Ευρωπαϊκές Κοινότητες, και στα επόμενα χρόνια να κατοχυρώσει τους δημοκρατικούς θεσμούς, να διαχειριστεί την εξωτερική κρίση και να γίνει πλήρες μέλος της ενοποιούμενης Ευρώπης. Παρά το γεγονός ότι από δυνάμεις
 της αντιπολίτευσης εκφράστηκαν επιφυλάξεις ως προς την έκταση της πολιτικής
 αλλαγής, από άλλες πλευρές η διαδικασία αυτή χαρακτηρίστηκε ως το «ελληνικό
 θαύμα», ένα από τα μεγαλύτερα επιτεύγματα της σύγχρονης ιστορίας της χώρας,
 που συγκέντρωσε τον θαυμασμό της παγκόσμιας κοινής γνώμης και σε μεγάλο βαθμό αποδόθηκε στην πράγματι καταλυτική πολιτική παρουσία του Κωνσταντίνου Καραμανλή.
 2. Πολίτες περιμένουν στο λιμάνι της
 Ραφήνας την επιστροφή των εξορίστων
 από το στρατόπεδο της Γυάρου, που
 έκλεισε στις 24 Ιουλίου 1974.
",history,12,7,7.238369059115879,0.0797395537135297,6,6.094524398223221,0.0276344319154935,4,3.974043435924415,0.0096691920177723,5,5.199068481442964,0.0755088071187238,4,3.6188794626432355,0.0667464986185317,,,3.301090628319604e-05,7,6.5472252786470335,0.059730788485329,7.985927144869947,6,6.204620826689052,0.0776198989864025,7.01242315986201,15.0,30.1,66.95582822,0.001019787
487,487,59,60,"στο κέντρο και είναι ο χώρος υποδοχής (τύπος μεγάρου).
 Γύρω υπάρχουν άλλοι δευτερεύοντες χώροι κατοικίας των
 ηγεμόνων.
 Για πρώτη φορά τώρα στον ελλαδικό χώρο στήνονται
 πάνω στους λακκοειδείς τάφους των Μυκηνών λίθινες πλάκες
 (επιτύμβιες στήλες) με ανάγλυφες σπείρες ή πολεμικές και
 κυνηγετικές σκηνές που μαρτυρούν τον πολεμικό χαρακτήρα
 των νεκρών. Περίφημοι είναι επίσης οι μνημειακοί θολωτοί
 τάφοι, όπως ο «θησαυρός του Ατρέα» στις Μυκήνες,
 που θεωρήθηκε ως τάφος του
 Αγαμέμνονα, ο «τάφος της Κλυταιμνήστρας» και άλλοι. Από έναν
 μακρύ, πλαισιωμένο με λίθινους
 τοίχους διάδρομο, φθάνει κανείς στον κυκλικό θάλαμο που
 είναι χτισμένος με παρόμοιο τρόπο και έχει θολωτή οροφή.
 Μετά την ταφή, διάδρομος και
 θάλαμος σκεπάζονται με χώμα,
 ώστε ο τάφος έμοιαζε εξωτερικά
 με χαμηλό λόφο. Τέτοιοι τάφοι
 έχουν βρεθεί σε πολλά μυκηναϊκά
 κέντρα.
",history,10,8,7.851767558344084,0.0337901035706808,7,7.05037850775625,0.0788738433582384,3,3.182425078002723,0.0381498075946063,7,6.993682928066846,0.0030676656371004,5,5.350710471037019,0.0767947485366269,4,3.62265596559007,0.0533347249615288,8,7.816682643344862,0.0385096176084478,7.005904039260713,7,6.998913593360271,0.0006920390286805,7.98861176421633,3.1,14.4,48.93933463796478,0.001110619
488,488,133,134,"Κωπηλάτες:
 ανάγλυφο του
 τέλους του 5ου
 αιώνα (Αθήνα,
 Μουσείο Ακρόπολης).
 Η δύναμη της
 Αθήνας στηρίζεται
 στο ναυτικό της, το
 οποίο συγκροτείται,
 κυρίως, από τριήρεις,
 ταχύτατες και
 ευέλικτες, έτοιμες
 να επέμβουν ακόμη
 και σε μακρινές
 αποστάσεις.
",history,10,7,7.022738923082443,0.0113425459872937,4,4.003337147507409,0.0017451624486917,3,2.9999492968474897,4.609007466989339e-05,7,6.152651554222757,0.0868545240922584,3,3.0786961395572803,0.0366710773928563,3,3.0000287634264318,5.62616721012026e-05,7,6.970060825494585,0.0162448895189145,7.998967138057452,7,6.808080602206246,0.0401177216556237,7.99907607053774,3.0,15.6,53.434782608695656,0.001063411
489,489,167,168,"Οι Σπαρτιάτες είχαν κηρύξει τον πόλεμο εναντίον της Αθήνας με το σύνθημα της
 απελευθέρωσης των ελληνικών πόλεων από τον αθηναϊκό ζυγό. Όμως αυτό διαψεύστηκε μετά
 την πτώση της Αθήνας. Οι Σπαρτιάτες, με τη συμπαράσταση των Περσών, υποστήριξαν τα
 ολιγαρχικά κόμματα στις πόλεις, τοποθέτησαν φρουρά σ’ αυτές με επικεφαλής έναν Σπαρτιάτη
 αρμοστή και επέβαλαν φόρους.
 Στην Αθήνα εγκαθιστούν ένα σκληρότατο ολιγαρχικό καθεστώς. Ένας σκληρός πυρήνας
 τριάντα ανδρών (Τριάκοντα τύραννοι), φίλων της Σπάρτης, με ηγέτη τον Κριτία, αναλαμβάνει
 την εξουσία. Ένα κύμα βίας ξεσπά και πολλοί δημοκρατικοί πολίτες θανατώνονται. Οι Αθηναίοι
 τελικά εξεγείρονται και με την ηγεσία του Θρασύβουλου ανατρέπουν το τυραννικό καθεστώς και
 αποκαθιστούν το δημοκρατικό, χωρίς να σημειωθεί σπαρτιατική αντίδραση (403 π.Χ.).
 Η εκστρατεία του Κύρου, σατράπη της Μικράς Ασίας, εναντίον του αδερφού του Αρταξέρξη
 για την κατάληψη του περσικού θρόνου, οδηγεί τη Σπάρτη και τους Έλληνες γενικότερα
 να αντιληφθούν ότι τα θεμέλια του περσικού κράτους ήταν σαθρά. Στον στρατό του Κύρου
 συμμετείχαν 13.000 Έλληνες, ανάμεσα στους οποίους 700 Σπαρτιάτες. Στα Κούναξα (401
 π.Χ.) ο στρατός του Κύρου νίκησε, αλλά ο ίδιος σκοτώθηκε. Τότε οι Έλληνες μισθοφόροι, οι
 «Μύριοι», όπως ονομάστηκαν με οδηγούς τον Σπαρτιάτη Κλέαρχο αρχικά και τον Αθηναίο
 Ξενοφώντα στη συνέχεια, κατόρθωσαν χωρίς απώλειες να διασχίσουν το περσικό κράτος και να
 φθάσουν στον Πόντο. Το κατόρθωμα αυτό μας το αφηγείται ο ίδιος ο Ξενοφών στο έργο του
 «Κύρου Ανάβασις».
 Μετά την αποτυχία της εξέγερσης, οι Πέρσες απαιτούν την υποταγή των ελληνικών πόλεων
 της Ιωνίας σ’ αυτούς. Οι πόλεις αντιδρούν και στρέφονται προς τη Σπάρτη ζητώντας προστασία.
 Οι Σπαρτιάτες αποφασίζουν να επέμβουν με εκστρατευτικό σώμα, του οποίου την ηγεσία,
 τελικά, αναλαμβάνει ο βασιλιάς Αγησίλαος (395 π.Χ.). Ο Αγησίλαος, ηγέτης με πανελλήνια
 ιδεώδη, σκεφτόταν να συντρίψει την περσική δύναμη και, μάλιστα, με συνεχείς στρατιωτικές
 επιτυχίες απείλησε την κυριαρχία του «Μεγάλου Βασιλέως» στη Μικρά Ασία. Όμως, το περσικό
 χρήμα συνασπίζει Θηβαίους, Αργείους, Κορίνθιους και Αθηναίους στην Ελλάδα εναντίον της
",history,10,8,7.945827548484885,0.0170389415681575,7,6.817934001064451,0.0383670093827113,4,3.999091461301532,0.0005882496201302,6,5.997098642746607,0.070725614890848,4,4.39781667702664,0.0891406879051874,3,3.0001400184517024,0.000112635188776,8,7.780574640943087,0.0445131513267961,7.132959729285346,7,6.953231417573988,0.0153423933300331,7.991414093183721,2.5,14.2,50.58924731182796,0.001064456
490,490,115,116,"B Οι πηγές αφηγούνται...
 1. Οι Έλληνες της Μακεδονίας
 «Παρ’ όλες τις δυσμενείς αυτές συνθήκες, παρ’ όλες τις εκατοντάδες θυμάτων, ο Ελληνισμός διατηρούσε ακόμη το ψυχικό
 του σθένος. Η δύναμις αυτή του Μακεδονικού Ελληνισμού δεν άργησε να μετατρέψει την παθητική στάσι σε αμυντική.
 Μέχρι του 1902 η αντίδρασις προερχόταν κυρίως από τους Μακεδόνες Έλληνες χωρίς την βοήθεια του ελεύθερου Κράτους. Από το 1902 όμως και εφεξής, μετά την λεγόμενη βουλγαρική Επανάστασι του 1902, άρχισε κάποια μικρή υποστήριξις εκ μέρους του Ελληνικού Κράτους, η οποία ενισχύθη αργότερα».
 Αλέξανδρου Δ. Ζάννα, «Ο Μακεδονικός Αγών. Αναμνήσεις», Ίδρυμα Μελετών Χερσονήσου του Αίμου (επιμ.), Ο Μακεδονικός Αγώνας. Απομνημονεύματα, Θεσσαλονίκη 1984, σ. 73.
 2. Επιστολή του Παύλου Μελά στη γυναίκα του Ναταλία. Λάρισα, 21 Αυγούστου 1904
 «Αναλαμβάνω αυτόν τον αγώνα με όλην μου την ψυχήν και με την ιδέαν ότι είμαι υποχρεωμένος να τον αναλάβω. Είχα
 και έχω την ακράδαντον πεποίθησιν ότι δυνάμεθα να εργασθώμεν εν Μακεδονία και να σώσωμεν πολλά πράγματα. Έχων
 δε την πεποίθησιν ταύτην, έχω και υπέρτατον καθήκον να θυσιάσω το παν όπως πείσω και Κυβέρνησιν και κοινήν γνώμην
 περί τούτου».
 Ναταλίας Π. Μελά, Παύλος Μελάς, Αθήνα-Γιάννινα 1992, β΄ έκδοση, σ. 317.
 3. Επιστολή του Βασίλη Αγοραστού στον Ίωνα Δραγούμη σχετικά με τον θάνατο του Παύλου Μελά, Μοναστήρι, 20
 Οκτωβρίου 1904
 «Δεν επιχειρώ, φίλε μου, να σε παρηγορήσω, διότι η συμφορά είναι τόσον μεγάλη, ώστε δεν ευρίσκω λόγους παρηγορίας.
 Κλαύσον, διότι και ενταύθα έκλαυσαν ου μόνο οι γνωρίσαντες τον εις το καθήκον αφωσιωμένον και γενναίον στρατιώτην,
 αλλά όσοι και εξ ακοής μόνον εγνώρισαν αυτόν, διότι επ’ αυτού πάντες εστηρίζομεν τας ελπίδας ημών περί ευτυχεστέρου
 μέλλοντος της ατυχούς ταύτης χώρας, διότι προς αυτόν, ως τον μόνον λυτρωτήν, εστράφησαν οι οφθαλμοί πάντων των
 ορθοδόξων».
 Ναταλίας Π. Μελά, Παύλος Μελάς, Αθήνα-Γιάννινα 1992, β΄ έκδοση, σ. 415.
 5. Παύλος Μελάς
 4. Παύλος Μελάς
 «Σε κλαίει λαός. Πάντα χλωρό να σειέται το χορτάρι
 «Σαν τέτοια ώρα στο βουνό, ο Παύλος πληγωμένος
 στον τόπο που σε πλάγιασε το βόλι, ω παλικάρι.
 μες στο νερό του αυλακιού ήτανε ξαπλωμένος.
",history,6,8,7.944703679386173,0.0173508218258202,6,6.148104193040137,0.0338036179550593,4,3.9796720272383936,0.0079817193815886,,,1.4982658748644422e-06,,,0.0072420509429732,,,0.025331580338748,8,7.986076499467529,0.0057617735392575,7.348643186271715,,,0.0079808751812894,1.0000000001098557,2.3,11.9,38.84372177055104,0.000781922
491,491,138,139,"ΕΝΟΤΗΤΑ 35
 Οι διεκδικήσεις της Αντάντ και της Ελλάδας
 στην Οθωμανική αυτοκρατορία
 Μετά τη συνθηκολόγηση του σουλτάνου (Οκτώβριος 1918), δυνάμεις της Αντάντ κατέλαβαν νευραλγικά σημεία στην
 Οθωμανική αυτοκρατορία θέτοντας τη χώρα υπό κατοχή.
 Ελληνικές δυνάμεις συμμετείχαν στην κατάληψη της Κωνσταντινούπολης, εκφράζοντας, και με αυτό τον τρόπο, τις
 ελληνικές διεκδικήσεις. Παράλληλα, ο Βενιζέλος έστειλε στο
 συνέδριο του Παρισιού υπόμνημα (Δεκέμβριος 1918) με το
 οποίο διεκδικούσε μια ευρύτατη ζώνη εδαφών στη δυτική
 Μικρά Ασία με κέντρο τη
 Σμύρνη, την Α. Θράκη μέχρι τα
 πρόθυρα της Κωνσταντινούπολης και τα νησιά Ίμβρο και Τένεδο στην είσοδο των Στενών.
 Επιπλέον, ο Βενιζέλος, θέλοντας να υποστηρίξει τις παραπάνω διεκδικήσεις, έστειλε ελληνικό στρατό στην εκστρατεία της Αντάντ εναντίον των
 μπολσεβίκων (βλέπε ενότητα
 33, σελ. 95).
 Στη συγκεκριμένη συγκυρία
 η στρατιωτική παρουσία της
 Ελλάδας, χώρας που αποτελούσε στενό σύμμαχο της
 Βρετανίας, στη Μικρά Ασία θα
 αναχαίτιζε τις ιταλικές επιδιώξεις στην περιοχή και θα παρείχε στήριξη στις μικρές
 1. Λ. Κογεβίνας, To θωρηκτό «Αβέρωφ» στην Κωνσταντινούπολη το φθινόπωρο του 1918.
 βρετανικές δυνάμεις που βρί-
",history,12,8,7.900484425973808,0.0265638303783028,7,7.053349508034671,0.0415117853281467,4,3.999513396687348,0.0003392291913277,7,6.992980272275531,0.0028404366520328,3,3.5431437220549924,0.0649454119385387,3,3.0330862198567843,0.0116699568979447,8,7.810890567470778,0.0415109142043794,7.148045864465104,7,6.999721714519751,0.000204466632462,7.979652500502198,4.2,17.2,57.80375647668394,0.001225726
492,492,189,190,"ΕΝΟΤΗΤΑ 48
 Κατοχή, Αντίσταση και Απελευθέρωση
 Η Κατοχή Η κατεχόμενη Ελλάδα χωρίστηκε σε τρεις ζώνες, τη γερμανική (Κρήτη, Αττική, ορισμένα νησιά του Αιγαίου,
 το μεγαλύτερο τμήμα της Μακεδονίας), τη βουλγαρική (τμήμα της ανατολικής Μακεδονίας και Θράκη) και την ιταλική (η
 υπόλοιπη ηπειρωτική Ελλάδα, τα μη γερμανοκρατούμενα
 νησιά του Αιγαίου και τα Επτάνησα). Οι κατακτητές διόρισαν κυβέρνηση από Έλληνες συνεργάτες τους (δωσίλογοι) με πρωθυπουργό τον Γ. Τσολάκογλου, η οποία βασίστηκε, όσον αφορά τα πρόσωπα, στο καθεστώς Μεταξά.
 Επίσης, επιβλήθηκαν μέτρα καταστολής (απαγόρευση
 νυχτερινής κυκλοφορίας, λογοκρισία, συλλήψεις, βασανιστήρια, εκτελέσεις). Στην Α. Μακεδονία, η πολιτική εκβουλγαρισμού που επιχείρησαν να εφαρμόσουν οι Βούλγαροι φασίστες προκάλεσε εξέγερση των Ελλήνων η
 οποία αντιμετωπίστηκε με μαζικές εκτελέσεις. Οι εβραϊκές κοινότητες της Ελλάδας (Θεσσαλονίκη, Ιωάννινα,
 1. Έλληνες Εβραίοι υφίστανται εξευτελισμούς
 Κέρκυρα κ.ά.) ξεκληρίστηκαν από τους ναζί.
 από τους ναζί στη Θεσσαλονίκη.
 Οι κατακτητές δέσμευσαν κάθε οικονομικό πόρο της
 Ελλάδας, με αποτέλεσμα την έλλειψη ειδών πρώτης
 ανάγκης και την εμφάνιση φαινομένων μαύρης αγοράς
 (πώληση αγαθών σε υπερβολικά υψηλές τιμές). Η πείνα
 θέριζε τους ανθρώπους. Τον χειμώνα 1941-1942 υπολογίζεται ότι πέθαιναν κάθε μέρα περίπου 300 άνθρωποι
 από πείνα μόνο στην Αθήνα. Το καλοκαίρι του 1942 έγιναν αποστολές τροφίμων από τον Ερυθρό Σταυρό, που
 ανακούφισαν κάπως τους Έλληνες.
 Η Αντίσταση Η αντίσταση ξεκίνησε από νωρίς με μεμονωμένες ενέργειες. Η πιο εντυπωσιακή από αυτές
 υπήρξε η υποστολή της σημαίας των ναζί από την Ακρόπολη, στις 30 Μαΐου 1941, από δύο φοιτητές, τον Μανόλη
 2. Ρακένδυτα και πεινασμένα παιδιά της Κατοχής περιμένουν συσσίτιο. Γλέζο και τον Απόστολο Σάντα. Η πράξη τους αποτέλεσε
",history,12,8,7.99084361121723,0.004105502510234,7,6.94067565139278,0.0366700698568508,4,3.994781659675141,0.0026228704996597,7,6.99282973019308,0.0033337371095699,4,3.8913100151185063,0.0731015571021438,3,3.000773330972976,0.0005534934794902,8,7.8956956366128,0.0198576420069588,7.106688758988298,7,6.99950466257053,0.0003610429217111,7.999195516331156,1.6,14.2,51.43498452012384,0.000986344
493,493,199,200,"Ο μαθητής του Αριστοτέλη, Ιπποκράτης από την Κω (460-370 π.Χ.), θα συνεχίσει την
 ιατρική έρευνα και θα ιδρύσει την πρώτη μεγάλη ιατρική σχολή στην Ελλάδα.
 Τον 4ο κυρίως αιώνα αναπτύσσεται ιδιαίτερα η τέχνη της ρητορικής που απέβλεπε στην
 καλύτερη, ελκυστικότερη και πιο πειστική ανάπτυξη επιχειρημάτων στα δικαστήρια ή στις
 συνελεύσεις της Εκκλησίας του Δήμου όπου λαμβάνονταν οι κρίσιμες πολιτικές αποφάσεις.
 Ο Λυσίας (445-380 π.Χ.), ο Ισοκράτης (436-338 π.Χ.), ο Δημοσθένης (384-322 π.Χ.), ο
 Ισαίος, είναι μερικοί μόνο από τους ονομαστούς ρήτορες του 4ου αιώνα π.Χ. που ανήκαν σε
 διαφορετικά πολιτικά κόμματα και υπερασπίστηκαν με πάθος και περίτεχνο λόγο τις απόψεις
 τους.
 Μία από τις σημαντικότερες συμβολές της κλασικής περιόδου είναι η δημιουργία του θεάτρου
 ή της τραγικής ποίησης, που περιλαμβάνει την τραγωδία*, το σατυρικό δράμα* και
 την κωμωδία*. Τα έργα των μεγάλων τραγικών και κωμικών ποιητών της αρχαιότητας είναι
 πάντα επίκαιρα και γι’ αυτό τον λόγο εξακολουθούν μέχρι σήμερα να παίζονται σε όλο τον
 κόσμο ή να διασκευάζονται από μεγάλους συγγραφείς των νεότερων χρόνων. Ο Αισχύλος
 (525-456 π.Χ.) που λέγεται ότι παρουσίαζε τους ανθρώπους καλύτερους από όσο ήταν, ο
 Σοφοκλής (496-406 π.Χ.) που έπλαθε τους ανθρώπινους χαρακτήρες όπως θα έπρεπε να
 είναι, και τέλος ο Ευριπίδης (485/84-406 π.Χ.) που τους παρίστανε όπως ακριβώς ήταν,
 δηλαδή ρεαλιστικά, είναι οι τρεις κορυφαίοι τραγικοί ποιητές της αρχαιότητας. Στην κωμωδία
 διακρίθηκε ο Αριστοφάνης (445-386 π.Χ.) που σατίρισε τη σύγχρονή του ζωή αλλά και τους
 σύγχρονούς του πολιτικούς και πνευματικούς ανθρώπους με τόλμη, αθυροστομία και καυστικό
 λόγο. Στην αρχαία Αθήνα οι πολίτες έπαιρναν από το κράτος το αντίτιμο του εισιτηρίου για να
 παρακολουθήσουν τις παραστάσεις, γεγονός που φανερώνει τη μεγάλη πολιτιστική σημασία
 που απέδιδαν οι αρχαίοι στο θέατρο. Μέσα από τους μύθους, που ήταν κυρίως τα θέματα των
 θεατρικών έργων, διδάσκονταν οι πολίτες να αποφεύγουν την υπερβολή, την υπεροψία και
 την αλαζονεία και άλλες αρνητικές και
 ολέθριες συμπεριφορές και αντίθετα
",history,10,8,7.743565391413499,0.0475984323907633,7,7.004920263565111,0.0112816415126966,3,3.053403612541544,0.0167369703433475,5,5.4841440948921445,0.0642129260829083,4,4.408659050077858,0.0651373894285474,3,3.0179895349644994,0.0072412863164797,7,7.123289081730405,0.0469260780070464,7.999511027365031,7,6.832045888564949,0.0381133759541964,7.997522463715995,2.8,13.8,49.44083694083695,0.000983767
494,494,45,46,"2. Οι άγραφοι νόμοι των Σουλιωτών
 «Τα έθιμα και οι θεσμοί των Σουλιωτών υποχρέωναν κάθε πατριώτη να είναι ευσπλαχνικός προς τους
 ομογενείς και τους ομοθρήσκους του και σε κάθε περίπτωση να τους βοηθά. Να είναι επίσης πιστός στη
 θρησκεία του και άσπονδος εχθρός της οθωμανικής τυραννίας. Όποιος ήταν δειλός στον πόλεμο, όλοι
 τον περιφρονούσαν. Επίσης κατέκριναν όποιον είχε πληγωθεί στην πλάτη, γι’ αυτό και οι ηλικιωμένοι
 που ήταν γονείς γενναίων ανδρών συνήθιζαν να περηφανεύονται στις συναναστροφές τους και να
 λένε: «Ευχαριστώ το Θεό γιατί τα παιδιά μου σκοτώθηκαν η τραυματίσθηκαν στη μάχη και κανένας δεν χτυπήθηκε από πίσω». Αυτά πίστευαν για τη γενναιότητα και τη δειλία και γι’ αυτό
 οι Σουλιώτες ποτέ δεν έδειχναν τα νώτα τους στους εχθρούς, αλλά έπρεπε ή να νικήσουν ή να
 σκοτωθούν ένδοξα».
 Λάμπρου Κουτσονίκα, Γενική Ιστορία της Ελληνικής Επαναστάσεως, τόμ. 1, Αθήνα 1863, σσ. 24-25.
 (Απόδοση στα νέα ελληνικά)
",history,6,8,7.561804652821756,0.055211398380713,8,7.520583812081895,0.0637905602884273,3,3.3208217018692494,0.0503894555043764,5,5.390104809343484,0.0659657802672814,4,4.286262270667066,0.0609675401287471,3,3.0046104567629186,0.002362521610331,7,7.496540347792234,0.0568483404537011,7.982006736395078,6,5.626106427826585,0.070217788025682,7.0675415275472915,3.3,12.8,40.45581395348837,0.000808062
495,495,86,87,"Ο Όθωνας και πολλοί Έλληνες θεώρησαν ότι δινόταν στην Ελλάδα μια καλή ευκαιρία να διευρύνει τα σύνορά της. Έτσι,
 στις αρχές του 1854, Έλληνες στρατιωτικοί οργάνωσαν εξεγέρσεις στη Θεσσαλία, στην Ήπειρο και στη Μακεδονία.
 Σχεδόν αμέσως, αγγλικά και γαλλικά στρατεύματα κατέλαβαν τον Πειραιά (1854-1857) απαιτώντας από τον Όθωνα να
 τηρήσει η Ελλάδα αυστηρή ουδετερότητα.
 Τελικά, ο Κριμαϊκός πόλεμος έληξε με ήττα της Ρωσίας. Αμέσως μετά, ο σουλτάνος, πιεζόμενος και από τις Δυνάμεις,
 προχώρησε σε μεταρρυθμίσεις, γνωστές ως Χάτι Χουμαγιούν (1856), με στόχο τη διασφάλιση της ισότητας όλων των υπηκόων της Οθωμανικής αυτοκρατορίας, ανεξάρτητα από φυλή ή θρήσκευμα. Έτσι εγκαινιάστηκε μια περίοδος ανάπτυξης του
 ελληνισμού στην Οθωμανική αυτοκρατορία.
 Παράλληλα στην Ελλάδα, τα τρία παλαιά κόμματα (αγγλικό, γαλλικό και ρωσικό) έπαψαν να υπάρχουν, καθώς, μετά τις
 εξελίξεις του Κριμαϊκού πολέμου, η ελληνική κοινή γνώμη έχασε την εμπιστοσύνη της και στις τρεις Μεγάλες Δυνάμεις.
 Η έξωση του Όθωνα (1862) Η βαθμιαία αστικοποίηση της Ελλάδας, αν και περιορισμένη ακόμη, είχε φέρει στο κοινωνικοπολιτικό προσκήνιο μια νέα γενιά πολιτικών με φιλελεύθερες ιδέες που εκτιμούσαν ότι ο Όθωνας δεν είχε πλέον τίποτα να προσφέρει στη χώρα. Έτσι, την περίοδο 1859-1862 το
 κοινωνικό ρεύμα εναντίον του Όθωνα ενισχύθηκε. Στο Ναύπλιο, το κυριότερο αντιοθωνικό κέντρο, ξέσπασε την 1η Φεβρουαρίου 1862 επανάσταση (Ναυπλιακά), που, αν και δεν πέ2. Ο Όθωνας και
 τυχε, έδειξε τη φθορά του καθεστώτος. Τελικά, στασίασε τον
 η Αμαλία φεύγουν
 Οκτώβριο του 1862 και η φρουρά της Αθήνας. Ο Όθωνας κηαπό την Ελλάδα,
 ρύχθηκε έκπτωτος και υποχρεώθηκε να εγκαταλείψει τη χώ12 Οκτωβρίου 1862.
 ρα. Έφυγε για το Μόναχο, όπου και πέθανε το 1867.
",history,12,8,7.863104232943151,0.0310078371654865,6,6.377499113586474,0.05364334209486,4,3.9989708249786418,0.000656500349962,5,5.854922421996889,0.0866721241772954,4,3.9987665288826975,0.0657303997535275,3,3.1067034410698398,0.0272763450036093,8,7.680555533577717,0.0534949255796093,7.294210064586991,7,6.9520004103542306,0.0148694449203184,7.997193362321013,3.4,14.4,47.70372736954207,0.001056229
496,496,273,274,"Πορτρέτο της αυτοκράτειρας
 Αγριππίνας της νεότερης από
 το Μητρώο της Ολυμπίας
 (1ος αιώνας π.Χ.). Απεικονίζεται
 πιθανότατα η σύζυγος του Κλαυδίου
 και μητέρα του Νέρωνα. Το σώμα
 της αυτοκράτειρας είναι στον
 τύπο κλασικού αγάλματος του
 4ου αιώνα π.Χ., ενώ το κεφάλι
 έχει την κόμμωση της εποχής της
 αυτοκράτειρας και το πρόσωπο τα
 ιδιαίτερα χαρακτηριστικά της
 (Μουσείο Ολυμπίας).
",history,10,7,6.999982503967502,0.0042434425057547,4,4.889781281646719,0.062117844704249,3,3.000018235434254,8.615251769654428e-05,7,6.940886687541536,0.0179604684608778,3,3.2260024915869963,0.0458534661842389,3,3.0005872153106736,0.0005695892635522,6,6.2030037501655215,0.0409126579912184,7.979666697702214,7,6.993658375777159,0.0031334193274487,7.999408759017115,1.7,12.5,41.54117647058823,0.00111767
497,497,147,148,"Το μοναδικό αξίωμα που μπορούσε να αναλάβει μια γυναίκα στην αρχαιότητα ήταν αυτό
 της ιέρειας. Δε λάμβανε μέρος στη δημόσια ζωή και καταγινόταν με τις οικιακές εργασίες.
 Επέβλεπε τους δούλους —οικιακούς βοηθούς—, φρόντιζε τον καλλωπισμό της, ύφαινε και
 μεριμνούσε για την ανατροφή των παιδιών. Περνούσε το μεγαλύτερο μέρος της ημέρας στο
 γυναικωνίτη, ένα ιδιαίτερο τμήμα του σπιτιού που προοριζόταν γι’ αυτήν.
 Ο άνδρας περνάει το μεγαλύτερο μέρος της ημέρας έξω από το σπίτι. Το γλυκό κλίμα της
 Αττικής ευνοεί τη ζωή στην ύπαιθρο, το περιδιάβασμα, την ελεύθερη περιπατητική συζήτηση.
 Ο Αθηναίος, όταν δεν ασχολείται με την προσωπική του εργασία, συχνάζει στα γυμναστήρια,
 στα δημόσια λουτρά, στα κουρεία. Εκεί συναντά τους γνωστούς του και συζητά διάφορα,
 από τα μικροπροβλήματα της ζωής μέχρι πολιτικά και φιλοσοφικά θέματα. Η συμμετοχή στα
 κοινά τον θέλγει ιδιαίτερα και στις συνεδριάσεις της Εκκλησίας του Δήμου λαμβάνει ενεργό
 μέρος. Το βράδυ, στο σπίτι του, οργανώνει συμπόσια με τους φίλους του. Εκεί, μόνο με τη
 συμμετοχή ανδρών, άναβαν οι συζητήσεις γύρω από αγαπημένα θέματα, όπως η τέχνη και
 η φιλοσοφία.
 Η ανατροφή των παιδιών διέφερε ανάλογα με το φύλο. Ενώ τα κορίτσια έμεναν στο σπίτι
 και μάθαιναν από τη μητέρα τους το σύνολο των οικιακών εργασιών, τα αγόρια από την
 ηλικία των επτά ετών στέλνονταν σε ιδιωτικά σχολεία, για να μορφωθούν.
",history,10,6,6.411172256555485,0.0555142144041214,6,6.321805844885603,0.0534380344966543,3,3.1192023431771645,0.029338630008349,5,4.888191937694501,0.0491390195595812,4,3.5874206979992778,0.0614807421147408,3,3.0035104916615865,0.0019837308506414,6,6.048435191829363,0.0156975772937588,7.996405146798509,6,5.654233679757567,0.074101401372018,7.164510335851446,2.6,12.0,47.784865540963104,0.001001423
498,498,231,232,"2. Οι λόγοι που έφεραν το ΠΑΣΟΚ
 στην εξουσία: η ερμηνεία ενός μελετητή
 Το ΠΑΣΟΚ θεμελίωσε την απήχησή του στο εκλογικό σώμα σε μια ριζοσπαστική πρόταση για τον «σοσιαλιστικό» μετασχηματισμό της ελληνικής κοινωνίας […].
 Ελάχιστοι θα αμφισβητήσουν ότι, χωρίς τη χαρισματική προσωπικότητα και τις ηγετικές ικανότητες του
 Ανδρέα Παπανδρέου, το ΠΑΣΟΚ θα είχε τη θεαματική
 πορεία που διέγραψε κατά την περίοδο της μεταπολίτευσης […].
 Η συζήτηση για την προσωπικότητα […] του Ανδρέα
 Παπανδρέου συνδέεται με έναν ακόμη παράγοντα που
 συνέβαλε στην επιτυχία του ΠΑΣΟΚ. Πρόκειται για τη
 συγκρότηση και ανάπτυξη μιας κομματικής οργάνωσης, η οποία διακρινόταν για τον μαζικό χαρακτήρα
",history,12,8,7.761927601509752,0.0481167941098401,7,6.9087326894567695,0.0341828296182999,4,3.9999496718101,5.844011721238327e-05,7,6.996765270163451,0.0017515946147913,4,3.690182100387119,0.0538673597084848,3,3.0001394464741225,0.0001112337848686,7,7.118254050344277,0.0740257332641233,7.98756129408153,7,6.999828925364227,0.000156451721467,7.99507500891923,5.7,18.5,55.09655172413793,0.001072816
499,499,91,92,"Γ. Βεντήρης, Η Ελλάς του 1910-1920, Ίκαρος, Αθήνα 1970, τόμ. Α´, σ. 31.
 Μάλιστα, οι οθωμανικές δυνάμεις έφτασαν ως τη Λαμία και σταμάτησαν τις επιχειρήσεις εκκενώνοντας τη Θεσσαλία μόνο αφού ο σουλτάνος έλαβε διαβεβαίωση από
 τις Δυνάμεις ότι η Ελλάδα θα πλήρωνε τεράστια πολεμική αποζημίωση.
 Προκειμένου να πληρώσει την αποζημίωση, η Ελλάδα αναγκάστηκε να πάρει νέο δάνειο. Επιπλέον, οι Δυνάμεις, για
 να διασφαλίσουν ότι η Ελλάδα θα αποπληρώσει τα χρέη της, υποχρέωσαν τη χώρα να δεχτεί μια επιτροπή Διεθνούς
 Οικονομικού Ελέγχου (ΔΟΕ), η οποία ανέλαβε τη διαχείριση των κυριότερων ελληνικών δημοσίων εσόδων.
 Μετά την ήττα του 1897, η λαϊκή δυσαρέσκεια εναντίον των πολιτικών και των Ανακτόρων συνεχώς μεγάλωνε. Ο
 Γεώργιος, ωστόσο, εξακολουθούσε να παρεμβαίνει αποφασιστικά τόσο στην εσωτερική πολιτική όσο και στην εξωτερική. Οι συνεχείς παρεμβάσεις, τόσο του βασιλιά Γεώργιου όσο και άλλων μελών της βασιλικής οικογένειας, στην
 πολιτική ζωή και στη λειτουργία των ενόπλων δυνάμεων ήταν ένας από τους κύριους παράγοντες που οδήγησαν στην
 εκδήλωση, το 1909, στρατιωτικού κινήματος στο Γουδί (θα γίνει λόγος γι’ αυτό στην ενότητα 27).
 ΑΣΚΗΣΕΙΣ – ΔΡΑΣΤΗΡΙΟΤΗΤΕΣ
 1. Να μελετήσετε την πηγή 1. Ποια είναι, κατά τον Χ. Τρικούπη, τα αίτια της πολιτικής κακοδαιμονίας που επικρατεί
 στην Ελλάδα; Ποιοι φέρουν την ευθύνη; Ποια λύση προτείνει;
 2. Με βάση την πηγή 2, προσπαθήστε να παρουσιάσετε, σε σύντομο κείμενο, την πολιτική ατμόσφαιρα στην Ελλάδα
 μετά τον πόλεμο του 1897.
",history,12,8,7.959882522891249,0.0136911578869899,7,7.074159805759962,0.027673003074167,4,3.999997594816705,2.0548995795983023e-05,7,6.79902236335991,0.0431915752031384,4,4.145371787533122,0.0533580347018949,4,3.8355096241399735,0.0359229519937668,8,7.973011452137946,0.0100591210162074,7.294212042485867,7,6.984354864931447,0.0064555524222754,7.999445989998776,3.4,14.2,49.65811965811966,0.000930388
500,500,66,67,"Όλο το ενδιαφέρον του ποιητή στρέφεται προς ισχυρές προσωπικότητες, προς την ατομική
 αρετή και την ανδρεία. Αυτή η αρετή είναι ένα μίγμα θάρρους και πονηρίας σε μεταβλητή
 αναλογία (Ο Αχιλλέας και ο Οδυσσέας προσφέρουν ένα δείγμα αυτού του μίγματος,
 αληθινά κλασικό). Αυτές οι θαρραλέες πράξεις κάνουν τους ήρωες να βρίσκονται σε μια
 αγωνιστική διάθεση. Ο ελληνικός πολιτισμός, μέσα από τα ομηρικά έπη, καθίσταται ένας
 πολιτισμός «αγώνα». Αυτή η φροντίδα για την έξαρση του ατομικού μεγαλείου υποβάλλει
 σε σκληρή δοκιμασία την πίστη και το καθήκον. Δεν υπάρχει ίχνος μόνιμης υποταγής. Το
 μόνο που αντιστέκεται είναι ο δεσμός της φιλίας και αυτός σε προσωπικό επίπεδο, όπως
 ανάμεσα στον Αχιλλέα και τον Πάτροκλο.
 Mathieu de Durant, Precis d’histoire grecque, σ. 60-61 (Μετ. Β.Σ.)
 Στα ομηρικά έπη η πολιτική αστάθεια είναι συνεχής. Οι βασιλείς είναι πολυάριθμοι και
 απολύτως ανεξάρτητοι. Ο καθένας προσπαθεί να στηρίξει τη θέση του στο πλαίσιο ενός
 συστήματος υπερβολικά ανταγωνιστικού και συνεχώς πρέπει να αποδεικνύει τις ικανότητές του
 με κατορθώματα, ληστρικές επιδρομές που αποφέρουν μεγάλη λεία, με γιορτές και αγώνες
 ιδιαίτερα μεγαλοπρεπείς. Η κοινωνία, η ιεραρχία της οποίας στηρίζεται στην κατανομή της
 λείας, κυριαρχείται από ανισότητα και η διατήρηση της εξουσίας από τον ηγεμόνα δεν είναι
 ποτέ εξασφαλισμένη. Όλα αυτά τα στοιχεία ανταποκρίνονται περισσότερο στις συνεχείς
 αναταράξεις που ακολούθησαν την πτώση της μυκηναϊκής δύναμης και ταιριάζουν σε μια
 κοινωνία αγροτοποιμενική που ζει από τα προϊόντα της και από τις ληστρικές επιδρομές.
 Επομένως η Ιλιάδα και η Οδύσσεια περιγράφουν μια εποχή μεταγενέστερη της μυκηναϊκής,
 περίπου από τον 11ο μέχρι τον 8ο αιώνα π.Χ..
",history,10,8,7.989401487212319,0.0051752140772298,8,7.994889464335586,0.0027093675255666,4,3.9999955043090267,8.717529747992665e-06,7,6.943422342216309,0.0176843042776733,5,5.102226619206704,0.0871138222184577,4,3.8361686514978146,0.036284286474201,8,7.996640831218272,0.0021564408598669,7.006687991844046,7,6.999797179186885,0.0001596942325183,7.985913272374091,3.2,14.3,52.375,0.000938886
501,501,142,143,"2. Το γράμμα και η οδός
 « Όταν πια είδαμε κι αποείδαμε
 με τα τηλεγραφήματα και τες πρεσβείες,
 κλείσαμε τη μικρή ζωή μας σ’ ένα φάκελο
 μικρό που να χωράει στη φούχτα μιας μαθητριούλας,
 στον προβολέα ενός ποδηλάτου, στη ράχη ενός βιβλίου
 και γράψαμε με κόκκινο μελάνι τη διεύθυνση:
 Αξιότιμον Ελληνικόν Κυπριακόν Λαόν,
 Οδός Ελευθερίας η Θανάτου,
 Χωριά και Πόλεις,
 Κύπρον.
 Το στείλαμε χωρίς το γραμματόσημο με την ξένη βασίλισσα.
 Ταξίδεψε με χίλιους δικούς μας συνδέσμους,
 κρυμμένο σε γαλάζιες ποδιές και κόρφους παρθένων
 ή το πέρασαν από μπλόκα γαϊδουράκια αθώα
 που κουβαλούσαν χειρομβίδες και άλλους καρπούς της γης μας».
 Γιάννης Παπαδόπουλος, Τότε που πολεμούσαμε, Λευκωσία 1963.
",history,6,8,7.992430309089755,0.0035953817655875,8,7.874632616585586,0.0314641504617224,4,3.9859636916150265,0.0059621972203531,6,6.36944697140521,0.0717664881328819,7,6.4582712625851855,0.0817053306494807,3,3.0161488186006125,0.0066931663872816,8,7.977010537703194,0.0088455618464944,7.000114897999083,7,6.908775760891665,0.0251609597402205,7.98509204905713,6.5,17.4,53.055284552845535,0.001072444
502,502,290,291,"Ο Κωνσταντίνος
 έλαβε θεϊκό
 μήνυμα, κατά
 τον ύπνο του,
 να χαράξει στις
 ασπίδες των
 Η παλαιά και η νέα
 στρατιωτών του
 Ρώμη.
 το σημάδι του
 Δίπτυχο από
 Θεού και μετά
 ελεφαντόδοντο του
 να αρχίσει τη
 5ου μ.Χ. αιώνα.
 Πορτρέτο του
 Προσωποποιούνται
 μάχη. Υπάκουσε
 Κωνσταντίνου. (Ρώμη:
 η Ρώμη και η
 και χάραξε
 Palazzo dei Conservatori)
 Κωσταντινούπολη
 το όνομα του
 (Βιέννη, Μουσείο
 Χριστού με
",history,10,8,8.00014168519192,0.0001551962371476,8,8.281241602228327,0.0529203189408115,3,3.3486775009450866,0.0519499780055607,7,7.0109924663208485,0.0048636580977827,7,6.776175735631114,0.0476447263966813,3,3.0519538953521987,0.016835525792309,8,8.013219038352432,0.0057184794059831,7.005908266801271,8,7.731988164966424,0.0472283483815018,7.02296498554756,3.4,10.7,33.83333333333333,0.000730712
503,503,287,288,"Ο Διοκλητιανός έδειχνε πάντοτε το θάρρος που απαιτούσαν τόσο η εξουσία, όσο και
 οι περιστάσεις· αλλά δεν διακρίνουμε σ’ αυτόν αυτή την ορμή για τα μεγάλα, αυτήν τη
 γενναιότητα ενός ήρωα ο οποίος, φλεγόμενος από την επιθυμία να αφήσει ένα όνομα,
 αψηφά τους κινδύνους, περιφρονεί τα τεχνάσματα και εξαναγκάζει τους όμοιούς του να
 παραδεχτούν την υπεροχή του. Οι αρετές του Διοκλητιανού ήταν περισσότερο χρήσιμες παρά
 απαστράπτουσες. Τον διέκρινε μια δυνατή σκέψη, διαμορφωμένη από την πείρα και από μια
 βαθιά μελέτη των ανθρώπινων πραγμάτων. Μια δεξιότητα στις επιλογές και μια επιμέλεια στις
 υποχρεώσεις, ένας συνδυασμός οικονομίας και γενναιοδωρίας, αυστηρότητας και αγαθότητας,
 κρυψίνοιας και αυθορμητισμού ήταν τα κύρια στοιχεία του χαρακτήρα του Διοκλητιανού.
 E. Gibbon, The history of the Decline and Fall of the Roman Empire, σ. 261 (Μετ. Β.Σ.)
",history,10,8,8.02038798747651,0.0081313863423569,8,7.984293520807906,0.0067133996726948,4,4.015902306325188,0.0065606951464276,7,7.0001159228581615,0.0001072209915258,4,4.495696074380248,0.076812592214673,4,4.025248463314632,0.0101208978111703,8,8.02296140442239,0.0089888617062109,7.001320570267126,7,7.002466889102834,0.0013959424818706,7.999175203080085,6.2,17.9,48.84555984555985,0.000914953
504,504,97,98,"Ο υπολογισμός του χρόνου κατά Ολυμπιάδες εισήχθη στην αρχαία Ελλάδα από τον
 ιστορικό Τίμαιο τον Ταυρομενίτη (352-260 π.Χ.), ο οποίος κατέγραψε διάφορα γεγονότα
 κατά Ολυμπιάδες τις οποίες παρέβαλε προς τους καταλόγους των επώνυμων αρχόντων
 στην Αθήνα, των εφόρων στη Σπάρτη και των ιερειών της Ήρας στον ναό της στο Άργος.
 Ως πρώτη Ολυμπιάδα θεωρήθηκε εκείνη του 776 π.Χ. κατά την οποία νικητής στον αγώνα
 δρόμου ήταν ο Ηλείος Κόροιβος. Τη συνήθεια του Τίμαιου, να μνημονεύονται γεγονότα κατά
 Ολυμπιάδες, ακολούθησαν ο Πολύβιος, ο Διόδωρος κ.ά. Το σύστημα αυτό ήταν σε χρήση
 μέχρι τον 4ο αιώνα μ.Χ.
 Για να υπολογιστεί σε ποιο έτος αντιστοιχεί κάθε έτος μιας Ολυμπιάδας ακολουθείται ο
 εξής υπολογισμός: πολλαπλασιάζεται επί 4 ο αριθμός της προηγούμενης από τη δεδομένη
 Ολυμπιάδα και στο γινόμενο προστίθεται ο αριθμός του ζητούμενου έτους (1ο, 2ο, 3ο, 4ο)
 και το άθροισμα αφαιρείται από το 777. Παράδειγμα: για να βρεθεί το πρώτο έτος της 46ης
 Ολυμπιάδας έχουμε: 45Χ4 = 180 + 1 = 181, 777-181= 596. Το πρώτο έτος δηλαδή της 46ης
 Ολυμπιάδας ήταν το 596 π.Χ.
",history,10,8,7.981857520197252,0.0073399327069334,8,7.643888049815359,0.0604578513561884,4,3.987578536273759,0.0053822208454212,7,6.768306479977042,0.0428242673025857,4,3.9696547618868863,0.0581506226218321,3,3.0675435025284514,0.0198622919890462,7,7.333813744493455,0.0679127323143495,7.998294687946327,7,6.998622519445007,0.000830295524526,7.999192356065123,3.5,12.5,42.93902439,0.00095976
505,505,219,220,"Tα κύρια προβλήματα της μετεμφυλιακής Eλλάδας (1949-1963)
 Το πολίτευμα της μετεμφυλιακής Ελλάδας ήταν βασιλευόμενη κοινοβουλευτική δημοκρατία. Οι πολίτες, ωστόσο, που κρίνονταν ύποπτοι αριστερών φρονημάτων στέλνονταν
 στις φυλακές και στα στρατόπεδα εξορίας. Κάποιοι εκτελούνταν. Το κράτος απαιτούσε
 την υπογραφή «δηλώσεων νομιμοφροσύνης». To σύνταγμα του 1952, αν και παραχωρούσε
 πολιτικά δικαιώματα και στις γυναίκες, ήταν αυταρχικό και κάλυπτε, νομικά, αυτές τις αντιδημοκρατικές πρακτικές. Με άλλα λόγια, το ελληνικό πολίτευμα εμφάνιζε σοβαρές δυσλειτουργίες.
 Κύρια στηρίγματα του καθεστώτος ήταν οι ΗΠΑ, η μοναρχία και το παρακράτος (βλέπε
 γλωσσάριο). Οι ΗΠΑ, με εδραιωμένη την επιρροή τους μετά την ένταξη της Ελλάδας στο
 ΝΑΤΟ (1952) και την εγκατάσταση αμερικανικών στρατιωτικών βάσεων στη χώρα (1953), εί3. Νίκος Μπελογιάννης,
 χαν πρωτεύοντα λόγο στα ελληνικά πράγματα. Οι βασιλείς αναμειγνύονταν διαρκώς στην
 στέλεχος του ΚΚΕ: Θύμα
 πολιτική ζωή. Οι παρακρατικοί δεν δίσταζαν να επιτίθενται εναντίον των πολιτικών αντιτου μετεμφυλιακού
 κλίματος, καταδικάστηκε πάλων του καθεστώτος.
 σε θάνατο και εκτελέΣτο πλαίσιο αυτό, σχηματίστηκαν, την περίοδο 1949-1952, διάφορες κυβερνήσεις που έμειναν
 στηκε, με τρεις συντρόγια λίγο στην εξουσία. Αξιοσημείωτη ανάμεσα σε αυτές υπήρξε η κυβέρνηση του Νικόλαου
 φους του, τον Μάρτιο
 του 1952.
 Πλαστήρα, η οποία προχώρησε σε αμνηστεύσεις πολιτικών κρατουμένων (μέτρα ειρήνευσης)
 σε μια προσπάθεια κατευνασμού των παθών του πρόσφατου εμφύλιου πολέμου.
 Το 1952 πρωθυπουργός αναδείχτηκε ο στρατάρχης Αλέξανδρος Παπάγος, επικεφαλής του
 κόμματος Ελληνικός Συναγερμός (1952-1955).
 Διάδοχός του υπήρξε ο Κωνσταντίνος Καραμανλής, επιτυχημένος
 υπουργός στις κυβερνήσεις Παπάγου, που ίδρυσε το κόμμα Εθνική Ριζοσπαστική Ένωσις (ΕΡΕ) και κυβέρνησε την περίοδο 1955-1963.
 Το Κέντρο απέκτησε ενιαία πολιτική έκφραση μόλις το 1961, μετά την
 ίδρυση της Ενώσεως Κέντρου, με επικεφαλής τον Γεώργιο Παπανδρέου.
 Μεγαλύτερο νόμιμο κόμμα της Αριστεράς ήταν η Ενιαία Δημοκρατική Αριστερά (ΕΔΑ), που ιδρύθηκε το 1951. Το ΚΚΕ βρισκόταν εκτός νόμου.
 Στα τέλη της περιόδου που εξετάζουμε η πολιτική κρίση οξύνθηκε. Η
",history,12,8,7.619747544881527,0.0542330498077554,7,7.009959955666458,0.0067369828358367,4,4.000025568660931,9.231055053988232e-05,7,6.990825567410866,0.004099790247756,4,4.248740960407076,0.0636016987411246,4,3.893925182488829,0.0276338264366113,8,7.653838882157288,0.0593583543564535,7.499996092815195,7,6.998182094886033,0.0010802132152959,7.998297611602538,2.1,16.2,52.97619047619048,0.000968436
506,506,246,247,"σία της συνθήκης του Μάαστριχτ, εξασφάλισαν την παραχώρηση από την ΕΕ και την
 εφαρμογή στην Ελλάδα ειδικών προγραμμάτων με σκοπό την ανάπτυξη της χώρας (Κοινοτικά Πλαίσια Στήριξης – ΚΠΣ), προώθησαν
 τις διαδικασίες ένταξης της Κύπρου στην Ευρωπαϊκή Ένωση ως πλήρους μέλους και έλαβαν μέτρα προετοιμασίας της χώρας για την
 ένταξή της στην Οικονομική και Νομισματική
 Ένωση (ΟΝΕ).
 Μετά το 1996 η Ελλάδα επιτάχυνε τις διαδικασίες εκπλήρωσης όλων των προϋποθέσεων
 (χαμηλός πληθωρισμός, χαμηλό δημόσιο έλλειμμα, χαμηλό δημόσιο χρέος, σταθερό νόμισμα κ.ά.) που είχαν τεθεί προκειμένου μια χώρα να ενταχθεί στην ΟΝΕ και να υιοθετήσει το
 κοινό ευρωπαϊκό νόμισμα, το ευρώ. Πράγματι,
 παρά τις αρχικές δυσκολίες, η Ελλάδα κατάφερε να ενταχθεί στον λεγόμενο «σκληρό πυρήνα» της ΕΕ. Έτσι, από την 1η Ιανουαρίου 2001
 η Ελλάδα υιοθέτησε το ευρώ (σε λογιστική
 μορφή), το οποίο άρχισε να χρησιμοποιείται
 σε φυσική μορφή από την 1η Ιανουαρίου 2002.
 Επίσης, το 2004 εντάχθηκε στην Ευρωπαϊκή
 Ένωση, χάρη και σε ελληνικές προσπάθειες, η
 Κύπρος μαζί με άλλες χώρες.
 Στις αρχές του 21ου αιώνα η Ελλάδα εμφανίζεται να υιοθετεί τη λογική της διαδικασίας
 ευρωπαϊκής ενοποίησης. Το γεγονός αυτό πιστεύεται ότι θα ενισχύσει τη θέση της Ελλάδας στην Ευρωπαϊκή Ένωση, θα συμβάλει
 στην περαιτέρω οικονομική ανάπτυξη της χώρας και θα τονώσει τον περιφερειακό και διεθνή ρόλο της.
",history,12,8,7.99507780484555,0.0035802388105396,7,7.049323425446119,0.0187161551664034,4,4.00035507917346,0.0002936793762431,7,6.997493321989424,0.0014134339112093,4,4.4781141062662755,0.079239284565004,3,3.0024594157257525,0.0014031042739552,8,7.9467359627923315,0.0170044340582665,7.0420833375371785,7,6.999619246783368,0.0002777759454031,7.9953564983879915,6.3,17.5,57.49006276150628,0.001210349
507,507,90,91,"Ο Σόλων οργάνωσε το πολίτευμα, όπως ανέφερα πιο πάνω. Οι άνθρωποι
 όμως συνέχιζαν να παραπονιούνται για τους νόμους
 Αντίγραφο ρωμαϊκών χρόνων, το
 του, κατηγορώντας κάποιους και ζητώντας διευκρινίσεις
 οποίο πιστεύεται
 γι' άλλους. Ο ίδιος, επειδή δεν ήθελε να τους αλλάξει
 ότι εικονίζει τον
 ούτε και να είναι παρών προκαλώντας δυσαρέσκειες,
 Σόλωνα τον Αθηταξίδεψε για εμπορικούς λόγους, αλλά και για να
 ναίο, έναν από
 δει τα αξιοθέατα στην Αίγυπτο, λέγοντας ότι δεν θα
 τους επτά σοφούς
 επιστρέψει πριν περάσουν δέκα χρόνια. Θεωρούσε πως
 της αρχαιότητας
 (Νεάπολη, Εθνικό
 δεν ήταν δίκαιο να μείνει και να δίνει εξηγήσεις για τους
 Μουσείο).
 νόμους. Ο καθένας όφειλε να πειθαρχεί σε όσα είχαν
 Ποιοι ήταν οι άλλοι
 θεσπιστεί. 
 Αριστοτέλης, Αθηναίων πολιτεία, 11. 1.
 έξι σοφοί;
",history,10,8,8.000323378384067,0.0008662135997822,8,8.010852282238693,0.0053261619967795,4,4.244845578850885,0.0454695159906159,7,6.999804610674528,0.0001860957966502,5,5.411590808926121,0.0766763570729812,4,4.052533340674387,0.0215149621537886,8,7.99819429253148,0.0015225116497966,7.00102905463018,7,7.001101335037987,0.0007842560949562,7.9991685934528505,3.9,14.2,40.364413364413366,0.000888808
508,508,71,72,"Ματιά στο παρελθόν
 Στις 21 Ιουνίου του 1824 η Επανάσταση γνώρισε μία από τις χειρότερες στιγμές της. Τούρκοι στρατιώτες
 αποβιβάστηκαν στο νησί των Ψαρών και το κατέστρεψαν ολοκληρωτικά. Περισσότεροι από τους μισούς κα­
 τοίκους του νησιού (συνολικός πληθυσμός 30.000) σκοτώθηκαν, ενώ οι υπόλοιποι αιχμαλωτίσθηκαν ή έγιναν
 πρόσφυγες. Ο εθνικός ποιητής Διονύσιος Σολωμός θρήνησε με το παρακάτω ποίημα τη μεγάλη καταστροφή:
 Η καταστροφή των Ψαρών
 «Στων Ψαρών την ολόμαυρη ράχη
 Περπατώντας η Δόξα μονάχη
 Μελετά τα λαμπρά παλληκάρια
 Και στην κόμη στεφάνι φορεί
 Γεναμένο από λίγα χορτάρια
 Που είχαν μείνει στην έρημη γη».
 Διονυσίου Σολωμού. Άπαντα, τόμ. 1,
 Ποιήματα, Αθήνα 1993, στ’ έκδοση, σ. 139.
",history,6,7,6.989884068262533,0.0199707935654165,7,7.129842215814279,0.0617764407697869,3,3.015906397831259,0.0065572609084989,5,5.246930354764572,0.0550058610355796,3,3.457413503731914,0.0600773234345082,3,3.3210400023308466,0.0505010598608683,7,6.620638987352663,0.0610319410643991,7.995926224382686,7,6.777437755079404,0.046107542354229,7.998275574993386,3.0,13.8,44.53225806451613,0.000838906
509,509,194,195,"Ο Ευαγόρας είχε ασκήσει τόσο τον εαυτό του, ώστε δεν έπαιρνε ποτέ λανθασμένες αποφάσεις ούτε για ένα από αυτά που καθημερινώς συμβαίνουν στη ζωή. Αλλά με τόσο θεοσεβή
 και φιλάνθρωπο τρόπο κυβερνούσε το κράτος του, ώστε οι επισκέπτες του δεν ζήλευαν
 τον Ευαγόρα για τη δύναμη της εξουσίας του, όσο τους υπηκόους του που είχαν την τύχη
 να κυβερνώνται από έναν τέτοιον άρχοντα. Όλη του τη ζωή την πέρασε χωρίς να αδικήσει
 κανέναν και κυβέρνησε τιμώντας τους αγαθούς, τιμωρώντας τους ενόχους σύμφωνα
 με τον νόμο και έχοντας τον σεβασμό όλων. Δεν είχε ανάγκη από συμβούλους, αλλά
 συζητούσε τις υποθέσεις με τους φίλους του… Η σοβαρότητά του δεν εκδηλωνόταν με
 σκυθρωπότητα, αλλά κυρίως με τη συμπεριφορά του. Αταξία και ανωμαλία δεν υπήρχαν
 στη διαγωγή του και τηρούσε με ευλάβεια τόσο τις γραπτές όσο και τις προφορικές
 συμφωνίες. Υπερηφανεύονταν όχι για την εύνοια της τύχης, αλλά για όσα είχε κατορθώσει
 με τον ενάρετο βίο του.
",history,10,8,7.999470209533342,0.0006100950977696,7,7.195189841633692,0.0429233360923386,4,4.0001377314765705,0.0003409273516833,7,6.99878917152369,0.0007887886608078,6,5.887090230655531,0.0359555616983076,3,3.132963720066755,0.0314805845466396,8,8.00036674509522,0.0009676580864437,7.002796896467316,7,7.000979899683639,0.0006985584716891,7.998895676122217,6.2,15.1,55.37824351297405,0.001235837
510,510,74,75,"Κρατήρας του 6ου
 αιώνα π.Χ. από τη
 Χαλκίδα, πάνω στον
 οποίο εικονίζονται η
 Ελένη με τον
 Πάρη και η Ανδρομάχη
 με τον Έκτορα (Martin
 von Wagner Museum,
 Βύρτσμπουργκ).
 Η Χαλκίδα διακρίθηκε
 για την αποικιστική της
 πολιτική.
 Σημαντικές αποικίες
 των Χαλκιδέων
 υπήρχαν στη Χαλκιδική
 και στη Δύση
 Αναχώρησηεγκατάσταση
 Σχέση
 μητρόποληςαποικίας
",history,10,8,7.622439367305059,0.0532419215619482,8,7.778378921881085,0.0442157822201303,3,2.9998609686842883,0.0001119027302178,7,6.997609137077234,0.0013049233603497,4,3.8565081680280855,0.0699398708255557,3,3.0203652940391486,0.0080289413497065,7,7.319478404836104,0.0509879079597048,7.998072213519961,7,6.996096744154784,0.0018938625578062,7.998635702668253,2.2,12.2,42.32017543859649,0.000902512
511,511,80,81,"B Οι πηγές αφηγούνται...
 1. Οι συνθήκες διαβίωσης στο πολιορκημένο Μεσολόγγι
 «Ερευνώντας με τη σειρά όλα τα σπίτια, βρήκαμε αρκετές ποσότητες αλεύρι. Αυτό μοιράστηκε μ’ ένα
 φλιτζάνι ως μέτρο. Εμοίρασαν κι από ένα φλιτζάνι κουκιά. Άρχισαν λοιπόν να σμίγουν αυτό το λίγο
 κουκί και αλεύρι στον τέντζερη και να βάνουν μέσα και καβούρια... Ένας γιατρός εμαγείρευσε το
 σκύλο του με λάδι, από το οποίον είχαμε αρκετό και επαινούσε το φαγί του ότι ήταν το πιο νόστιμο.
 Οι στρατιώτες τότε πια άρπαζαν οποιονδήποτε σκύλο ή γάτα έβρισκαν στο δρόμο. Όμως, από τις 15
 του Μάη αρχίσαμε τις πικραλήθρες, χορτάρι της θάλασσας. Το βράζαμε πέντε φορές ως ότου έβγαινε
 η πικράδα και το τρώγαμε με ξίδι και λάδι σαν πατάτα αλλά και με ζουμί από καβούρια. Επιδοθήκαμε
 και στους ποντικούς και ήταν τυχερός αυτός που μπορούσε να πιάσει έναν. Βατράχια, δυστυχώς δεν
 βρίσκαμε. Από την έλλειψη τροφής αύξαιναν οι αρρώστιες: πονόστομος και αρθρίτιδα».
 Νικολάου Κασομούλη, Ενθυμήματα Στρατιωτικά, εισαγωγή-σημειώσεις Γιάννης Βλαχογιάννης, τόμ. 2, Αθήνα
 1998, σσ. 241-243.
",history,6,7,7.316691405389307,0.0519406301774427,7,6.783113124794909,0.0939465149918294,3,3.37754454820481,0.0532315542318388,5,5.38492107653974,0.0652717483036635,4,3.661465767705522,0.0624401365661687,3,3.0950952796601108,0.0255242255307651,8,7.587083371814629,0.0559699222214751,7.008569451740641,7,6.798906991037541,0.0432381755382932,7.994768252151516,0.8,9.7,41.41558441558442,0.000870273
512,512,195,196,"Β. Καραγιώργης, Αρχαία Κύπρος (Αθήνα 1978), σ. 105-106
 τον Ευαγόρα με την Αθήνα. Στη ναυμαχία της Κνίδου (394 π.Χ.) ο Ευαγόρας βοήθησε με 100
 πλοία τον αθηναϊκό στόλο και οι Αθηναίοι, σε ένδειξη ευγνωμοσύνης, του έστησαν ανδριάντα
 στην αγορά. Οι Πέρσες, εκμεταλλευόμενοι την «Ειρήνη του βασιλέως», εκστρατεύουν κατά της
 Κύπρου.
 Μετά από πολλές πολεμικές συγκρούσεις ο Ευαγόρας συνάπτει ειρήνη με τους Πέρσες
 (376 π.Χ.) και υποχρεώνεται να πληρώνει φόρο, διατηρώντας ακέραιη την εξουσία του. Ο
 Ευαγόρας δολοφονείται το 374 π.Χ. και τον διαδέχεται ο γιος του Νεοκλής. Ο Ισοκράτης
 θεωρεί τον Ευαγόρα και τον Νεοκλή ως βασιλείς πρότυπα.
 Το καθεστώς της καταβολής φόρου στους Πέρσες με αντάλλαγμα την αυτονομία διατηρήθηκε
 στην Κύπρο μέχρι την απελευθέρωση του νησιού από τον Αλέξανδρο (332 π.Χ.).
",history,10,7,6.607785939768348,0.0584638203345329,7,6.853016286155082,0.0394200520323183,3,3.0203320863166496,0.0079770711943991,5,4.651697818746129,0.0604352547885769,4,3.781236761049513,0.0586474838575979,3,3.0046094346757144,0.0023610749226461,6,6.381158944823312,0.0543981564800197,7.835480223205934,5,5.593815196106334,0.085214198038482,7.001375882187858,0.5,10.0,37.28715498938429,0.000778605
513,513,164,165,"Τότε ο Κύρος είπε ότι ο πατέρας του τα ίδια του είχε παραγγείλει και ο ίδιος δεν είχε
 διαφορετική γνώμη, αλλά θα καταβάλει κάθε προσπάθεια, κι ότι ήλθε φέρνοντας μαζί του
 πεντακόσια τάλαντα. Είπε ότι, όταν τούτα ξοδευτούν, θα δαπανήσει και τα δικά του, όσα
 του είχε δώσει ο πατέρας του. Και πάλι, αν και τούτα δεν είναι αρκετά, θα κομματιάσει
 τον ασημένιο και χρυσό θρόνο, πάνω στον οποίο καθόταν. Οι άλλοι επαίνεσαν τα λόγια
 του και τον προέτρεψαν να υποσχεθεί σε κάθε ναύτη μία αττική δραχμή, υποδεικνύοντας
 ότι, αν χορηγηθεί ο μισθός τούτος, οι ναύτες των Αθηναίων θα εγκαταλείψουν τα πλοία
 τους, κι έτσι θα δαπανήσει λιγότερα χρήματα. Εκείνος είπε πως ήταν σωστός ο λόγος τους,
 αλλά ότι δεν μπορούσε να κάνει άλλο, απ’ όσα του είχε ορίσει ο βασιλιάς.
 Ξενοφών, Ελληνικά, Α, V, 3-5 (μετ. Λ. Παπαγεωργίου)
",history,10,8,7.878623320919932,0.0300470642324928,8,7.990662222053125,0.0046718035582782,4,3.9978225813479185,0.0012548087647361,7,6.069949055249026,0.0906901586218737,4,4.884615979055525,0.0933292328612238,4,3.840569147250335,0.0380032290547767,8,7.858614048594443,0.03368752396069,7.0014935462877474,7,6.959943950112347,0.0135422411935322,7.922520695739813,5.3,12.8,41.85714285714286,0.00095937
514,514,51,52,"το πρωτόκολλο της Ανεξαρτησίας, η πρώτη επίσημη διεθνής διπλωματική πράξη που αναγνώρισε την Ελλάδα ως κράτος κυρίαρχο και ανεξάρτητο. Το ελληνικό κράτος συμφωνήθηκε ότι θα εκτεινόταν νότια της συνοριακής γραμμής που
 ορίζεται από τους ποταμούς Αχελώο και Σπερχειό. Ωστόσο, τα σύνορα αυτά θα άλλαζαν λίγο αργότερα (βλέπε ενότητα 17). Παράλληλα, οι Δυνάμεις επέλεξαν τον πρίγκιπα Λεοπόλδο του Σαξ Κόμπουργκ ως ηγεμόνα της Ελλάδας. Αυτός, όμως, δεν αποδέχτηκε την εκλογή του.
 ΑΣΚΗΣΕΙΣ – ΔΡΑΣΤΗΡΙΟΤΗΤΕΣ
 1. Αφού μελετήσετε την πηγή 1, να καταγράψετε τα επιχειρήματα με τα οποία προσπάθησαν οι Έλληνες να πείσουν
 τους Ευρωπαίους ηγέτες να τους συμπαρασταθούν.
 2. Ποια ήταν η θέση της ελληνικής επανάστασης στο ευρωπαϊκό πολιτικό τοπίο της εποχής της; Πριν απαντήσετε,
 να μελετήσετε την πηγή 3.
 3. Διαθεματική δραστηριότητα: Αφού μελετήσετε τον παραπάνω χάρτη του πρώτου ανεξάρτητου ελληνικού κράτους, να
 συνθέσετε δίστηλο πίνακα: στη μία στήλη να καταγράψετε τα διαμερίσματα της σημερινής Ελλάδας που συμπεριλαμβάνονταν στα εδάφη εκείνης της πρώτης Ελλάδας και στην άλλη τα διαμερίσματα που δεν συμπεριλαμβάνονταν.
 ΝΕΟΤΕΡΗ ΚΑΙ ΣΥΓΧΡΟΝΗ ΙΣΤΟΡΙΑ
",history,12,7,7.267374412171703,0.0474687115317488,8,7.984215862769478,0.0066558229387526,4,3.946597502459923,0.0167374190678156,7,6.970375850064329,0.0093518097998322,5,5.177679393385915,0.0818405271436039,4,3.706851259979885,0.0491517322229102,7,7.090945178670765,0.0328764215782603,7.999510639883326,7,6.99886958836737,0.0007215161129226,7.999903502828115,2.6,14.6,50.04385964912281,0.000853328
515,515,113,114,"Όταν με τ’ άσπρα τ’ άτια της η μέρα
 φωτοπλημμύριστη άπλωσε σ’ όλο τον κόσμο,
 μια πρώτα ακούστηκε απ’ το μέρος των Ελλήνων
 βουή τραγουδιστά με ήχο φαιδρό να βγαίνει
 και δυνατ’ αντιβούιζαν μαζί και οι βράχοι
 του νησιού γύρω, ενώ τρομάρα τους βαρβάρους
 έπιασεν όλους, που έβλεπαν πως γελαστήκαν.
 Γιατί δεν ήταν για φευγιό που έψαλλαν τότε
 σεμνόν παιάνα οι Έλληνες, μα σαν να ορμούσαν
 μ’ ολόψυχη καρδιά στη μάχη, ενώ όλη ως πέρα
 τη γραμμή των της σάλπιγγας φλόγιζε ο ήχος.
 Κι αμέσως τα πλαταγιαστά με μιας κουπιά τους
 χτυπούνε με το πρόσταγμα τη βαθιάν άρμη
 και δεν αργούνε να φανούν όλοι μπροστά μας.
 Το δεξί πρώτο, σε γραμμή, κέρας ερχόταν
 μ’ όλη την τάξη, κι έπειτα κι ο άλλος στόλος
 από πίσω ακλουθά. και τότε ήταν ν’ ακούσεις
 φωνή μεγάλη από κοντά: «Εμπρός, των Ελλήνων
 γενναία παιδιά! να ελευθερώσετε πατρίδα,
 τέκνα, γυναίκες και των πατρικών θεών σας
 να ελευθερώσετε τα ιερά και των προγόνων
 τους τάφους· τώρα για όλα ’ναι που πολεμάτε».
 Αισχύλος, Πέρσες στ. 386-405 (μετάφρ. Γ. Γρυπάρη)
",history,10,8,8.00102163215081,0.0010079150281562,8,8.01313479338569,0.0060085833643619,5,4.993303086079322,0.0032963879771977,7,6.999944676678046,5.655456764928438e-05,6,5.888911074202042,0.1045477274735817,4,4.194532771365175,0.0431101299172926,8,8.01039336984968,0.0053172150291862,7.0003624786113505,7,7.001672974094582,0.0010333106642119,7.988264955663276,5.8,13.3,40.89957264957265,0.000988376
516,516,50,51,"σο περνούσε ο καιρός, η Φιλική Εταιρεία κατέστρωνε πολλά επαναστατικά σχέδια
 για τον τόπο και τον τρόπο έναρξης της Επανάστασης. Τελικά αποφασίστηκε να ξεκινήσει η Επανάσταση από τις Παραδουνάβιες Ηγεμονίες (σημερινή Μολδαβία και Ρουμανία), όπου δεν υπήρχε οθωμανικός στρατός, οι ηγεμόνες τους ήταν Έλληνες Φαναριώτες
 και κατοικούσαν εκεί πολλοί Έλληνες. Επίσης, στη Βλαχία είχαν αναπτύξει ένοπλη δράση
 εναντίον της οθωμανικής κυριαρχίας οι οπλαρχηγοί Ιωάννης Φαρμάκης και Γεωργάκης
 Ολύμπιος.
 Υπολογίζοντας στη ρωσική βοήθεια, ο Αλέξανδρος Υψηλάντης πέρασε τον Φεβρουάριο του 1821 τον ποταμό Προύθο και μπήκε στη Μολδαβία. Η Επανάσταση άρχισε και οι
 πρώτες δυσκολίες έκαναν την εμφάνισή τους. Τότε ο Υψηλάντης με τους περίπου 2.000
 άντρες που συγκέντρωσε, στράφηκε προς το Βουκουρέστι. Στις 24 Φεβρουαρίου ο Υψηλάντης κυκλοφόρησε προκήρυξη με τίτλο «Μάχου υπέρ Πίστεως και Πατρίδος» και κάλεσε
 στα όπλα τους Έλληνες της περιοχής. Λίγες ημέρες αργότερα οι επαναστάτες κατέλαβαν το
 Βουκουρέστι, αλλά τελικά αποσύρθηκαν στα ορεινά αναμένοντας τις εξελίξεις.
 Η εξέγερση στη Μολδοβλαχία καταδικάστηκε από τις Μεγάλες Δυνάμεις καθώς και
 από τον Πατριάρχη Γρηγόριο Ε’, ο οποίος ενήργησε υπό την πίεση των Τούρκων. Αλλά και
 ο τσάρος της Ρωσίας καθαίρεσε τον Υψηλάντη από το αξίωμα του αξιωματικού του ρωσικού
 στρατού και έδωσε άδεια στα οθωμανικά στρατεύματα να εισβάλουν στην περιοχή.
 Ο Υψηλάντης, με μερικές χιλιάδες πεζούς και λιγοστούς ιππείς, αντιμετώπισε τον πολυάριθμο οθωμανικό στρατό, που κινήθηκε εναντίον του, σε πολλές μάχες. Η αποφασιστικότερη από τις μάχες αυτές δόθηκε τον Ιούνιο του 1821 στο χωριό Δραγατσάνι και τελείωσε
 με ήττα των Ελλήνων. Ιδιαίτερα ο Ιερός Λόχος, το στρατιωτικό σώμα που αποτελούνταν από
 εθελοντές Έλληνες σπουδαστές των παροικιών, έχασε περισσότερα από τα μισά μέλη του.
 Καταδιωκόμενος ο Υψηλάντης, πέρασε στην Αυστρία μαζί με τον Κοζανίτη υπασπιστή
 του Γεώργιο Λασσάνη, μερικούς αξιωματικούς και αρκετούς στρατιώτες. Άλλοι Έλληνες
 αντιστάθηκαν με επιτυχία στο Σκουλένι αλλά τελικά διαλύθηκαν, ενώ περίπου 100 κατόρθωσαν να φτάσουν πεζοπορώντας στην Ελλάδα. Οι αρχηγοί Ιωάννης Φαρμάκης και Γεωργάκης Ολύμπιος νικήθηκαν τον Σεπτέμβριο του 1821 πολεμώντας εναντίον των Τούρκων.
 Ο Γεωργάκης Ολύμπιος και οι συμπολεμιστές του ανατινάχθηκαν στη μονή Σέκου, για να
 μην πιαστούν αιχμάλωτοι.
 Η επτάμηνη εξέγερση στη Μολδοβλαχία μπορεί να τερματίστηκε, κατάφερε ωστόσο
 να διασπάσει τα οθωμανικά στρατεύματα και να επιταχύνει την επανάσταση στην Ελλάδα.
 Συνέβαλε έτσι αποφασιστικά στην απελευθέρωση του Έθνους.
",history,6,8,7.998495604803111,0.0015546443602279,6,6.005037540543559,0.0067544579615198,4,4.004500250498154,0.0024490941715233,7,6.971822871214542,0.0088344286932929,4,3.829594183473091,0.0553180679646551,3,3.377552895486815,0.053236847983963,8,7.991695423022975,0.0044647949951891,7.164514350494926,7,6.998913462569817,0.000715155219226,7.999664486016044,3.3,15.8,57.57531760435572,0.001163517
517,517,49,50,"παράθεμα 1 Προσοχή στα σύκα και τους σκύλους
 Ο Σόλωνας είχε απαγορεύσει με νόμο στους Αθηναίους να πουλάνε αγροτικά προϊόντα σε άλλες πόλεις-κράτη εκτός από το
 λάδι. Κάποιοι βέβαια λένε πράγματα απίστευτα, όπως ότι δεν
 επιτρεπόταν η εξαγωγή σύκων. Μάλιστα όποιος μαρτυρούσε
 στους άρχοντες αυτούς που έβγαζαν παράνομα σύκα από την
 Αττική ονομαζόταν συκοφάντης και η πράξη του συκοφαντία.
 Ένας άλλος νόμος του Σόλωνα έλεγε πως, αν ένα τετράποδο
 και ειδικά ένα σκυλί δαγκώσει κάποιον πολίτη, θα πρέπει να παραδοθεί δεμένο με λουρί μακρύ. Αυτός ο νόμος ήθελε να εξασφαλίσει την ασφάλεια των πολιτών από ζώα, που καμιά φορά
 γίνονταν επικίνδυνα.
 Πλούταρχος, Σόλωνας, 24 (διασκευή)
 2. Προτομή του Σόλωνα (Νεάπολη, Εθνικό Μουσείο)
",history,4,6,6.001946282316112,0.0011410530735697,7,7.023335520594628,0.058372658668206,3,2.999994877197423,1.3125089025812649e-05,4,4.184344506476464,0.0388311125357122,4,3.681398357395665,0.0748816362974414,3,3.0021251406922715,0.0012997630289674,6,6.000126022024688,0.0001088873485347,7.9820130391624105,5,5.003185318901842,0.0586513416914244,7.003772335709073,2.4,12.3,46.958560523446025,0.001038741
518,518,49,50,"2. Ο φιλέλληνας ποιητής Σέλεϊ:
 «Είμαστε όλοι Έλληνες...»
 Ο ριζοσπάστης Βρετανός ποιητής Σέλεϊ όταν έμαθε
 την έκρηξη της ελληνικής επανάστασης συνέθεσε ένα
 λυρικό δράμα με τίτλο Hellas. Στον πρόλογό του έγραφε:
 «Είμαστε όλοι Έλληνες. Οι νόμοι μας, η φιλολογία μας,
 η θρησκεία μας, οι τέχνες μας έχουν όλα τις ρίζες τους
 στην Ελλάδα...».
 Ο πρώτος εκδότης του έργου αφαίρεσε από τον πρόλογο μια μεγάλη παράγραφο στην οποία ο ποιητής τόνιζε ότι «αυτή είναι η εποχή του πολέμου των καταπιεσμένων εναντίον των καταπιεστών». Έχει υποστηριχθεί
 ότι το ποίημα Hellas υπήρξε το πρότυπο-ερέθισμα του
 Διονύσιου Σολωμού για να συνθέσει το έργο του Ύμνος
 εις την Ελευθερίαν, που έγινε αργότερα ο εθνικός ύμνος
 των Ελλήνων.
 1. Φιλέλληνες
",history,12,6,6.000015784582004,0.0047093788477823,6,5.898921703141241,0.0456419314870155,3,3.000002832153541,6.342978605918833e-06,4,4.01538338738083,0.0070936709239793,3,2.9821530350027388,0.0252719131470841,3,2.9902963234002313,0.004394175635859,6,5.999013632061178,0.000693709629875,7.982012653532877,5,4.612268037526519,0.0653637428026031,7.007465574337402,3.6,13.2,42.67244525547446,0.000781024
519,519,84,85,"B Οι πηγές αφηγούνται...
 1. «Επιστολή του Γεωργίου Σισίνη προς τον εξοχώτατον Α΄ Στόλαρχον, προς τον εξοχώτατον Αρχιστράτηγον, και προς τους γενναιοτάτους Οπλαρχηγούς και στρατιώτας, τους συγκροτούντας το
 Στρατόπεδον της Αττικής
 Η αγαπημένη μας πατρίδα θρηνεί απαρηγόρητα εξαιτίας της απώλειας του γνησιότατου παιδιού της,
 οδύρεται επειδή στερήθηκε τον θερμό υπερασπιστή των ιερών δικαίων της. Θρηνεί αυτόν, που θρυμ­
 μάτισε τα νέα δεσμά της Στερεάς Ελλάδας, τον ένδοξο νικητή της Αράχωβας, τον εξολοθρευτή των
 τυράννων, θρηνεί τον σαν τον θεό Άρη τολμηρό, γενικό αρχηγό Καραϊσκάκη, ο οποίος έπεσε δοξασμέ­
 νος υπέρ των ένδοξων Αθηναίων και αφήνοντας την τελευταία του πνοή, τίποτε άλλο δεν παρήγγειλε
 από τη διάσωση της Αθήνας. Ελλάδα! Πένθησε τον πολύτιμο σου Καραϊσκάκη. Ελληνίδες! Μαυροφο­
 ρέστε για τον υπερασπιστή της τιμής σας! Φιλέλληνες! Έλληνες στρατιώτες! Γογγύξτε για τον ανδρείο
 συστρατιώτη σας και καταβρέχοντας την ιερή γη των ένδοξων Αθηναίων με τα από καρδιάς δάκρυά
 σας, λάβετε εκδίκηση για το αίμα του! Τιμωρήστε τους ασεβεστάτους φονείς του και σώστε την Αθή­
 να! Ευτυχισμένε Καραϊσκάκη! Αφού ορκίστηκες να ζήσεις ή να πεθάνεις ελεύθερος, τήρησες τον όρκο
 σου ως χρηστός πολίτης, ως ευσεβής χριστιανός, ως τίμιος άνθρωπος».
 Διονυσίου Σουρμελή, Ιστορία των Αθηνών κατά τον υπέρ ελευθερίας αγώνα αρχομένη από της επαναστάσεως
 μέχρι της αποκαταστάσεως των πραγμάτων, Αθήνα 1853, β΄ έκδοση, σ. 214.
",history,6,8,8.000275094570789,0.0003127068081328,8,7.947978553388793,0.0176512015745169,4,3.9999689082687837,0.0001994397218215,7,6.997448163427464,0.0014275202697098,4,4.780667998478748,0.0985944772208218,3,3.0004482240786174,0.0003737436938417,8,8.008411213047566,0.0038758593875283,7.0002274807034155,7,6.999214933325362,0.0005775888990061,7.992382805296074,5.3,17.3,47.23589743589744,0.000894001
520,520,152,153,"Κεραμεικού.
 Συγχρόνως, η αύξηση του πληθυσμού συντελεί στη ραγδαία αύξηση του εμπορίου. Εισάγονται
 τρόφιμα για τη συντήρηση των κατοίκων, αλλά και πρώτες ύλες, όπως δέρματα, ξυλεία και
 μέταλλα, για τις εργασίες των βιοτεχνιών. Τα προϊόντα των αθηναϊκών εργαστηρίων, όπως
 υφάσματα, όπλα, κατεργασμένα δέρματα, αγγεία και έπιπλα, εξάγονταν σε ολόκληρη τη Μεσόγειο.
 Με την άνθηση του εμπορίου, μια νέα δυναμική και πλούσια επαγγελματική κατηγορία, οι
 μέτοικοι, αποκτούν ισχύ και επηρεάζουν τις τύχες της πόλης.
 Στο περιθώριο αυτών των επαγγελματικών ενασχολήσεων, μια ιδιαίτερη ομάδα, όχι και
 τόσο ολιγομελής, οι καλλιτέχνες, οι διανοούμενοι και οι πολιτικοί, με τα καλλιτεχνικά τους
 δημιουργήματα, τις υψιπετείς φιλοσοφικές θεωρίες τους και τις ριζοσπαστικές πολιτικές τους
 κινήσεις, υλοποιούν αυτό που ονομάστηκε «χρυσούς αιών» της Αθήνας.
",history,10,8,7.622352414545141,0.0533178433487422,7,6.619316495492598,0.0566893842981453,4,3.9947812299703855,0.002622670368547,7,6.724285999315271,0.0528950276331946,4,4.326648954379721,0.0689564391018243,4,3.9878645968689597,0.0055850790063307,7,7.016157578856067,0.0230273167756764,7.99141680602429,7,6.997493916062012,0.0014379360620618,7.998407760176633,5.3,19.3,58.64942528735632,0.00116254
521,521,228,229,"φους. Αντιδρώντας στην αδράνεια του ΝΑΤΟ, ο Κ. Καραμανλής αποφάσισε την αποχώρηση της Ελλάδας από το
 στρατιωτικό του σκέλος.
 Η πλήρης αποκατάσταση της δημοκρατικής νομιμότητας απαιτούσε τη διεξαγωγή εκλογών και δημοψηφίσματος,
 με το οποίο ο λαός θα αποφάσιζε για τη μορφή του πολιτεύματος, καθώς και τη σύνταξη νέου συντάγματος.
 Στο πλαίσιο αυτό, ιδρύθηκαν δύο νέα κόμματα, η Νέα Δημοκρατία (ΝΔ), με ηγέτη τον Κωνσταντίνο Καραμανλή, και
 το Πανελλήνιο Σοσιαλιστικό Κίνημα (ΠΑΣΟΚ), με ηγέτη τον Ανδρέα Παπανδρέου, γιο του Γ. Παπανδρέου, ενώ επανεμφανίστηκε η προδικτατορική Ένωση Κέντρου, με ηγέτη τον Γεώργιο Μαύρο. Επίσης, νομιμοποιήθηκε το ΚΚΕ, που ήταν
 εκτός νόμου από το 1947.
 Κυβερνήσεις Νέας Δημοκρατίας, 1974-1981 Οι εκλογές του 1974 ανέδειξαν νικήτρια τη Νέα Δημοκρατία, η οποία με
 επικεφαλής τον Κ. Καραμανλή συγκέντρωσε το υψηλότερο εκλογικό ποσοστό της μεταπολεμικής εποχής (54,37%). Η
 κυβέρνηση Καραμανλή εστίασε την προσοχή της κυρίως στην οικοδόμηση μιας νέας, δημοκρατικής νομιμότητας, καθώς και στην εδραίωση του ευρωπαϊκού προσανατολισμού της χώρας.
 Στις 8 Δεκεμβρίου 1974 έγινε δημοψήφισμα για τη μορφή του πολιτεύματος και ο ελληνικός λαός αποφάσισε, με
 ποσοστό 69,2%, την κατάργηση της μοναρχίας. Έτσι, λύθηκε ―για πρώτη φορά κατά τρόπο μη αμφισβητήσιμο― ένα
 από τα προβλήματα που είχαν ταλανίσει την ελληνική κοινωνία πολλές φορές κατά τον 20ό αιώνα.
",history,12,8,7.87673439253069,0.0305477474041277,6,6.267175868804561,0.0477672676642074,4,3.9989715806120785,0.0006569511684775,7,6.9930285207246925,0.0033383428175098,4,3.597504011941055,0.0632769706044932,3,3.1824332223573037,0.0381540698787533,8,7.649354043287531,0.0566793328700614,7.047423050934356,7,6.999513247104474,0.0003453132594212,7.996401097915623,3.4,15.0,55.408483171968655,0.001121912
522,522,144,145,"ΣΤΑ ΑΡΧΑΙΑ ΧΡΟΝΙΑ
 μάχες κράτησαν πολλά χρόνια.
 Όταν σταμάτησαν να υπάρχουν
 διαφορές ανάμεσα σ’ αυτές τις
 τάξεις, το κράτος της Ρώμης
 ηρέμησε και άρχισε γρήγορα να
 αναπτύσσεται.
 Μεγάλη εξουσία είχαν οι δύο
 ύπατοι, οι οποίοι διοικούσαν τον
 στρατό και έπαιρναν μέρος στις
 εκστρατείες. Για να μην αποκτήσουν όμως τόση δύναμη, ώστε
 να μπορούν να αλλάξουν το πολίτευμα της Ρώμης, εκλέγονταν
 μόνο για έναν χρόνο. Στον καιρό της ειρήνης έρχονταν σε
 επαφή με τους αντιπροσώπους
 των άλλων κρατών για να ρυθμίσουν διάφορα θέματα.
 Η σύγκλητος ήταν ένα συμβουλευτικό σώμα, το οποίο αποτελούσαν 300 πατρίκιοι. Ο λαός
 και οι ύπατοι σέβονταν τη γνώμη της και την έπαιρναν σοβαρά
 υπόψη τους.
 Το ρωμαϊκό κράτος, αφού νίκησε τους γειτονικούς λαούς, άπλωσε σιγά σιγά την κυριαρχία του σ’
 όλη την ιταλική χερσόνησο.
",history,4,6,5.980197662331477,0.0083243330772165,6,5.209711461647657,0.0843437156480479,3,2.999942965266655,5.1777044980274695e-05,4,4.019722907854316,0.0083965436135102,3,3.0628676007095237,0.0272027661568378,3,2.7773015377691754,0.0425864840188802,6,5.999683248532165,0.0002600999220363,7.999374056313172,4,4.377512259106368,0.0537535153194485,7.042071624433447,2.4,11.3,40.88362068965517,0.00093662
523,523,99,100,"Κάποτε, λένε, μια ηλικιωμένη
 γυναίκα πήγε στην Ολυμπία, μπήκε
 στο στάδιο, στάθηκε σε μια γωνιά
 και παρατηρούσε τους αθλητές
 που αγωνίζονταν. Όταν όμως την
 είδαν οι Ελλανοδίκες, της έκαναν
 παρατηρήσεις, γιατί τόλμησε να μπει
 στο στάδιο. Εκείνη τότε απάντησε:
 Σε ποια άλλη γυναίκα ο θεός, που
 λατρεύεται εδώ, έδωσε τέτοια ευκαιρία
 να καυχιέται πως έχει πατέρα, τρία
 αδέλφια ολυμπιονίκες και τώρα τον
 γιο της έτοιμο να αγωνιστεί;
",history,10,7,7.175010186632591,0.040971717310803,8,7.94225559541519,0.0201382252287245,3,3.0052158944195924,0.0026265093559458,5,5.028222667948739,0.0312615399967192,4,4.320902887040575,0.0741018225747186,3,3.064095690002432,0.019591407198783,7,6.930296156915631,0.0859282419167755,7.9978141732447625,5,4.991742571526402,0.0333047177153107,7.005813963332912,4.9,15.0,49.16666666666667,0.001206337
524,524,145,146,"χρονική περίοδος από την αποκατάσταση της δημοκρατίας στην Ελλάδα, τον Ιούλιο του
 1974, μέχρι σήμερα ονομάζεται Μεταπολίτευση. Κατά τη διάρκειά της καταβλήθηκαν
 συντονισμένες προσπάθειες για να ενισχυθούν οι δημοκρατικοί θεσμοί και να καλλιεργηθούν οι διεθνείς σχέσεις του κράτους. Παρά τις επιμέρους διαφορές τους, όλες οι κυβερνήσεις της Μεταπολίτευσης εργάστηκαν για τον εκσυγχρονισμό και τη βελτίωση της ποιότητας
 ζωής των Ελλήνων πολιτών. Έτσι, το βιωτικό επίπεδο των Ελλήνων βελτιώθηκε εντυπωσιακά.
 Παράλληλα με την υλική ευημερία, η πνευματική ζωή της Ελλάδας γνώρισε μεγάλη άνθηση, με κορυφαίες στιγμές την απονομή του βραβείου Νόμπελ Λογοτεχνίας στους ποιητές
 Γιώργο Σεφέρη (1963) και Οδυσσέα Ελύτη (1979).
 Πρωταρχικός στόχος της ελληνικής εξωτερικής πολιτικής στάθηκε η προώθηση της ευρωπαϊκής πορείας της χώρας. Η Ελλάδα συγκαταλέγεται στα κράτη που μετά τον Β΄ Παγκόσμιο Πόλεμο είχαν υποστηρίξει με θέρμη την ιδέα της ένωσης της Ευρώπης. Η ευρωπαϊκή
 ενοποίηση άρχισε να οικοδομείται σταδιακά από τις αρχές της δεκαετίας του 1950. Πρώτος
 διατύπωσε την αρχική ιδέα ο Γάλλος υπουργός των Εξωτερικών Ρομπέρ Σουμάν στις 9 Μαίου
 του 1950, ημερομηνία που καθιερώθηκε να γιορτάζεται από τότε ως «Ημέρα της Ευρώπης».
 Το 1957 έξι ευρωπαϊκά κράτη σχημάτισαν την Ευρωπαϊκή Οικονομική Κοινότητα
 (Ε.Ο.Κ.). Στη συνέχεια πολλές ακόμη ευρωπαϊκές χώρες εντάχθηκαν σ’ αυτήν. Η Ελλάδα
 εντάχθηκε στην Ε.Ο.Κ. το 1981. Από τότε συμμετέχει ενεργά στις περισσότερες ευρωπαϊκές
 πρωτοβουλίες.
 Το 1992 ήταν ένας ακόμη σταθμός στην πορεία προς την ένωση της Ευρώπης. Με τη
 Συνθήκη του Μάαστριχτ αποφασίστηκε η χρήση κοινού νομίσματος και η δημιουργία ενιαίας
 αγοράς. Η υπογραφή της συνθήκης οδήγησε επίσης στη μετεξέλιξη της Ε.Ο.Κ. σε Ε.Ε. (Ευρωπαϊκή Ένωση) έναν χρόνο αργότερα, το 1993.
 Το ευρώ μπήκε στη ζωή πολλών Ευρωπαίων πολιτών, διευκολύνοντας τις μεταξύ τους
 οικονομικές συναλλαγές. Η Ελλάδα υιοθέτησε το κοινό νόμισμα το 2001.
 Σήμερα στην Ευρωπαϊκή Ένωση συμμετέχουν 27 κράτη-μέλη. Ζητήματα όπως η ενίσχυση των δημοκρατικών ελευθεριών, η καταπολέμηση της ανεργίας και των οικονομικών
 και κοινωνικών ανισοτήτων, η βελτίωση της εκπαίδευσης αλλά και ο σεβασμός στο περιβάλλον αποτελούν τις μεγαλύτερες προκλήσεις για τους Ευρωπαίους στην αυγή του 21ου αιώνα.
",history,6,8,7.885549802054335,0.0293318333284065,6,6.012008969120416,0.0056742333785373,4,3.987569031336818,0.005372776092818,5,5.205607947041585,0.0548752642664035,4,3.769082108290604,0.0563723191788293,3,3.3775510196503546,0.0532362640438553,7,6.881887568164558,0.0739823924635043,7.99988938588703,6,5.913038332008853,0.0443126014045501,7.2226987318082365,2.3,14.0,50.89501347708895,0.000884307
525,525,152,153,"παράθεμα 3 Το δύσκολο πέρασμα από τις Άλπεις
 Ο στρατός των Καρχηδονίων, αφού ανέβαινε στις Άλπεις για εννιά ολόκληρες μέρες, σταμάτησε και στρατοπέδευσε για δύο μέρες. Αυτό το έκανε ο Αννίβας, για να δώσει την ευκαιρία σ’
 αυτούς που σώθηκαν να ξεκουραστούν και ταυτόχρονα να περιμένει εκείνους που έμειναν πίσω. Στις κορυφές των Άλπεων έπεφτε χιόνι, γιατί πλησίαζε χειμώνας. Την επόμενη μέρα άρχισε
 το κατέβασμα. Ο δρόμος που κατέβαινε ο στρατός ήταν στενός και κατηφορικός, ενώ το χιόνι
 ξεγελούσε και δεν ήξερε κανείς πού να πατήσει, με αποτέλεσμα να πέφτει στους γκρεμούς…
 Μεγάλη δυσκολία είχαν στο πέρασμα τα φορτηγά ζώα και οι ελέφαντες, διότι οι κορυφές των
 Άλπεων και τα μέρη από τα οποία γίνεται το κατέβασμα είναι γυμνά από βλάστηση και υπάρχει
 χιόνι όλο τον χρόνο. Ακόμη είχαν τελειώσει τα τρόφιμα και ο στρατός βρισκόταν σε κακή κατάσταση και εξαιτίας της πείνας. Μετά από δρόμο τριών ημερών ανάμεσα σε γκρεμούς έφτασε σε
 μέρη πεδινά. Ο Αννίβας είχε χάσει όμως πολλούς στρατιώτες, άλογα και φορτηγά ζώα, από τα
 ρεύματα των ποταμών, τις χαράδρες και από τους εχθρούς που τους χτυπούσαν ακόμη και με
 πέτρες από τα υψώματα. Το πέρασμα από τις Άλπεις κράτησε δεκαπέντε μέρες.
 Πολύβιος, 3. 53-56, αποσπάσματα (διασκευή)
",history,4,7,6.918943236376293,0.0252567546362547,8,7.989623697757935,0.0140338146601667,3,3.0006261150348337,0.0004219134802171,5,4.747835239424603,0.0517900454255625,5,5.034263090336026,0.093151494894334,4,3.9679417346696937,0.0122930832160219,6,6.021707814376402,0.0084338840705427,7.962670769542456,5,5.453903907947506,0.0655957058308085,7.001092951919418,4.0,12.7,47.92025518341308,0.00097288
526,526,71,72,"παράθεμα 2 Σκηνές από τη ναυμαχία
 Στη ναυμαχία σκοτώθηκαν πολλοί από τους Πέρσες και τους συμμάχους
 τους και λίγοι από τους Έλληνες, γιατί αυτοί γνώριζαν κολύμπι. Έτσι, όταν
 τα καράβια βούλιαζαν και γλίτωναν, κολυμπούσαν κι έβγαιναν στη Σαλαμίνα.
 Οι πιο πολλοί από τους βαρβάρους πνίγηκαν, γιατί δεν ήξεραν κολύμπι.
 Όταν τα καράβια τους άρχισαν να υποχωρούν, τα πιο πολλά βούλιαξαν. Μά3. Σύγχρονο ελληνικό
 λιστα έφταιγε το γεγονός πως εκείνα που βρίσκονταν πιο πίσω, στην προνόμισμα (1990) που
 απει­κονίζει μια τριήρη. σπάθειά τους να περάσουν μπροστά, για να δείξουν στον βασιλιά ότι πολεμούσαν, έπεφταν πάνω στα δικά τους που υποχωρούσαν.  Ο Ξέρξης ήταν
 πολύ λυπημένος και τα έβαζε με όλους. Καθισμένος στον θρόνο του στο βουνό Αιγάλεω έβλεπε
 απέναντί του τη Σαλαμίνα και παρακολουθούσε τη ναυμαχία. Αν κάποιος από τους δικούς του
 πολεμούσε γενναία, ρωτούσε να μάθει ποιος ήταν... Οι Αθηναίοι μέσα στον πανικό βύθιζαν όσα
 πλοία μπορούσαν. Όταν κάποια ξέφευγαν από τους Αθηναίους, έπεφταν στους Αιγινήτες.
 Ηρόδοτος, Ιστορία, Η ´, 89-92 (διασκευή)
",history,4,6,5.652529894185591,0.0524451927216786,8,7.990971034901811,0.0059765444373444,3,2.9999992905272848,4.3682053239862215e-06,4,4.002601920253994,0.001704262559604,5,5.245780182929593,0.0833166511536435,3,3.245226593122652,0.0447853248537316,6,5.999203691878108,0.0005329743939845,7.97702113566595,4,4.202386334709331,0.0408122729430259,7.000795140216724,1.4,11.2,45.54810996563574,0.000891341
527,527,213,214,"ΕΝΟΤΗΤΑ 53
 Η κατάρρευση των λαϊκών δημοκρατιών
 και η μεταψυχροπολεμική Ευρώπη
 Όξυνση των προβλημάτων των λαϊκών δημοκρατιών Τα προβλήματα που αντιμετώπιζαν οι λαϊκές δημοκρατίες της Α. Ευρώπης
 οξύνθηκαν στη δεκαετία του ’80. Η οικονομία δεν ανταποκρινόταν
 στις σύγχρονες ανάγκες, πράγμα που φαινόταν ιδιαίτερα στην ανεπάρκεια καταναλωτικών αγαθών. Η Σοβιετική Ένωση ξόδευε σε εξοπλισμούς, για να μην υστερήσει από τις ΗΠΑ, ποσά πολύ μεγαλύτερα
 από αυτά που άντεχε η οικονομία της. Παράλληλα, το σύστημα λήψης αποφάσεων είχε γίνει τόσο συγκεντρωτικό, που οι πολίτες ένιωθαν ολότελα ξένοι προς αυτό.
 Οι μεταρρυθμίσεις Γκορμπατσόφ Η ανάδειξη, το 1985, του Μιχαήλ Γκορμπατσόφ στη θέση του ηγέτη της Σοβιετικής Ένωσης
 υπήρξε καταλυτική. Ο Γκορμπατσόφ επικέντρωσε τις προσπάθειές
 του στην αναδιάρθρωση της οικονομικής και πολιτικής δομής της
 χώρας (περεστρόικα: ανασυγκρότηση, κατάργηση του αυστηρού
 κρατικού ελέγχου της οικονομίας και εκδημοκρατισμός των πολιτικών διαδικασιών) και στην επίτευξη της διαφάνειας, της ελεύθερης πληροφόρησης και διατύπωσης γνώμης (γκλάσνοστ). Παράλληλα, ενθάρρυνε την κριτική, παραχώρησε κάποιες πολιτικές ελευ- 1. Σοβιετικοί πύραυλοι. Οι στρατιωτικές δαπάνες της
 θερίες και χαλάρωσε τους δεσμούς της Μόσχας με τις άλλες σοΣοβιετικής Ένωσης ήταν μια αληθινή οικονομική
 αιμορραγία, καθώς το 1985 ξεπερνούσαν το 15%
 βιετικές δημοκρατίες αλλά και με τις λαϊκές δημοκρατίες της Α.
 του ακαθάριστου εθνικού προϊόντός της.
 Ευρώπης.
 Η σύγχυση, ωστόσο, που προκλήθηκε από την απόπειρα εφαρμογής των μεταρρυθμίσεων οδήγησε σε δραματική οικονομική κρίση. Ταυτόχρονα, άρχισαν να εκδηλώνονται αποσχιστικές τάσεις σε διάφορες περιοχές της Σοβιετικής Ένωσης. Επιπλέον, ο Γκορμπατσόφ βρέθηκε αντιμέτωπος με στελέχη
 του ίδιου του καθεστώτος που δεν επιθυμούσαν τις μεταρρυθμίσεις.
 Η κατάρρευση των λαϊκών δημοκρατιών της Α. Ευρώπης Η επιλογή του Γκορμπατσόφ να πάψει η Σοβιετική Ένωση
 να ασκεί έλεγχο στις χώρες της Α. Ευρώπης και η πίεση που άσκησε σ’ αυτές για μεταρρυθμίσεις οδήγησαν στην
 κατάρρευση των λαϊκών δημοκρατιών. Στο πλαίσιο αυτό, γεγονότα με τεράστια πολιτική αλλά και συμβολική σημασία
 υπήρξαν η κατεδάφιση του τείχους του Βερολίνου (Νοέμβριος 1989) και η ένωση της Γερμανίας (3 Οκτωβρίου 1990).
 Σ’ αυτές τις συνθήκες, αξιωματούχοι του σοβιετικού καθεστώτος οργάνωσαν πραξικόπημα εναντίον του Γκορμπατσόφ
",history,12,8,7.942447172166112,0.0197847871023291,7,6.993611458527795,0.007180236455155,4,3.999956385338919,4.24425056503744e-05,7,6.998278487643802,0.0009949962507215,6,5.388932059832769,0.0789725196636566,4,3.705802895621673,0.0486689717048278,8,7.103472074617329,0.0825426433272378,7.245082701752835,7,6.999882822599602,0.000138316839938,7.997518493395546,3.3,16.6,60.61559139784946,0.001210383
528,528,112,113,"Φαίνεται πως τα πολιτικά τράβηξαν τον Θεμιστοκλή γρήγορα και ζωηρά και έντονη ορμή
 τον κυρίευσε για τη δόξα... Κι ήταν τόσο παράφορος για τη δόξα ώστε νέος ακόμα, όταν
 έγινε η μάχη εναντίον των βαρβάρων στον Μαραθώνα και διαφημίστηκε η στρατηγία του
 Μιλτιάδη, αυτός φαινόταν σκεφτικός πολλές φορές, και τις νύχτες έμενε άγρυπνος, δεν
 πήγαινε στα συνηθισμένα συμπόσια κι έλεγε σε εκείνους που τον ρωτούσαν κι απορούσαν
 για την αλλαγή της ζωής του, πως δεν τον άφηνε να κοιμηθεί το τρόπαιο του Μιλτιάδη.
 Γιατί οι μεν άξιοι νόμιζαν πως η ήττα των βαρβάρων στον Μαραθώνα ήταν το τέλος
 του πολέμου, ενώ ο Θεμιστοκλής πως ήταν η αρχή μεγαλύτερων αγώνων και γι' αυτούς
 ετοίμαζε πάντοτε τον εαυτό του για το συμφέρον ολόκληρης της Ελλάδος.
 Πλούταρχος, Θεμιστοκλής 3 (μετ. Αθηνάς Καλογεροπούλου)
 Οι Πέρσες στον περιορισμένο χώρο δε θα μπορούσαν να παρατάξουν όλη τους τη δύναμη.
 Όταν δόθηκε το σύνθημα της επίθεσης, τα ελληνικά πλοία επιτέθηκαν με ορμή και κατάφεραν
 να κυριαρχήσουν.
 Όταν τελείωσε η ναυμαχία, ο χώρος είχε καλυφθεί από τα συντρίμμια των περσικών πλοίων.
 Ο Ξέρξης εγκατέλειψε την Ελλάδα. Άφησε, όμως, πίσω του τον στρατηγό Μαρδόνιο με αρκετές
 χιλιάδες στρατό να συνεχίσει την προσπάθεια.
",history,10,7,7.181547455465925,0.0386123551694513,7,7.028285071691244,0.0572416911257798,4,3.9914233274927255,0.0039648695696058,5,5.410512327199456,0.0582383428706388,4,4.1138929076387285,0.0533153304917212,4,3.9947140749225634,0.003326838718748,7,7.048808400522553,0.0189196403449696,7.990286313765637,7,6.578695267243148,0.0656811286103389,7.966877261562331,4.6,13.7,54.77777777777778,0.001155272
529,529,22,23,"το «ιερόν
 πυρ»: η φωτιά
 που έπαιρναν οι
 άποικοι από τον
 βωμό της
 μητρόπολης, με
 την οποία
 έπρεπε να
 ανάψουν τον
 βωμό της νέας
 πατρίδας.
 ο βωμός: το
 λίθινο ή
 μαρμάρινο
 κατασκεύασμα
 πάνω στο οποίο
 οι άνθρωποι
 έκαναν θυσίες
 στους θεούς.
 η μητρόπολη:
 η πόλη-κράτος
 η οποία
 δημιουργούσε
 μια αποικία.
",history,4,7,7.08757475777611,0.028492898062973,8,6.720870667602867,0.0735926555191415,2,2.245084795814563,0.0447188274773649,5,5.211658058622561,0.0892669051235556,4,4.068086830913671,0.0842039337881607,3,2.987664608347931,0.0054499405472388,8,7.386164387120061,0.0754284579171786,7.025954429096856,7,6.862084898006287,0.026015723611689,7.998806740539294,2.7,10.0,38.36612021857923,0.001001282
530,530,7,8,"όπως η Θεσσαλία, η Μακεδονία, η Αργολίδα, η Κέρκυρα και σε πολλές άλλες.
 Η τέχνη, δηλαδή η δημιουργία αντικειμένων
 και κατασκευών που δεν καλύπτουν μόνο
 βασικές ανάγκες και δραστηριότητες για την
 επιβίωση, όπως η διατροφή, αλλά έχουν
 και διακοσμητικό ή συμβολικό χαρακτήρα,
 πρωτοεμφανίζεται κατά τα τέλη της παλαιολιθικής περιόδου. Στα έργα τέχνης αυτής
 της περιόδου περιλαμβάνονται ζωγραφικές
 παραστάσεις και αγαλματίδια από πηλό, κόκκαλο
 ή λίθο. Καλλιτεχνικά δημιουργήματα αποτελούν
 επίσης τα κοσμήματα, όπως περιδέραια,
 βραχιόλια, σκουλαρίκια και άλλα. Σε πολλές
 ευρωπαϊκές παλαιολιθικές θέσεις έχουν βρεθεί
 σπηλαιογραφίες, δηλαδή εικόνες ζώων και
 Αναπαράσταση σπηλαιογραφίας
 σπανίως ανθρώπων ζωγραφισμένες με χρώματα
 ή χαραγμένες στα τοιχώματα των σπηλαίων. Οι
 παλαιολιθικές παραστάσεις έχουν, μάλλον, μαγική ή συμβολική σημασία και εκφράζουν την
 αντίληψη των παλαιολιθικών ανθρώπων για το μυστήριο της δημιουργίας της ζωής, την
 αγωνία για την επιβίωση (εξασφάλιση ζωής) και τον θάνατο. Κατά την εποχή αυτή πιστεύεται
 ότι ξεκινά και η δημιουργία της θρησκείας, η πίστη δηλαδή σε κάποιες δυνάμεις που
 επηρεάζουν τη ζωή των ανθρώπων. Τότε ξεκινά και η ταφή των νεκρών.
",history,10,7,7.0104083451204815,0.0107069774371668,7,7.314686391355281,0.0525919339989152,3,3.0000950043715875,8.054577090746342e-05,5,4.606479465981778,0.0644281463037625,4,4.122680776181596,0.039374605218196,3,3.0758823567525724,0.0215789323139513,6,6.438944571737466,0.0610601472861603,7.95257238911293,5,5.382075921932028,0.0614654304392929,7.00452249906084,4.3,17.4,57.333333333333336,0.001187869
531,531,112,113,"Ο Ερνέστος Τσίλερ ήταν ο αρχιτέκτονας που σφράγισε το δεύτερο μισό του 19ου αιώνα τόσο με τα πολλά έργα του [ανάκτορα Τατοΐου, Ανάκτορα του διαδόχου Κωνσταντίνου (σημερινό Προεδρικό
 Μέγαρο)] όσο και με τη διδασκαλία του στο Πολυτεχνικό Σχολείο.
 Παράλληλα, έδρασαν και Έλληνες αρχιτέκτονες. Ο Σταμάτης Κλεάνθης συνέταξε μαζί με τον Γερμανό συνάδελφό του Εδουάρδο Σάουμπερτ ένα φιλόδοξο πολεοδομικό σχέδιο της Αθήνας (που μικρό
 μέρος του εφαρμόστηκε) και τα σχέδια του Πειραιά. Ο Λύσανδρος
 Καυταντζόγλου, διευθυντής για χρόνια του Πολυτεχνικού Σχολείου,
 έκτισε το Πολυτεχνείο, το Οφθαλμιατρείο και άλλα κτίρια.
 Γύρω στα τέλη του 19ου αιώνα διαμορφώθηκε το νεοκλασικό
 σπίτι, μια αρχιτεκτονική μορφή με στοιχεία που παραπέμπουν
 στην αρχαία Ελλάδα. Πολλά νεοκλασικά σπίτια σώζονται μέχρι τις
 μέρες μας τόσο στην Αθήνα όσο και σε διάφορες άλλες πόλεις
 της Ελλάδας. Τα σημαντικότερα από αυτά έχουν κηρυχθεί διατηρητέα από το ελληνικό κράτος.
 ΑΣΚΗΣΕΙΣ – ΔΡΑΣΤΗΡΙΟΤΗΤΕΣ
",history,12,7,7.116314918301281,0.0533280096502899,6,6.001065950043021,0.0019424363831714,4,3.9914231760668386,0.0039646018306732,7,6.910633896239176,0.0235371922176138,4,3.579459121428499,0.059767926118902,3,3.0124296900968233,0.005374582956676,6,6.122818499136031,0.0304032294070553,7.893306218375528,7,6.999239323799884,0.0004871567838768,7.995074232524104,4.0,16.2,51.875,0.001053365
532,532,177,178,"διεύρυνση των ορίων του κράτους του.
 Πρωτεύουσα του κράτους ήταν οι Αιγές έως τις αρχές του 4ου αιώνα π.Χ., οπότε ο βασιλιάς
 Αρχέλαος (413-399 π.Χ.) μετέφερε την έδρα του στην Πέλλα. Οι Αιγές διατήρησαν τη
 σπουδαιότητά τους, αφού εκεί ενταφιάζονταν, κατά παράδοση, οι βασιλείς.
 Στα χρόνια της βασιλείας του Αρχέλαου η Μακεδονία σημείωσε μεγάλη ανάπτυξη. Η ήττα των
 Αθηναίων στη Σικελία του επέτρεψε να ανακτήσει τμήματα της περιοχής, που είχαν αποσπάσει
 παλιότερα οι Αθηναίοι. Το Δίο, το ιερό κέντρο των Μακεδόνων, απέβη μια δεύτερη Ολυμπία.
 Εκεί συγκεντρώνονταν οι Μακεδόνες για να τιμήσουν τους Ολύμπιους θεούς, προπάντων τον
 Δία, από τον οποίο έλαβε και το όνομά της η πόλη. Στην αυλή του Αρχέλαου συγκεντρώθηκαν
 σπουδαίοι πνευματικοί άνθρωποι της εποχής, ανάμεσα στους οποίους και ο Ευριπίδης.
 Τον θάνατο του Αρχέλαου ακολούθησε για πολλά χρόνια ανασφάλεια και αβεβαιότητα ως τη
 στιγμή που την εξουσία πήρε στα χέρια του ο Φίλιππος Β΄.
",history,10,7,7.330667366593389,0.0569257555955247,6,6.176252508598168,0.043668974959576,3,3.0035933512127713,0.0019126762285774,5,5.214728043583818,0.0707191149673537,5,4.703036518927547,0.076533473629571,3,3.0006259607938652,0.0004223187158055,7,7.021497992577906,0.0242682948052841,7.993304337790391,7,6.876082664504452,0.030121887541789,7.97061014258361,1.5,10.5,43.40438871473354,0.000888212
533,533,131,132,"1. Η πρώτη επίσημη ομιλία του Λένιν
 στο σοβιέτ της Πετρούπολης
 Σύντροφοι,
 η εργατοαγροτική επανάσταση, για την αναγκαιότητα της
 οποίας μιλούσαν συνεχώς οι μπολσεβίκοι, νίκησε […]. Ένα
 από τα άμεσα καθήκοντά μας είναι η ανάγκη να τερματίσουμε αμέσως τον πόλεμο […]. Η δίκαιη, άμεση ειρήνη, που
 θα προτείνουμε θα βρει παντού θερμή απήχηση στις διεθνείς προλεταριακές μάζες […]. Θα κερδίσουμε την εμπιστοσύνη των αγροτών μ’ ένα διάταγμα, που θα καταργήσει την τσιφλικάδικη ιδιοκτησία […]. Θα εγκαθιδρύσουμε
 πραγματικό εργατικό έλεγχο στην παραγωγή […].
 Β.Ι. Λένιν, Άπαντα, μτφρ. Π. Μαυρομάτης, Σύγχρονη Εποχή,
 τόμ. 26, σ. 220-221.
 3. Ο Λένιν απευθύνεται σε συγκέντρωση μπολσεβίκων.
",history,12,8,7.999438202343128,0.0009994200756771,4,4.8945526148975205,0.0926891962119939,4,3.9993854985323196,0.0004326992084993,7,6.999983627687044,1.751466134692901e-05,4,4.087598901242018,0.0532860951951799,4,3.999105838069738,0.0023671117624893,8,7.987610194771094,0.0059130098390653,7.0040675502027625,7,7.000902753206901,0.0005935658458715,7.999276866723573,0.9,12.9,34.04440389294404,0.000665346
534,534,118,119,"Την αρχαϊκή εποχή οι ποιητές στρέφονται από την εξιστόρηση των θαυμαστών κατορθωμάτων
 των προγόνων (ομηρικά ηρωικά έπη) στη διδακτική ποίηση του Ησίοδου. Η ποίησή
 του εξιστορεί τη δημιουργία του κόσμου
 και την επικράτηση των θεών του Ολύμπου
 ΑΠΌΣΠΑΣΜΑ ΑΠΌ ΠΟΊΗΜΑ
 (Θεογονία) και δίνει συμβουλές και οδηγίες για
 ΤΟΥ ΑΛΚΑΊΟΥ
 τη ζωή και την ηθική των ανθρώπων (Έργα
 «ΤΑ ΔΕΙΝΆ ΤΟΥ ΠΟΛΈΜΟΥ»
 και Ημέραι). Κέντρο της ποίησης γίνεται
 πια η ειρήνη αντί του πολέμου. Αργότερα θα
 Μα βέβαια και για μας μικρό δε βγήκε
 επικρατήσει η λυρική ποίηση. Τα ποιήματα
 κακό: γιατί μια τρέλ’ από τα ουράνια
 αυτά άδονταν από τους δημιουργούς τους ή
 στέλνοντας κάτου ο Δίας, σ’ έναν αγώνα
 από ομάδες τραγουδιστών (χορική ποίηση)
 που μαύρον θρήνον έσυρε, πολλούς
 με τη συνοδεία μουσικής, λύρας ή φλογέρας
 ξεσήκωσε λεβέντες διαλεγμένους
 (αυλού). Οι λυρικοί ποιητές ενδιαφέρονται
 για πόλεμο, έναν κι έναν, που μεγάλη
 περισσότερο για τον εσωτερικό ψυχικό κόσμο
 η δόξα τους πολύ μακριά έχει φτάσει.
 και τα συναισθήματα των ανθρώπων. Έτσι,
 Γιατί ψυχές αντρίκιες αυτοί, κάστρο
",history,10,8,7.6224230013773315,0.0532822947980853,8,8.122969954314613,0.0311393242040073,4,3.5621797411165517,0.0550419935263442,7,6.919135621124951,0.0229660868262652,5,5.494554951088503,0.1055384919534201,4,3.838900451650261,0.0509057447147102,8,7.962679526131893,0.0128687033738183,7.0016977025757114,7,6.999863812776539,0.000222451864381,7.99590450127107,4.3,13.9,48.4775641,0.001058239
535,535,261,262,"–ρητόρων, ποιητών, ιστορικών κ.ά.–
 συντελούν στη μεγάλη ανάπτυξη του
 πορτρέτου, που και αυτό είναι πιο
 ρεαλιστικό. Τα συμπλέγματα των Γαλατών
 που ηττήθηκαν από τους ηγεμόνες της
 Περγάμου και η μεγάλη ζωφόρος του
 βωμού του Δία και της Αθηνάς στην
 Πέργαμο, που παριστάνει τη Γιγαντομαχία
 με μεγάλη δραματική ένταση, αποτελούν
 εκτός από αριστουργήματα της παγκόσμιας
 γλυπτικής και έργα πολιτικής προπαγάνδας
 της ηγεμονικής εξουσίας των περγαμηνών
 βασιλέων.
 Ζωγραφική-ψηφιδωτά. Μεγάλη άνθηση
 παρατηρείται στη μεγάλη ζωγραφική, όπως
 τη γνωρίζουμε διαμέσου αντιγράφων σε
 επαύλεις των ρωμαϊκών χρόνων στη Ρώμη
 και αλλού. Ανθεί επίσης και η τέχνη του
 ψηφιδωτού –μωσαϊκά– που κοσμούν τα
 δάπεδα των επίσημων χώρων υποδοχής των ελληνιστικών σπιτιών και ανακτόρων.
 Κεραμική-Αγγειογραφία-Μικροτεχνία. Στις τέχνες αυτές εμφανίζεται μία κάμψη. Τώρα
 πια σπανίζουν τα γραπτά αγγεία· στη θέση τους εμφανίζονται τα μελαμβαφή κύπελλα
 –μεγαρικοί ή ανάγλυφοι σκύφοι–, που μιμούνται τα πολυτελή μεταλλικά σκεύη των
 ελληνιστικών αυλών. Φέρουν ανάγλυφες παραστάσεις με σκηνές από τα ομηρικά έπη αλλά
 κυρίως με φυτικό διάκοσμο. Αντίθετα, μεγάλη ανάπτυξη γνωρίζει η μικροτεχνία από χρυσό,
 ασήμι, χαλκό, πολύτιμους και ημιπολύτιμους λίθους (κοσμήματα, σκεύη με ανάγλυφες
",history,10,8,8.003744011385864,0.002056450090907,8,8.011767983588676,0.0053261350733114,4,4.000013977460185,6.868020121562593e-05,7,7.0000206966511715,3.886605244771874e-05,5,5.42755912256689,0.065045868782646,3,3.0675423452494215,0.0198579339770127,8,8.00322978053768,0.0018390849670956,7.004065265928958,7,7.0027887537648965,0.0015584455051966,7.991366903985181,3.7,17.5,53.11769872639438,0.001121797
536,536,141,142,"παράθεμα 1 Οι μηχανές του Αρχιμήδη
 Ο Αρχιμήδης κατασκεύασε πολλές πολεμικές μηχανές. Αυτές τις χρησιμοποίησαν οι
 κάτοικοι των Συρακουσών, για να αντιμετωπίσουν τις επιθέσεις που έκαναν οι Ρωμαίοι
 εναντίον τους. Τέτοιες ήταν οι καταπέλτες.
 Άλλοι από αυτούς πετούσαν πολύ μακριά
 μεγάλες πέτρες και άλλοι έριχναν πολύ
 γρήγορα πιο μικρές πέτρες. Ήταν επίσης
 οι γερανοί που έριχναν στα εχθρικά πλοία
 ογκόλιθους ή κομμάτια από μολύβι. Είχε
 φτιάξει ακόμα κάποια μηχανήματα που
 έμοιαζαν με μεγάλες δαγκάνες. Αυτά άρπαζαν τα εχθρικά πλοία, τα σήκωναν ψηλά
 και μετά τα άφηναν να πέσουν στη θάλασσα, αναποδογυρισμένα και να βυθιστούν.
 Τέλος κατασκεύασε και κάτοπτρα*. Μ’ αυτά συγκέντρωνε εκεί που ήθελε τις ηλιακές
 ακτίνες και έκαιγε έτσι τα εχθρικά πλοία.
 * το κάτοπτρο: καθρέπτης.
 Πολύβιος, Β. 5-7 (διασκευή)
",history,4,6,5.999825652425443,0.0001816882940472,6,5.889800479522933,0.0328025746934065,3,3.0000032910863865,5.812715409844336e-06,4,4.002513258077727,0.0017674236695508,3,3.2734820887962996,0.0517677743327651,3,2.9241656397280167,0.0215848770157038,6,6.000004583356713,7.421743778008064e-05,7.991421182915715,4,4.415816824093227,0.0567458206736394,7.008557467284845,0.9,11.2,45.30345711,0.000826428
537,537,109,110,"Αιχμές περσικών
 βελών (Αθήνα, Εθνικό
 Αρχαιολογικό
 Μουσείο).
 Κατά τη διάρκεια των
 ανασκαφών στις
 Θερμοπύλες βρέθηκαν
 πολλές τέτοιες
 αιχμές, έτσι που να
 επιβεβαιώνεται
 η ρήση ότι η
 μάχη έγινε «υπό
 σκιάν». Οι Πέρσες
 φαίνεται ότι εξόντωσαν
 τους υπερασπιστές των
 Θερμοπυλών
 χτυπώντας τους από
 απόσταση με βέλη.
",history,10,7,7.147944198470725,0.0337472988462262,6,6.2039071079743735,0.1008758067754819,3,2.9997443025931716,0.0002526958000421,5,5.034859415967276,0.0655111254566794,4,3.954107072198326,0.0312734772641674,3,2.9999455212982866,5.446217947748857e-05,7,7.496948093434412,0.0567381768019013,7.996824110035732,7,6.76876709761882,0.0441968951081212,7.997752746086917,2.1,13.4,45.77777777777778,0.001023628
538,538,183,184,"2. Το τελευταίο γράμμα ενός Γάλλου αντιστασιακού
 Αγαπητή μου Μαμά,
 απ’ όλους που γνωρίζω εσύ θα με νιώσεις καλύτερα, γι’ αυτό
 σου αφιερώνω τις τελευταίες μου σκέψεις. Μην κατηγορήσεις
 κανέναν άλλον για το θάνατό μου, γιατί εγώ ο ίδιος διάλεξα τη
 μοίρα μου. Δεν ξέρω τι να σου γράψω, γιατί, αν και το μυαλό μου
 είναι καθαρό, δεν μπορώ να βρω τις σωστές λέξεις. Κατατάχτηκα στον Απελευθερωτικό Στρατό και πεθαίνω την ώρα που το
 φως της νίκης έχει αρχίσει ήδη να φέγγει [...] Πολύ σύντομα θα
 με τουφεκίσουν μαζί μ’ άλλους είκοσι τρεις συντρόφους. Μετά
 τον πόλεμο πρέπει να διεκδικήσεις τα δικαιώματά σου για
 σύνταξη. Θα σ’ αφήσουν να πάρεις τα πράγματά μου απ’ τη
 φυλακή. Κρατάω μόνο τη φανέλα του Μπαμπά, γιατί δε θέλω το
 κρύο να με κάνει να τρέμω [...] Και πάλι σου λέω αντίο! Κουράγιο!
 Ο γιος σου Spartaco
 Spartaco Fontanot, εργάτης μεταλλουργίας, 22 ετών, μέλος της
 γαλλικής αντίστασης.
 Πηγή: E.J. Hobsbawm, Η εποχή των άκρων. Ο σύντομος εικοστός
 αιώνας, 1914-1991, μτφρ. Β. Καπετανγιάννης, Θεμέλιο, Αθήνα 1995,
 σ. 126.
",history,12,7,6.652639882039706,0.0704435813916016,8,7.99295750483725,0.0045986898892053,3,3.0002271807752194,0.0001776593840173,5,4.820885107781159,0.0472086427960629,7,6.730308309619431,0.053491201764824,3,3.5750775766273364,0.0688453133847649,6,6.145991202849416,0.0344611369095637,7.8519514221010525,5,5.787992757433244,0.0863640718384946,7.003928790683858,1.4,8.5,32.56644518272425,0.000727096
539,539,139,140,"Μετά το τέλος του Β΄ Παγκοσμίου Πολέμου πολλές από τις χώρες του Τρίτου Κόσμου προσπάθησαν
 να κερδίσουν την ανεξαρτησία τους από τις αποικιοκρατικές δυνάμεις της Δύσης. Ανάμεσα στις χώρες
 αυτές ιδιαίτερη θέση κατέχει η Ινδία, που με ηγέτη τον Μαχάτμα Γκάντι (φωτ. κάτω αριστερά) κέρδισε την ανεξαρτησία της από τους Βρετανούς το 1947. Κατά την περίοδο του Ψυχρού Πολέμου, πάλι,
 ξεχωρίζει ο πόλεμος στο Βιετνάμ (1961-1973), η πρώτη ουσιαστικά
 μεγάλη σύγκρουση των δύο αντίπαλων
 συνασπισμών, που με επικεφαλής τις
 ΗΠΑ και την ΕΣΣΔ προέκυψαν από τις
 στάχτες του Β΄ Παγκοσμίου Πολέμου.
 Και στον πόλεμο αυτό τα εγκλήματα
 σε βάρος των αμάχων υπήρξαν μεγάλα
 (φωτ. κάτω δεξιά).
",history,6,7,6.60037045843228,0.0681407178488703,6,6.042845556222332,0.0177839390585552,4,3.7310602139740467,0.0467545479935971,5,4.779638292110192,0.0517097488743549,4,3.945192394244259,0.0544714457499345,3,3.1066917025235625,0.0272675069264869,6,6.166302918136836,0.0364963069904485,7.970686910971949,6,6.207398053824022,0.0854797089045161,7.201806096646578,4.5,14.2,45.63333333333333,0.00090178
540,540,115,116,"Σκηνή από τη μάχη
 των Πλαταιών.
 Έλληνας πολεμιστής
 συγκρούεται με
 Πέρση ιππέα.
 Παράσταση από τη
 ζωφόρο του ναού
 της Αθηνάς Νίκης
 (Λονδίνο, Βρετανικό
 Μουσείο). Είναι η
 πρώτη φορά που
 εικονίζεται σε ναό
 πολεμική σκηνή.
 Μπορείτε να δώσετε
 τη δική σας εξήγηση
 γιατί υπάρχει η
 παράσταση αυτή
 στον ναό;
",history,10,5,5.044288398314308,0.0147052033888284,4,5.214166846708395,0.0962018448525124,3,2.9982996924076133,0.001007933351072,4,4.025311366878896,0.0103416774290338,3,3.524171501509045,0.0616885290652072,3,3.0004279033219063,0.0003055533735414,6,5.756532525756555,0.0454643275391668,7.977020841392289,4,4.228262712251535,0.0447988703496732,7.148009132139123,-0.1,7.8,36.2,0.000735813
541,541,16,17,"2. Διαθήκη της εποχής της Τουρκοκρατίας
 «Εις το όνομα το Πατρός, και του Υιού, και του Αγίου Πνεύματος, νυν και αεί, και εις τους αιώνας των
 αιώνων. Αμήν.
 Εδώ κάνω καταγραφή της δυστυχισμένης οικογένειάς μας, που καταγόμαστε εδώ και πολλές γενιές από
 τη Ρούμελη και ήρθαμε σε αυτό το νησί τη Ζάκυνθο κατατρεγμένοι και όχι για άλλο λόγο... Σαν αληθινός
 χριστιανός, νιώθοντας την ανάγκη να είμαι έτοιμος κάθε ώρα και στιγμή να υποστώ την τρομερή και
 φρικτή κρίση του Θεού, ρύθμισα τις υποθέσεις μου. Πρώτον, συγχωρώ κάθε άνθρωπο που με έβλαψε
 και ζητώ από όλα τα αδέλφια μου τους χριστιανούς να με συγχωρέσουν όπου τους πίκρανα και τους
 έβλαψα. Αφήνω το ελάχιστο βιός μου στον αδελφό μου τον Γιώργη και θέλω να με θάψει χωρίς καθόλου έξοδα και τελετή, να μου αφήσει μόνο το βρακί και το μαύρο πουκάμισο και τίποτε άλλο και
 να με θάψει. Και αν θελήσει ο πανάγαθος και φιλεύσπλαχνος Θεός και βοηθήσει να ελευθερωθεί το
 δυστυχισμένο γένος μας από τον τρομερό, απάνθρωπο, αντίχριστο και άσπλαχνο Τούρκο, να ξεθάψει τα κόκαλά μου και τα κόκαλα του μακαρίτη του αδελφού μας Φιλόθεου, που τα έχω κρυμμένα
 σε μια σακούλα στη σπηλιά που γνωρίζει, και να τα θάψει μαζί και κοντά στα κόκαλα των γονιών
 μας στην εκκλησία της πατρίδας μας. αλλά το ξαναλέω, όταν ελευθερωθεί και όχι τώρα που είμαστε σκλάβοι. Άλλο τίποτε δεν έχω να πω, και αυτή είναι η μόνη και η τελευταία μου επιθυμία».
 Κωνσταντίνου Ν. Σάθα, Τουρκοκρατούμενη Ελλάς. Ιστορικόν Δοκίμιον περί των προς αποτίναξιν του
 Οθωμανικού ζυγού Επαναστάσεων του ελληνικού έθνους (1453-1821), Αθήνα 1869, σσ. 410-412.
",history,6,8,7.999849687402744,0.0001349648868586,8,8.033902125142049,0.0219580338901224,4,3.867037561401361,0.0314793807684667,7,6.686242130519929,0.0557441671467101,7,6.574299211497419,0.0748957370151248,3,3.001764522422718,0.0070679356782887,8,7.999960179754908,6.908716158863892e-05,7.000426298919592,7,6.98805406823476,0.0051951571874871,7.999370428701344,6.4,14.9,44.70309050772627,0.000994614
542,542,68,69,"Ελλάδας. Αντίθετα, οι απλές κυματιστές γραμμές και οι σπείρες
 που ζωγραφίζονταν με το χέρι
 πάνω στα αγγεία της μυκηναϊκής
 εποχής μετατρέπονται σε ομόκεντρους κύκλους και ημικύκλια
 ζωγραφισμένα με μεγάλη ακρίβεια με τη βοήθεια του διαβήτη.
 Σταδιακά τρίγωνα, ρόμβοι, μαίΕπίθεση σκυλιών σε ελάφι. Χάλκινο σύμπλεγμα από
 ανδροι, κλιμακωτά σχέδια και
 την Ολυμπία με χαρακτηριστικές γεωμετρικές φόρμες
 άλλα απλώνονται σε ολόκληρη
 8ος αι. π.Χ.
",history,10,7,7.000364753573408,0.000616034601797,8,8.014002334645177,0.0067158503065896,3,3.0600859050425697,0.0182502343801573,7,6.992900346404895,0.0033828473102493,6,5.745384289606591,0.0725766236636578,4,3.609126236984139,0.0692397266363839,7,7.200697953519288,0.0410775732077097,7.932425481571045,7,6.999863747931386,0.000117913656223,7.983350657566916,4.3,17.3,49.5,0.000866398
543,543,161,162,"2. Ο πρόεδρος των ΗΠΑ Φραγκλίνος Ρούζβελτ παρουσιάζει την κεντρική ιδέα του new deal
 Έχουμε δύο προβλήματα: πρώτον, να αντιμετωπίσουμε τον άμεσο κίνδυνο και,
 δεύτερον, να βάλουμε τα θεμέλια ώστε να εξασφαλιστεί για όλους μια μόνιμη
 απασχόληση.
 Όσον αφορά την άμεση ανακούφιση, η πρώτη αρχή είναι ότι αυτό το έθνος,
 αυτή η εθνική κυβέρνηση αν προτιμάτε, οφείλει να λάβει όλα τα μέτρα ώστε κανένας πολίτης να μην πεινάσει.
 Εκτός από την παροχή αυτής της άμεσης ανακούφισης, η ομοσπονδιακή κυβέρνηση θα πρέπει και είναι υποχρεωμένη να παρέχει προσωρινή εργασία οπουδήποτε είναι δυνατόν. Τόσο εσείς όσο κι εγώ γνωρίζουμε ότι στα εθνικά δάση,
 στην πρόληψη των πλημμυρών, στην εκπόνηση των προγραμμάτων υδάτινων
 οδών που έχουν εγκριθεί ήδη και έχουν προγραμματιστεί αλλά δεν έχουν εκτελεσθεί, σε όλα αυτά τα έργα δεκάδες χιλιάδες ή ακόμα και εκατοντάδες χιλιάδες άνεργων συμπολιτών μας μπορούν προσωρινά να απασχοληθούν.
 Φραγκλίνος Ρούζβελτ, Λόγος στη Βοστόνη, Οκτώβριος 1932.
 Πηγή: www.spartacus.schoolnet.co.uk/
 3. Ο πρόεδρος των ΗΠΑ Φραγκλίνος Ρούζβελτ.
",history,12,6,6.003339851149921,0.0017920902031334,6,5.897616420754275,0.0287205389771023,3,3.0000007310336514,1.2152225165285685e-05,4,4.574201139222225,0.0756230152737289,2,2.337719422292139,0.0545984479369721,2,2.294825273124843,0.052294220271858,6,6.002532731400606,0.0014214274888829,7.982013158022426,5,5.30019192583859,0.0737066291408246,7.05333491959027,6.4,18.5,53.10125698324022,0.001005361
544,544,117,118,"η νύχτα της 14ης Αυγούστου του 1909, παραμονή του Δεκαπενταύγουστου, συγκεντρώθηκαν στην περιοχή Γουδί της Αθήνας αξιωματικοί του στρατού, πολλοί οπλίτες καθώς
 και αρκετοί πολίτες. Απογοητευμένοι από τη χρόνια οικονομική κρίση, τον ατυχή για την
 Ελλάδα πόλεμο του 1897 και την πολιτική αστάθεια, κήρυξαν επανάσταση.
 Οι επαναστάτες με το κίνημά τους ζητούσαν την κατάργηση της βασιλείας ή την αντικατάσταση του βασιλιά, βελτίωση του Συντάγματος καθώς και διάφορες αλλαγές στο στράτευμα. Μετά το κίνημα στο Γουδί, η κυβέρνηση αναγκάστηκε τελικά να παραιτηθεί. Οι
 αξιωματικοί που συμμετείχαν στο επαναστατικό κίνημα, κάλεσαν στην Αθήνα ως εκπρόσωπο τους έναν Κρητικό πολιτικό που αργότερα θα γινόταν πρωθυπουργός της Ελλάδας, τον
 Ελευθέριο Βενιζέλο.
 Ο Ελευθέριος Βενιζέλος, 45 χρονών τότε, είχε σπουδάσει νομικά στο Πανεπιστήμιο
 Αθηνών και ήταν έμπειρος στην πολιτική. Είχε διατελέσει βουλευτής και υπουργός στην
 Κρήτη αλλά και επικεφαλής των Κρητών επαναστατών το 1905 με αίτημα την ένωση του
 νησιού με την Ελλάδα. Ο Βενιζέλος έφτασε στην Αθήνα αποφασισμένος να εκσυγχρονίσει
 τη χώρα αλλά και να εργαστεί για την ένωση των αλύτρωτων περιοχών με την Ελλάδα, φροντίζοντας για την καλή οργάνωση και τον εξοπλισμό του στρατεύματος.
 Τον Νοέμβριο του 1910 πραγματοποιήθηκαν εκλογές. Το κόμμα που ίδρυσε ο Βενιζέλος, οι «Φιλελεύθεροι», κέρδισε με μεγάλη πλειοψηφία. Ξεκίνησε έτσι ένα πολύπλευρο
 μεταρρυθμιστικό έργο. Τον επόμενο χρόνο αναθεωρήθηκε το Σύνταγμα, με στόχο τη δημιουργία ενός κράτους πιο δίκαιου για τον πολίτη. Μία από τις νέες διατάξεις, μάλιστα, προέβλεπε την υποχρεωτική και δωρεάν φοίτηση στο Δημοτικό Σχολείο.
 Για την αναδιοργάνωση του στρατού και του στόλου της χώρας προσκλήθηκαν Γάλλοι
 και Άγγλοι αξιωματικοί. Παράλληλα ρυθμίστηκαν εργατικά ζητήματα, όπως η ίδρυση συνεταιρισμών, η καθιέρωση αργιών και το ωράριο εργασίας. Έγινε επίσης προσπάθεια να
 αντιμετωπιστούν τα σοβαρά προβλήματα που απασχολούσαν τους αγρότες, όπως η εκμετάλλευση των κολίγων από τους γαιοκτήμονες.
",history,6,7,6.91206073439804,0.0813188771716253,6,5.972086308578433,0.0117120221244759,4,3.994090253000877,0.0029106730998167,6,5.929663209909677,0.0846063546774866,4,3.6972664034394143,0.0559267106535028,3,2.999824059101229,0.000180660640228,7,6.804674349346584,0.0744640281789201,7.996826289467094,7,6.988451214208908,0.0048917599163177,7.997520813913219,3.2,15.4,52.92788461538461,0.001070029
545,545,286,287,"Το ρωμαϊκό κράτος, μετά τον θάνατο του αυτοκράτορα
 Μάρκου Αυρήλιου εισέρχεται σε περίοδο μεγάλης κρίσης.
 Η κατάρρευση της οικονομίας παραλύει τους κρατικούς
 μηχανισμούς. Το πρόβλημα της διαδοχής στο αυτοκρατορικό
 αξίωμα, που στη Ρώμη δεν είχε λυθεί ποτέ επαρκώς, δίνει την
 ευκαιρία στην αυτοκρατορική φρουρά, τους Πραιτωριανούς,
 και στα στρατεύματα της επαρχίας να επιβάλλουν τον υποψήφιο
 της προτίμησής τους κάθε φορά που τίθεται θέμα διαδοχής. Το
 αποτέλεσμα: η επικράτηση πλήρους αναρχίας. Οι αυτοκράτορες
 διαδέχονται ο ένας τον άλλο. Η κρατική εξουσία καταρρέει και
 μαζί της καταρρέουν όλοι οι κρατικοί θεσμοί. Οι εξωτερικοί
 εχθροί εκμεταλλεύονται και αυτοί το εσωτερικό χάος, διασπούν
 τα οχυρωμένα σύνορα και εισβάλλουν
 στα εδάφη της Αυτοκρατορίας.
 Στην κρίσιμη αυτή για την Αυτοκρατορία ιστορική στιγμή μια σειρά
 στρατιωτικών ιλλυρικής* καταγωγής
 που αναγορεύθηκαν αυτοκράτορες από
 τα στρατεύματά τους με κορυφαίο τον
 Διοκλητιανό (284-305) πετυχαίνουν,
 με σειρά μεταρρυθμίσεων, την ανόρθωση του κράτους. Ο Διοκλητιανός
 συνειδητοποίησε ότι η Αυτοκρατορία,
 επικίνδυνα εκτεθειμένη στις επιθέσεις
 των «βαρβάρων», δεν είναι δυνατόν να
 κυβερνάται από έναν μόνο άνδρα. Για
 να αποφύγει την οριστική κατάρρευση
 της Αυτοκρατορίας ο Διοκλητιανός
",history,10,8,7.97116377483556,0.0110239360592091,8,7.777154385349775,0.0427164346248225,4,3.9999051081763355,8.07512867138223e-05,7,6.563459458273144,0.0674805400523179,6,5.457030977195245,0.0733241005063162,4,3.9977313286239067,0.0027187195417797,8,7.933538351452917,0.0201257686374919,7.067543952651619,7,6.991451695093929,0.0039227298548129,7.95786052503172,2.9,16.4,56.08090452261306,0.001073234
546,546,84,85,"Γρήγορα, η Μεγάλη Ιδέα έγινε αποδεκτή από την ελληνική κοινωνία, υιοθετήθηκε ως επίσημη κρατική πολιτική και
 σφράγισε τη ζωή και την ιδεολογία του ελληνισμού μέχρι τις πρώτες δεκαετίες του 20ού αιώνα. Οι Έλληνες που ζούσαν
 στην Οθωμανική αυτοκρατορία ονομάστηκαν αλύτρωτοι (επειδή δεν είχαν, ακόμη, λυτρωθεί, δηλαδή απελευθερωθεί) και
 η πολιτική που στόχευε στην ένταξη, τη δική τους και των εδαφών στα οποία κατοικούσαν, στο ελληνικό κράτος ονομάστηκε αλυτρωτισμός.
 Παράλληλα, μια άλλη αντίληψη, που εκφραζόταν, κυρίως, από τον Αλέξανδρο Μαυροκορδάτο και το αγγλικό κόμμα και
 υποστήριζε ότι μόνο αν προηγούνταν η οικονομική ανάπτυξη της Ελλάδας θα ήταν εφικτή και η εδαφική επέκτασή της,
 έβρισκε λιγότερους υποστηρικτές.
 Ο Κριμαϊκός πόλεμος (1854-1856) και ο ελληνισμός Το 1854 ξέσπασε ρωσοτουρκικός πόλεμος. Αγγλία και Γαλλία τάχθηκαν
 αμέσως στο πλευρό του σουλτάνου και ο πόλεμος μεταφέρθηκε στη ρωσική χερσόνησο της Κριμαίας (Κριμαϊκός πόλεμος).
 ΝΕΟΤΕΡΗ ΚΑΙ ΣΥΓΧΡΟΝΗ ΙΣΤΟΡΙΑ
",history,12,7,7.430960323754038,0.0572812363156986,8,7.679218496753094,0.0505051426552281,4,3.9997318254972924,0.0002423929179844,7,6.997401020217694,0.0013693896601993,5,5.105897180215379,0.0879357514248521,3,3.4378738136754805,0.0550673326979043,7,6.950860603320024,0.0756876986066461,7.981998518167529,7,7.000023605728529,0.0001772306277881,7.993871977945673,5.4,18.3,62.60642570281125,0.00118906
547,547,232,233,"Στα περασμένα χρόνια πολλοί προσπάθησαν να ενοποιήσουν τα συμφέροντα των Πελοποννησίων, κανένας όμως δεν το κατάφερε, γιατί κανένας δεν έδειχνε τούτο τον ζήλο για χάρη
 της κοινής ελευθερίας μα για την εδραίωση της δικής του εξουσίας. Στους καιρούς μου
 όμως οι πόλεις αυτές έφτασαν σε τόσο μεγάλη προκοπή και τελειότητα, ώστε όχι μόνο
 συνδέονταν συμμαχικά και φιλικά, αλλά είχαν και τους ίδιους νόμους, τα ίδια μέτρα, σταθμά
 και νομίσματα, κι ακόμη κοινούς άρχοντες, βουλευτές και δικαστές. Γενικά, μόνο αυτό το
 σημείο έδειχνε πως όλη σχεδόν η Πελοπόννησος δεν αποτελούσε μια πόλη: οι κάτοικοί της
 δεν περιβάλλονταν από το ίδιο τείχος· όλα τ’ άλλα ήσαν κοινά και παρόμοια για όλους μαζί
 και για κάθε πόλη χωριστά.
 Πολύβιος 2. 37. 9-11 (μετ. Ν.Δ. Τριανταφυλλόπουλου)
 Η τύχη των
 συμπολιτειών
",history,10,8,7.999320870985077,0.0004989043904499,7,7.026813148102747,0.0228305696437222,4,4.000893537498996,0.0006015415493537,7,6.966147851860285,0.0117323595139657,4,4.704023276539829,0.0841845105999871,4,3.914927891626604,0.0233951846843652,8,7.973903123626638,0.0097831692292511,7.025952585071536,7,6.999437159397289,0.0003977525095352,7.998813868256548,8.5,19.1,44.12925170068027,0.000763773
548,548,217,218,"ΕΝΟΤΗΤΑ 54
 Ο εμφύλιος πόλεμος και τα κύρια προβλήματα
 της μετεμφυλιακής Ελλάδας (1944-1963)
 Ο κυπριακός αγώνας (1955-1960)
 Η εμφύλια σύγκρουση
 Αμέσως μετά την Απελευθέρωση, η απόφαση της κυβέρνησης εθνικής ενότητας για αφοπλισμό μόνο του ΕΛΑΣ προκάλεσε την αντίδραση του ΕΑΜ, που οργάνωσε συλλαλητήριο διαμαρτυρίας στο κέντρο
 της Αθήνας (3 Δεκεμβρίου 1944). Οι συγκεντρωμένοι δέχτηκαν πυρά
 και περίπου 30 άνθρωποι σκοτώθηκαν. Τότε ξεκίνησαν μάχες σε ολόκληρη την Αθήνα ανάμεσα στον ΕΛΑΣ και τις κυβερνητικές δυνάμεις,
 που υποστηρίζονταν από βρετανικό στρατό. Οι συγκρούσεις ήταν πολύνεκρες, κράτησαν περίπου έναν μήνα (Δεκεμβριανά ή μάχη της Αθήνας) και έληξαν με ήττα των δυνάμεων του ΕΑΜ και αποχώρησή τους
 από την Αθήνα.
 1. Η αγγλική ανάμειξη στα Δεκεμβριανά
 Είναι εξαιρετικά σημαντικό να χτυπήσουμε απροειδοποίητα, χωρίς να προηγηθεί καμιά φανερή κρίση. Αυτός είναι ο καλύτερος τρόπος για να προκαταλάβουμε το ΕΑΜ.
 Τηλεγράφημα του Τσόρτσιλ προς τον Ήντεν (υπ. Εξωτερικών της Αγγλίας).
 Πηγή: Γ. Ανδρικόπουλος, 1944, Κρίσιμη χρονιά, τόμ. Β´, κείμ. 197.
",history,12,8,7.849968326744673,0.0344127823608886,8,7.96278225160065,0.0129400960349815,4,3.9914261890864964,0.0039676495672601,7,6.966464329180411,0.0103407225433658,4,4.5016660378241795,0.0862752937965419,4,3.8178982218230573,0.0383404066030492,8,7.784248581643624,0.0437387605888444,7.025951610862137,7,6.999056534929878,0.0005539658741739,7.990262333583814,2.9,14.7,45.23603839441536,0.000815733
549,549,140,141,"ΕΝΟΤΗΤΑ 36
 Ο ελληνισμός της δυτικής Μικράς Ασίας και του Πόντου
 Ο ελληνισμός της δυτικής Μικράς Ασίας Γύρω στα μέσα του 19ου αιώνα, οι μεταρρυθμίσεις του Χάτι Χουμαγιούν
 (1856, βλ. ενότητα 19) και οι θετικές οικονομικές προοπτικές που υπήρχαν στη Μικρά Ασία έκαναν πολλούς Έλληνες, τόσο
 από την Ελλάδα όσο και από διάφορες άλλες περιοχές του οθωμανικού κράτους, να μεταναστεύσουν σε αυτή την ιστορική για τον ελληνισμό περιοχή.
 Αν και οι μουσουλμανικοί πληθυσμοί αποτελούσαν τη μεγάλη πλειονότητα, οι ελληνορθόδοξες κοινότητες, εύπορες
 και καλά οργανωμένες, είχαν έντονη ―και συχνά πρωταγωνιστική― παρουσία. Εκπροσωπούνταν στις οθωμανικές αρχές
 από τους επικεφαλής τους, προκρίτους και αρχιερείς. Οι Έλληνες αποτελούσαν την πλειονότητα μόνο στην πόλη της
 Σμύρνης (περίπου 400.000 το 1912), ενώ διέθεταν σημαντική παρουσία, χωρίς να έχουν πληθυσμιακή υπεροχή, και σε
 ορισμένες άλλες πόλεις (Κυδωνίες-Αϊβαλί, Αϊδίνι, Προύσα).
 Οι Έλληνες ασχολούνταν κυρίως με το εμπόριο. Στη Σμύρνη, εμπορική πύλη για ολόκληρη την Ανατολή, δραστηριοποιούνταν πολλές ελληνικές επιχειρήσεις (εμπορικοί οίκοι, ναυτιλιακές εταιρείες, τράπεζες). Παράλληλα, λειτουργούσαν
 πολλά ελληνικά σχολεία (Ευαγγελική Σχολή, Κεντρικό Παρθεναγωγείο, Ομήρειο) και πολιτιστικοί σύλλογοι, ενώ υπήρχαν
 και αρκετά τυπογραφεία όπου εκδίδονταν ελληνικά βιβλία και εφημερίδες.
 Ο ελληνισμός του Πόντου Οι Έλληνες του Πόντου ζούσαν οργανωμένοι σε ακμάζουσες ελληνορθόδοξες κοινότητες.
 Ασχολούνταν κυρίως με την αγροτική οικονομία και το εμπόριο. Μεγάλα εμπορικά κέντρα ήταν η Τραπεζούντα, η Κερασούντα και η Σαμψούντα. Το ονομαστό «Φροντιστήριον» της Τραπεζούντας, που είχε ιδρυθεί στα τέλη του 17ου αιώνα,
 υπήρξε το κέντρο της ελληνικής παιδείας στην περιοχή.
 1. Ο ελληνισμός του Πόντου
 στις αρχές του 20ού αιώνα
",history,12,8,7.66309184502127,0.054268933406015,6,6.067041435998562,0.0206527626187351,4,3.9399138884603246,0.0182459038898911,5,5.230271500844651,0.0591895669469528,3,3.332482111217132,0.0543698976079209,3,3.03308766249404,0.0116704726319333,8,7.81945684459788,0.0402541937238346,7.320818283435187,7,6.985598068962645,0.0058719946277893,7.997811661793094,3.0,16.6,54.92664092664093,0.001074734
550,550,292,293,"Συνδέστε με μια γραμμή τις λέξεις που σχετίζονται μεταξύ τους.
 Χριστός
 Παύλος
 Πέτρος
 Τετραρχία
 Νέα Ρώμη
 Λικίνιος
 Μεδιόλανα
 Αντιόχεια
 Εκκλησία
",history,10,8,7.765028648065709,0.0470843784265797,8,7.269452365115285,0.0523021513272556,2,1.99988817684734,0.0001104922115947,7,6.992534943411556,0.0027119949569017,3,3.1422212864272296,0.0396722447561412,3,2.9816138107798906,0.0090757586951936,8,7.999266714582063,0.0004496120450302,7.015904518927471,7,7.000184321085371,0.0002128279398371,7.998366162768789,0.1,12.3,48.595238095238095,0.000892831
551,551,111,112,"επρόκειτο να μείνει στην ιστορία
 ως διαχρονικό δείγμα απαράμιλλης
 γενναιότητας. Οι προσπάθειες
 των Περσών να καταβάλουν την
 αντίσταση των Ελλήνων απέτυχαν.
 Από τη δύσκολη θέση έβγαλε τους
 Πέρσες ο Εφιάλτης, κάτοικος της
 περιοχής, ο οποίος τους οδήγησε
 από ένα μονοπάτι στα νώτα των
 Ελλήνων. Πριν ολοκληρωθεί
 η κύκλωση, ο Λεωνίδας έδωσε
 εντολή στους συμπολεμιστές του
 να αποχωρήσουν. Έμειναν με
 τη θέλησή τους 700 Θεσπιείς
 που έπεσαν μαζί με τους 300
 Σπαρτιάτες.
",history,10,8,7.795429988860661,0.0412690002623709,8,7.59998319245642,0.0591993407641658,3,3.164516429946275,0.0359058238816723,5,5.595931898542403,0.0824929796997146,4,4.7138023788247665,0.0859236278326456,4,3.726912655384467,0.0545596542109625,8,7.8404146141347155,0.0321431316083831,7.025950712161034,7,6.994745111175565,0.0026219586915407,7.999073848884109,1.7,11.6,47.44556962025317,0.001010598
552,552,149,150,"Η αρμονική ανάπτυξη του σώματος και του πνεύματος είχε τεθεί ως υπέρτατος παιδευτικός
 στόχος από την αθηναϊκή Πολιτεία. Η ανάπτυξη του καλού γούστου, της ευπρέπειας, της
 κοινωνικότητας και της οξυδερκούς πολιτικής σκέψης ήταν επίσης παραπληρωματικοί στόχοι
 των εκπαιδευτικών επιδιώξεων. Η μουσική κατέχει δεσπόζουσα θέση σ’ αυτή τη μαθησιακή
 διαδικασία. Ο παιδαγωγός, συνήθως ένας μορφωμένος δούλος, βοηθά στο σπίτι το αγόρι
 στην εκμάθηση των μαθημάτων του και το συνοδεύει στο σχολείο του. Εκεί ο γραμματιστής
 τού διδάσκει γραφή, ανάγνωση και την κατανόηση των ομηρικών επών. Ο κιθαριστής
 διδάσκει στο παιδί μουσική και ο παιδοτρίβης το εκγυμνάζει. Αργότερα, στην εφηβική
 ηλικία, τα παιδιά των πλούσιων Αθηναίων, που επεδίωκαν μια υψηλή σταδιοδρομία στον
 πολιτικό τομέα, διδάσκονταν από τους σοφιστές τη ρητορική, την τέχνη της ορθής έκφρασης
 και της ικανότητας να πείθεις τον δήμο. Οι σοφιστές ήταν μορφωμένοι άνθρωποι, οι οποίοι
 είχαν συρρεύσει στην Αθήνα απ’ όλα τα μέρη της Ελλάδας, ακόμα και από τις αποικίες, και
 δίδασκαν στους νέους τη ρητορική με αδρή αμοιβή.
 Όμως, τον νέο, και ιδιαίτερα τον έφηβο, τον βοηθούσε στη διανοητική και αισθητική
 του ανάπτυξη η όλη πνευματική ατμόσφαιρα που κυριαρχούσε στην Αθήνα. «Ἑλλάδος
 παίδευσιν» ονομάζει την πόλη ο Θουκυδίδης και αυτή ήταν η πραγματικότητα. Πνευματικό
 και καλλιτεχνικό κέντρο του ελληνισμού η Αθήνα, παρείχε κάθε δυνατότητα στους νέους
",history,10,8,7.984107966535589,0.0066181905116663,7,7.07127259092249,0.0236940878304124,4,3.9992914405821693,0.0004714891203509,7,6.992123384045044,0.0034390440668774,5,4.722754713438917,0.0804952535816397,3,3.0014986542223596,0.0009066721683557,8,7.991177822345016,0.004101244414182,7.0420807218552,7,6.99992221542081,0.0002734447820502,7.998963698979196,3.6,14.9,54.31818181818181,0.001133596
553,553,35,36,"Ρήγας, γιος εμπόρου, γεννήθηκε το 1757 στο Βελεστίνο της Θεσσαλίας, το οποίο στην
 αρχαιότητα ονομαζόταν Φερές. Νεαρός ακόμη, μπήκε στην υπηρεσία των Φαναριωτών στην Κωνσταντινούπολη και έπειτα μετανάστευσε στο Βουκουρέστι, ως γραμματέας του
 ηγεμόνα της Βλαχίας. Εκεί επηρεάστηκε απο τις ευρωπαϊκές ριζοσπαστικές ιδέες, κάνοντας
 κύριο στόχο του την απελευθέρωση της πατρίδας. Το 1790 ταξίδεψε στη Βιέννη.
 Το συγγραφικό και εκδοτικό του έργο είναι μεγάλο. Ο Ρήγας εξέδωσε γαλλικά μυθιστορήματα μεταφρασμένα στη δημοτική γλώσσα, ένα βιβλίο Φυσικής για σχολική χρήση,
 έναν τεράστιο χάρτη της Ελλάδας, την περίφημη «Χάρτα της Ελλάδος», μια εικόνα του Μεγάλου Αλεξάνδρου και πολλά άλλα. Ο Θούριος ήταν ένας φλογερός επαναστατικός ύμνος
 που συγκίνησε πολλούς νέους της εποχής και έγινε σύμβολο του αγώνα για την ελευθερία.
 Ο Ρήγας Βελεστινλής οραματιζόταν τη συνεργασία των υπόδουλων βαλκανικών λαών
 για την απελευθέρωσή τους από τον οθωμανικό ζυγό και τη δημιουργία ενός ευνομούμενου
 δημοκρατικού κράτους, όπου θα κυριαρχούσε η ελληνική γλώσσα και παιδεία. Ωστόσο, η
 δράση του έγινε γρήγορα γνωστή και προκάλεσε την αντίδραση της Αυστρίας, η οποία τότε
 διατηρούσε καλές σχέσεις με την Οθωμανική Αυτοκρατορία. Οι Αυστριακοί συνέλαβαν τον
 Ρήγα και συνεργάτες του το Δεκέμβριο του 1797. Λίγους μήνες αργότερα τον παρέδωσαν
 μαζί με επτά συντρόφους του στους Τούρκους, οι οποίοι τους θανάτωσαν και τους έριξαν
 στον ποταμό Δούναβη.
 Ο Αδαμάντιος Κοραής καταγόταν από πλούσια οικογένεια της Χίου, αλλά γεννήθηκε
 στη Σμύρνη το 1748. Φοίτησε αρχικά στην Ευαγγελική Σχολή της Σμύρνης, ενώ αργότερα
 εγκαταστάθηκε μόνιμα στη Γαλλία, όπου σπούδασε ιατρική. Εκεί γνώρισε από κοντά τη
 Γαλλική Επανάσταση και τις φιλελεύθερες ιδέες της. Ασχολήθηκε κυρίως με την αναγραφή,
 την επιμέλεια και τη δημοσίευση των χειρογράφων αρχαίων Ελλήνων συγγραφέων.
 Ο Κοραής πίστευε ότι για να ελευθερωθεί το ελληνικό έθνος, έπρεπε πρώτα να φωτιστεί
 διαμέσου της παιδείας, με κατάλληλη όμως μέθοδο διδασκαλίας και χρησιμοποιώντας μια
 νέα ελληνική γλώσσα, με απλούστερη μορφή από την αρχαία. Η απήχησή του ήταν μεγάλη
 και πολλοί δάσκαλοι ζητούσαν τις συμβουλές του. Γνωστές είναι επίσης οι θεωρίες του για
 τη γλώσσα. Ο Κοραής πρότεινε τη χρήση μιας γλώσσας που θα είχε ως βάση της την καθομιλουμένη γλώσσα της εποχής, από την οποία όμως θα είχαν αφαιρεθεί οι ξένες λέξεις
 καθώς και οι διάφορες ιδιωματικές εκφράσεις.
",history,6,7,7.374418837459073,0.0671401364742699,7,6.834922211629873,0.0438023191190951,4,3.984095691498851,0.0065588440084222,5,5.3916986180593085,0.0744485394068822,4,4.434671032901633,0.065942494458887,3,3.000145477926708,0.0001369248218507,7,6.832963499431884,0.0654477488094131,7.9975219934713095,7,6.655724098667974,0.0598061789823528,7.997813161916383,3.5,14.7,51.85189103411796,0.001064893
554,554,114,115,"παράθεμα 4 Ο ιερός λόχος στα νεότερα χρόνια
 Ο Αλέξανδρος Υψηλάντης* δημιούργησε ιερό λόχο, παρόμοιο με
 αυτόν της αρχαίας Θήβας, τον Μάρτιο του 1821 στην πόλη Φωξάνη της Μολδαβίας. Τον αποτελούσαν 450 εθελοντές σπουδαστές
 ελληνικής καταγωγής. Οι ιερολοχίτες έδειξαν μοναδικό θάρρος
 και μεγάλη γενναιότητα στη μάχη στο Δραγατσάνι, όπου πολλοί
 από αυτούς έπεσαν νεκροί.
 Ιερός λόχος ιδρύθηκε επίσης το 1942 στη διάρκεια του Β~ Παγκόσμιου πολέμου από Έλληνες αξιωματικούς και στρατιώτες και
 πολέμησε εναντίον των Γερμανών.
 * Έλληνας αξιωματικός του ρωσικού στρατού που ανέλαβε την
 προετοιμασία της ελληνικής επανάστασης και αγωνίστηκε εναντίον των Τούρκων στη Μολδοβλαχία ( σημερινή Ρουμανία).
",history,4,6,6.01656118760155,0.0067941413585747,6,6.012315765532454,0.0055603441170542,3,3.037327077332577,0.0127978300364393,5,4.971536813715261,0.0388941110578268,3,3.0726779873120904,0.0245492417930185,3,3.0000777363738678,0.0001173778324661,6,6.000574873295591,0.0003942317425716,7.974041366328493,7,6.131296304467924,0.0874322323145792,7.997736580924773,3.8,16.9,60.33211009174312,0.001115586
555,555,115,116,"2. Η λαϊκή υποστήριξη προς τον Στρατιωτικό Σύνδεσμο
 Πλέον των εβδομήκοντα χιλιάδων πολιτών πάσης τάξεως
 και πάσης ηλικίας συνεκεντρώθησαν από της 2ας μεταμεσημβρινής εις τον ευρύτατον χώρον του Πολυγώνου [...]. Προ της
 εκκινήσεως εκ του Πεδίου του Άρεως ο Πρόεδρος των Συντεχνιών Παπαφώτης [...] ανέγνωσε το ψήφισμα του συλλαλητηρίου, διά του οποίου, αφού ενεκρίνετο η εξέγερσις του Στρατού
 και του Στόλου, συνιστάτο εις την Κυβέρνησιν, όπως υποβάλη
 τάχιστα εις την Βουλήν σύστημα νομοθεσίας καταδικάζον την
 συναλλαγήν και μέλλον να οδηγήση εις την ανόρθωσιν της διοικήσεως.
 Εφημερίδα Χρόνος, 15 Σεπτεμβρίου 1909.
 Πηγή: Ιστορία του ελληνικού έθνους, Εκδοτική Αθηνών, τόμ.
 ΙΔ´, σ. 262.
",history,12,8,7.999350690932715,0.0005317741682136,8,7.967019154697084,0.0117965414720774,4,3.9976022806295077,0.0014531443813072,7,6.999715289551929,0.0002390194261306,4,4.707279422036663,0.0875217378884695,3,3.0017037033321685,0.0010101457122742,8,7.999222794955131,0.001866056149546,7.000422164841439,7,7.004589926695466,0.0023790370639518,7.999600242949924,3.9,16.3,47.75644028103044,0.000739137
556,556,27,28,"Πάπυρος Αναστασίου, IV, Νέο Βασίλειο_ Βασιλεία του Σέθι (Μετ. από το γαλλικό Β.Σ.)
 • Σημειώστε όλες τις εκφράσεις που αναφέρονται σε ιδιότητες του Φαραώ.
 • Ποιος είναι ο πατέρας του Φαραώ;
 Στα ορυχεία της ερήμου εργάζονται κυρίως αιχμάλωτοι πολέμου.
 Η θρησκεία των Αιγυπτίων είναι πολυθεϊστική. Οι κυριότεροι από τους θεούς
 είναι ο Άμον Ρα, θεός του ήλιου, ο Όσιρις,
 θεός του ήλιου και της βλάστησης, και η Ίσις,
 θεά της γονιμότητας. Οι ναοί θεωρούνται
 οίκοι του θεού και οι ιερείς τελούν τα λατρευτικά
 τους καθήκοντα στο όνομα του Φαραώ. Οι
 Αιγύπτιοι πιστεύουν στη μετά θάνατον ζωή, γι’
 αυτό φροντίζουν να ταριχεύουν τους νεκρούς
 (μούμιες).
 Οι Αιγύπτιοι χρησιμοποιούν ένα είδος γραφής,
 τα ιερογλυφικά. Γράφουν επάνω σε παπύρους,
 αλλά και οι τοίχοι των μνημείων είναι γεμάτοι από
 ιερογλυφικά κείμενα.
",history,10,6,6.447519135217704,0.0577288838450078,7,7.081737323146172,0.0401993751496226,3,3.004609365612243,0.0023609878700993,4,4.5265449541129215,0.0619942647891543,4,4.288140041586303,0.0754360443521848,3,3.0602294167183572,0.0183214152433716,7,6.872081939930467,0.0564660032749658,7.995926046199543,7,6.9297392172795185,0.0206441854001035,7.998658369489931,1.1,10.2,42.49019607843137,0.000903325
557,557,67,68,"Οι Έλληνες, επειδή το φοινικικό αλφάβητο είχε πολλά σύμφωνα, πήραν μερικά
 από αυτά και τα μετέτρεψαν σε φωνήεντα. Με το σύστημα αυτό συντελείται μια
 σημαντική πρόοδος γιατί για πρώτη φορά, στη
 γραφή, οι ήχοι μεταδίδονται με φωνήεντα και
 σύμφωνα. Αυτή η απλοποίηση δημιούργησε τις
 προϋποθέσεις, ώστε η γραφή να γίνει κτήμα
 περισσότερων ανθρώπων και όχι μόνο λίγων
 γραφέων. Τώρα αρκετοί άνθρωποι αποκτούν
 τη δυνατότητα να διαβάζουν και να γράφουν,
 να συμμετέχουν γενικότερα στη γνώση και στον
 πολιτισμό. Από το ελληνικό αλφάβητο γεννήθηκε
 Γεωμετρική
 το λατινικό.
 αντρική μορφή
 Η τέχνη που δημιουργήθηκε από τον 11ο έως
 που κρατούσε και τον 8ο αιώνα π.Χ. ονομάζεται γεωμετρική
 δόρυ στο δεξί
 από τα γεωμετρικά κοσμήματα στα πήλινα αγγεία.
 και χαλινάρια
 Γεωμετρικές είναι, επίσης, και οι μορφές των
 αλόγου στο
 αριστερό χέρι. ανθρώπων και των ζώων, είτε είναι ζωγραφισμέΑπό την
 νες επάνω σε αγγεία είτε είναι πήλινα ή χάλκινα
 Ολυμπία.
 ειδώλια.
 Η γεωμετρική τέχνη δεν εμφανίζεται ξαφνικά στα κέντρα της
",history,10,8,7.705053193605657,0.0489579359030578,8,7.9050517084614995,0.0255618418037706,4,3.754916903280673,0.0447210579371207,7,6.994795273747513,0.0024425260419099,4,3.893250849609103,0.0503611152635741,3,3.2689668303373765,0.0467726884280914,7,7.267251320692544,0.055806524291985,7.957894804125317,7,6.998492225699238,0.0009010162207983,7.9696289380081,2.3,11.9,45.05194805194805,0.000939498
558,558,239,240,"ΕΝΟΤΗΤΑ 59
 Οι κυριότεροι σταθμοί στις προσπάθειες ενοποίησης της Ευρώπης
 (1951-2001)
 Οι πρώτες σκέψεις για ενοποίηση της Ευρώπης έγιναν τον 19ο αιώνα. Τότε, μάλιστα, οι ΗΠΑ θεωρήθηκαν από κάποιους
 Ευρωπαίους ηγέτες το επιτυχημένο πρότυπο που θα έπρεπε να ακολουθηθεί. Όμως τον 19ο αιώνα οι ιδέες για εθνική
 ανεξαρτησία ήταν πολύ πιο ισχυρές από τις ιδέες για υπερεθνική ενότητα.
 Παράγοντες που οδήγησαν στην ευρωπαϊκή ενοποίηση Το θέμα άρχισε να συζητείται συστηματικά κυρίως μετά τον
 Β´ Παγκόσμιο πόλεμο. Καθοριστικό ρόλο γι’ αυτό έπαιξαν οι καταστροφές που είχαν υποστεί σχεδόν όλες οι ευρωπαϊκές
 χώρες και κατ’ επέκταση η ανάγκη κοινής
 προσπάθειας, η απώλεια των αποικιών που
 στερούσε την Ευρώπη από σημαντικούς οικονομικούς πόρους και η ανάδυση δύο υπερδυνάμεων, των ΗΠΑ και της Σοβιετικής Ένωσης,
 που έλεγχαν πλέον τις διεθνείς εξελίξεις. Τα
 δεδομένα αυτά έκαναν αναγκαία την αποφυγή νέων πολέμων, αλλά και τη συνεργασία μεταξύ των ευρωπαϊκών χωρών. Επιπλέον, η ευρωπαϊκή ενοποίηση ήταν μια διαδικασία που
 1. Η υπογραφή της συνθήκης της Ρώμης, 25 Μαρτίου 1957.
 ενισχυόταν και από τις ΗΠΑ, οι οποίες έβλεπαν σε μια ισχυρή και ενωμένη Ευρώπη ένα
 αποτελεσματικό εμπόδιο στην επέκταση της
 1. Η συνθήκη ίδρυσης της Ευρωπαϊκής Οικονομικής Κοινότητας (1957)
 Άρθρο 1. Με την παρούσα συνθήκη, τα ανωτέρω συμβαλλόμενα μέρη θεσπίσοβιετικής επιρροής στην ευρωπαϊκή ήπειρο.
 ζουν μεταξύ τους μια ΕΥΡΩΠΑΪΚΗ ΚΟΙΝΟΤΗΤΑ.
 Τα πρώτα βήματα Το πρώτο βήμα έγινε το
 Άρθρο 2. Η Κοινότητα θα έχει ως στόχο της, με την καθιέρωση μιας κοινής
 1949 με την ίδρυση του Συμβουλίου της Ευαγοράς και μιας οικονομικής και νομισματικής ένωσης και με την εφαρμογή
 ρώπης. Στις 9 Μαΐου 1950 ο Ρομπέρ Σουμάν,
 κοινών πολιτικών [...], να προωθήσει σε όλη την Κοινότητα μια αρμονική και
 υπουργός Εξωτερικών της Γαλλίας, παρουισορροπημένη ανάπτυξη των οικονομικών δραστηριοτήτων, της βιώσιμης και
 σίασε ένα σχέδιο στενότερης συνεργασίας.
",history,12,8,7.936734485114925,0.0179407018489113,7,6.818622013650327,0.0395044122323084,4,3.9986755513452863,0.0008119427685709,7,6.862093423917031,0.0280608158880109,4,4.644503806984773,0.0780959298340629,3,3.0474278724195756,0.0153342528698837,8,7.415902693745416,0.0728006604228599,7.245079902897032,7,6.999191575989698,0.0005232139637181,7.999373426965974,3.2,13.9,52.0,0.001097807
559,559,148,149,"Ματιά στο παρελθόν
 Η περίοδος από τον τερματισμό
 του Β΄ Παγκοσμίου Πολέμου και
 έως τα τέλη της δεκαετίας του
 1980 χαρακτηρίζεται με τον όρο
 «Ψυχρός Πόλεμος». Ήταν η εποχή που οι δύο αντίπαλοι συνασπισμοί, με επικεφαλής τις ΗΠΑ
 και την ΕΣΣΔ αντίστοιχα, καθόρισαν τις παγκόσμιες εξελίξεις. Ωστόσο, η κατάσταση
 σήμερα έχει διαφοροποιηθεί. Η κατάρρευση των παραπάνω συνασπισμών, με συμβολικό δείγμα την πτώση του Τείχους του Βερολίνου (βλ. φωτ. επάνω), δημιούργησε νέα δεδομένα. Μέσα στο σύγχρονο κόσμο ο ρόλος της Ευρώπης γίνεται και πάλι ρυθμιστικός.
 Με βασικό σύνθημα «Ενότητα στην Πολυμορφία», η Ευρωπαϊκή Ένωση οικοδομείται προοδευτικά βασισμένη
 στις αξίες και τα ιδανικά των επιμέρους πολιτισμών της. Πληροφορίες για τη λειτουργία και τη δράση της Ευρωπαϊκής Ένωσης μπορείτε να βρείτε στην ιστοσελίδα http://ec.europa.eu/index_el.htm
",history,6,6,6.303352957468235,0.051078456967558,6,5.917412462868924,0.0539972385185121,4,3.867036416678843,0.0314783014365462,5,5.0053366109171975,0.0449938967728674,4,3.984889223285279,0.0233696373046519,3,3.015902147331076,0.0065643651142768,6,6.002604518046354,0.0014466983047491,7.9840927155513555,7,6.800631908387402,0.0423785343310068,7.99916763895817,2.1,14.0,47.58156028368794,0.000896856
560,560,126,127,"ΕΝΟΤΗΤΑ 32
 Η Ελλάδα στον Α´ Παγκόσμιο πόλεμο – Ο Εθνικός Διχασμός
 Ο Α´ Παγκόσμιος πόλεμος δίχασε την ελληνική ηγεσία και κοινωνία.
 Η θέση του Βενιζέλου Ο πρωθυπουργός Ελευθέριος Βενιζέλος, που θεωρούσε ότι οι Αγγλογάλλοι θα επικρατούσαν,
 έκρινε ότι η Ελλάδα θα έπρεπε να συμμαχήσει με
 την Αντάντ για να διαφυλάξει τα κέρδη της από
 1. Ο Ελευθέριος Βενιζέλος υποστηρίζει τη συμμαχία
 τους βαλκανικούς πολέμους αλλά και να διευρύνει
 της Ελλάδας με την Αντάντ
 τα σύνορά της. Η θέση αυτή υποστηριζόταν από μεΜέχρι σήμερον η πολιτική ημών συνίστατο εις διατήρησιν της ουγάλα τμήματα των λαϊκών τάξεων, που εμπνέονταν
 δετερότητος [...]. Αλλ’ ήδη καλούμεθα να μετάσχωμεν του πολέμου [...]
 από τη Μεγάλη Ιδέα, αλλά και από τη μεγαλοαστική
 επ’ ανταλλάγμασι, τα οποία πραγματοποιούμενα θα δημιουργήσωσι
 τάξη, ιδίως της Διασποράς, που προσδοκούσε να
 μιαν Ελλάδα μεγάλην και ισχυράν, τοιαύτην οποίαν ουδ’ οι μάλλον αιενταχθεί σε μια μεγάλη και ισχυρή Ελλάδα.
 σιόδοξοι ηδύναντο να φαντασθώσι καν προ ολίγων ακόμη ετών. […].
 Η θέση του Κωνσταντίνου Ο βασιλιάς ΚωνΕ. Βενιζέλος, Υπόμνημα προς τον βασιλιά Κωνσταντίνο, 11 Ιανουαρίου
 σταντίνος ήθελε την Ελλάδα σύμμαχο των Κε1915.
 ντρικών Δυνάμεων. Επειδή, όμως, η Οθωμανική αυΠηγή: Βίβλος Ελευθερίου Βενιζέλου, Αθήνα 1964.
 τοκρατορία και η Βουλγαρία είχαν ήδη ταχθεί
 στο πλευρό της Γερμανίας, ο βασιλιάς υποστήριζε, σε συνεννόηση με τον Γερμανό αυτοκράτορα,
 2. Η κωνσταντινική «ουδετερότητα»
 τη «διαρκή ουδετερότητα» με το επιχείρημα ότι
 Η [...] πολιτική της ουδετερότητας την οποία σταθερά πρόβαλλε
 έτσι η Ελλάδα θα προστατευόταν από τον πόλε[ενν. ο Κωνσταντίνος] μέχρι την αποπομπή του από τις δυνάμεις της
 μο. Ήταν η πιο φιλική προς τη Γερμανία πολιτική
",history,12,8,7.999942720537518,0.0001562368011437,8,8.050992208694787,0.0172326182281518,4,3.999991876022989,1.0119017206924864e-05,7,6.997357553380198,0.0014614567029278,6,5.956730403959227,0.0290646783359215,5,4.865213606649348,0.0321420618492514,8,7.99336018594807,0.0031996349048495,7.015901023888546,7,6.999369213118371,0.0004285425241771,7.9997688229525465,2.8,13.6,51.95414683036833,0.000998559
561,561,94,95,"Ματιά στο παρελθόν
 Ύμνος εις την Ελευθερία
 Ο «Ύμνος εις την Ελευθερίαν» γράφηκε από τον ποιητή Διονύσιο Σολωμό το 1823, στη Ζάκυνθο. Αποτελείται
 από 159 τετράστιχες στροφές και μελοποιήθηκε το 1828 από τον Νικόλαο Μάντζαρο. Το 1864 οι δύο πρώτες
 στροφές του καθιερώθηκαν ως ο εθνικός ύμνος της Ελλάδας από τον βασιλιά Γεώργιο τον Α΄:
 «Σε γνωρίζω από την κόψη
 του σπαθιού την τρομερή,
 σε γνωρίζω από την όψη
 που με βια μετράει τη γη.
 Απ’ τα κόκαλα βγαλμένη
 των Ελλήνων τα ιερά,
 και σαν πρώτα ανδρειωμένη,
 χαίρε, ω χαίρε, Ελευθεριά!».
",history,6,6,6.439475293614606,0.0556855768937694,4,4.886869716727233,0.0609230123023353,3,3.00247246797802,0.0013906434946276,5,5.147845623929243,0.0669012523198696,3,2.9524462665949613,0.0386595131195451,3,3.0533033115966646,0.0168259003533201,6,6.1331127387529705,0.0318645012355023,7.946595072243753,7,6.961133770891024,0.0111032262710097,7.997940490250663,5.1,12.8,52.0,0.001196447
562,562,79,80,"ον Απρίλιο του 1825 ο Κιουταχής, ξεκινώντας με πολυάριθμο στρατό από τη Λάρισα και
 υποτάσσοντας στο πέρασμά του πολλές περιοχές της Στερεάς, έφτασε στο Μεσολόγγι
 και το πολιόρκησε. Η κατάληψή του είχε μεγάλη στρατηγική σημασία, καθώς από εκεί περνούσε ο ένας από τους δύο δρόμους που οδηγούσαν στην Πελοπόννησο.
 Το Μεσολόγγι βρισκόταν σε μια θέση με πολλά φυσικά πλεονεκτήματα. Το μεγαλύτερο
 μέρος της πόλης περιβαλλόταν από ρηχή λιμνοθάλασσα, ενώ το υπόλοιπο τμήμα της προστατευόταν με τάφρους και τείχος. Το Μεσολόγγι είχε επιλέξει ως έδρα του ο Φαναριώτης
 Αλέξανδρος Μαυροκορδάτος, προσκαλώντας εκεί τον Άγγλο ποιητή λόρδο Μπάιρον και
 άλλους Φιλέλληνες. Στην πόλη λειτουργούσε Νοσοκομείο, πλήρες μηχανουργείο για την
 κατασκευή πολεμικού υλικού και τυπογραφείο που εξέδιδε δύο εφημερίδες. Εκεί επίσης
 είχαν καταφύγει πολλοί πρόσφυγες από τις γύρω περιοχές καθώς και αρκετοί ένοπλοι, κυρίως Σουλιώτες.
 Η πολιορκία του Μεσολογγίου κράτησε σχεδόν ένα χρόνο. Τον πρώτο καιρό οι πολιορκημένοι απέκρουσαν με επιτυχία τους Τούρκους, ενώ ο Μιαούλης τους εφοδίαζε με
 τρόφιμα και πολεμοφόδια σπάζοντας τον τουρκικό αποκλεισμό από τη θάλασσα. Οι πολιορκημένοι αγωνιστές μάλιστα, με τη στήριξη του Καραϊσκάκη και άλλων οπλαρχηγών της
 Ανατολικής Στερεάς, επιτέθηκαν συντονισμένα στον στρατό του Κιουταχή, που αναγκάστηκε να υποχωρήσει.
 Τον Δεκέμβριο του 1825 ο Ιμπραήμ έφτασε στο Μεσολόγγι για να ενισχύσει τα οθωμανικά στρατεύματα και ανέλαβε την αρχηγία της πολιορκίας. Η πολιορκία οργανώθηκε
 καλύτερα και ο αποκλεισμός της πόλης έγινε πιο στενός.
 Χωρίς οργάνωση και οικονομικούς πόρους, οι ελληνικές δυνάμεις αδυνατούσαν να
 κινηθούν από ξηράς εναντίον των πολιορκητών, ενώ τα ελληνικά καράβια που επιχείρησαν
 να πλησιάσουν, απέτυχαν παρά τις προσπάθειές τους. Οι πολιορκημένοι, εξαντλημένοι από
 τις μάχες, τις ασθένειες και την έλλειψη τροφής και πολεμοφοδίων, αποφάσισαν να εγκαταλείψουν την πόλη με μυστική βραδινή έξοδο.
 Η έξοδος έγινε τη νύχτα της 10ης Απριλίου του 1826, ξημερώνοντας Κυριακή των
 Βαΐων. Χωρισμένοι σε τρεις ομάδες, οι ένοπλοι θα προστάτευαν ανάμεσά τους τα γυναικόπαιδα, ενώ όσοι δεν μπορούσαν να ακολουθήσουν, θ’ αντιστέκονταν μέσα στην πόλη ανατινάζοντας πυριτιδαποθήκες. Καθώς όμως οι πολιορκητές επαγρυπνούσαν, μόνο ένα μέρος
 της φρουράς κατόρθωσε να διαφύγει, ενώ οι περισσότεροι άμαχοι επάνω στη σύγχυση οπισθοχώρησαν στο Μεσολόγγι, χάνοντας τη ζωή τους. Η πόλη κυριεύθηκε και καταστράφηκε
 ολοσχερώς. Τα γυναικόπαιδα που αιχμαλωτίστηκαν, πουλήθηκαν ως σκλάβοι.
 Η αντίσταση και η πτώση του Μεσολογγίου διαδόθηκαν στην Ευρώπη μέσα από έργα
 Ελλήνων και ξένων καλλιτεχνών. Ένας από αυτούς, ο εθνικός μας ποιητής Διονύσιος Σολωμός από τη Ζάκυνθο, έγραψε το έργο «Ελεύθεροι Πολιορκημένοι».
",history,6,8,7.776211908604672,0.042995854752767,7,6.9298703413059,0.0242368697333388,4,3.9902986674073873,0.0043963510520801,6,5.738620597314792,0.0516861519503293,4,3.780627816093329,0.0585472806923898,4,3.622479783573155,0.0532423188326773,8,7.90320865294052,0.0262580420040181,7.622455858105354,7,6.837675313878677,0.0375098762460516,7.994777151314793,3.4,15.9,55.95238095238095,0.001148102
563,563,15,16,"B Οι πηγές αφηγούνται...
 1. Φανταστικός διάλογος ανάμεσα στην Πατρίδα και τους κατοίκους του Ρεθύμνου,
 οι οποίοι την εγκαταλείπουν μετά την κατάληψη της από τους Οθωμανούς
 «- Επειδή και θα μισεύσετε* και να με αρνηθήτε,
 αμέτε* όλοι στο καλό, και μη μου θυμηθήτε.
 - Πώς είναι δυνατόν ποτέ να μην σου θυμηθούμεν,
 σε ξενιτιά που πάμενε, και πράγμα δεν βαστούμεν;
 - Που θενά σταματήσετε, που νάν’ η κατοικιά σας,
 τάχα ναυρήτ’ ανάπαυσιν ογιά παρηγοριά σας;
 - Έχομεν τας εικόνας μας για να τση προσκυνούμεν,
 να πολεμούμεν τση εχθρούς πάντα να τση νικούμεν».
 Κωνσταντίνου Ν. Σάθα, Τουρκοκρατούμενη Ελλάς. Ιστορικόν Δοκίμιον περί των προς αποτίναξιν του Οθωμανικού
 ζυγού Επαναστάσεων του ελληνικού έθνους (1453-1821), Αθήνα 1869, σ. 243.
 * θα μισεύσετε = θα ξενιτευτείτε
 * αμέτε = πηγαίνετε
",history,6,8,8.00272726575313,0.001523214801038,8,7.991736000025412,0.0149058023716162,4,3.9995970468298765,0.0004085831850516,7,6.999071507970527,0.0006031893777814,4,5.270419865846634,0.1198867236602422,3,3.1898530980777196,0.0459136311609127,8,8.00427135935388,0.0022274359511515,7.000064935231421,7,6.99997557716506,0.0001440442655637,7.9975387938611675,3.8,14.8,46.01382488479263,0.000963307
564,564,40,41,"κες, η Λασκαρίνα Μπουμπουλίνα και η Μαντώ Μαυρογένους.
 Η φάση των επιτυχιών (1821-1824) Αρχικά, οι επαναστάτες περιόρισαν τους Τούρκους στα κατά τόπους φρούρια. Παράλληλα, καταλήφθηκαν από τους Έλληνες πόλεις της Πελοποννήσου, όπως η Καλαμάτα και η Πάτρα. Οι οθωμανικές αρχές απάντησαν με σκληρά αντίποινα σε βάρος Ελλήνων αμάχων στην Κωνσταντινούπολη, στη Σμύρνη, στη Θράκη, στην
 1. Οι απαρχές της ελληνικής επανάστασης
 Oι περισσότεροι από αυτούς [ενν. τους Έλληνες] στην αρχή της επανάστασης ήσαν
 χωρίς άρματα [...] και αι σημαίαι των περισσοτέρων ήσαν τσεμπέρες των γυναικών των.
 Ερωτούσαν οι απλοί Έλληνες τότε ο ένας τον άλλον διά τι εμαζώχθησαν εδώ και τι θα
 κάμωμεν. […] Oι Έλληνες εις την αρχήν της επαναστάσεως αυτομάτως εσυναθροίζοντο
 εις τα στρατόπεδα [...]. Έπειτα όμως ο Κολοκοτρώνης επρολάμβανε και τους εσυνάθροιζε διά διαταγής αυτού, ή της κυβερνήσεως, και δεν τους άφηνε να συνέρχωνται αυτομάτως, διότι εφοβείτο την ραδιουργίαν και την λιποταξίαν και ήθελε να τους έχη όλους
 υπό επιτήρησιν.
 2. Ο Θεόδωρος Κολοκοτρώνης, ο θρυλικός
 «γέρος του Μοριά», ηγετική φυσιογνωμία
 της επανάστασης του 1821.
",history,12,8,7.730459256724736,0.0470046227379308,7,7.498385251306274,0.0563068221588767,3,3.015906710726476,0.0065569809044309,,,2.0900599113625003e-11,,,0.015333514568559,3,3.0084385325933454,0.0040769169667225,7,6.864147829656702,0.0442963420230258,7.994774722789316,6,5.78686293048446,0.0489724913282022,7.0330830605353185,2.1,13.0,44.97782705099778,0.000977477
565,565,23,24,"Μέγας ναός
 του Λούξορ.
 Ο σκαμμένος βράχος
 χρησίμευε ως ναός
 στον ηλιακό
 θεό Χαρμάκις.
 Οι πρώτες ακτίνες
 του ήλιου
 εισχωρούν
 το πρωί μέχρι
 το βάθος του ιερού.
",history,10,7,6.31222423866808,0.0753948478562237,4,4.00000900410123,0.0002601523854053,2,2.2018109556346936,0.0403873703595524,4,4.208370941506473,0.0436568223043831,3,3.4557029716670513,0.070219683437835,2,2.095175792597388,0.025453827243023,7,6.7812343757185545,0.0584579330695123,7.999373260684507,7,6.84017589686664,0.0337621941053677,7.999070816254971,-0.4,5.9,26.666666666666668,0.000812498
566,566,58,59,"παράθεμα 3 Τι μαθαίνουν τα παιδιά των Περσών
 Τα παιδιά πηγαίνουν κάθε μέρα σχολείο για να μάθουν δικαιοσύνη και αυτοσυγκράτηση. Τα διδάσκουν ακόμη υπακοή στους άρχοντες. Πολύ τα βοηθάει σ’ αυτό η συμπεριφορά των μεγάλων απέναντι
 στους άρχοντες. Τα μαθαίνουν επίσης να αντέχουν
 την πείνα και τη δίψα. Και εδώ το παράδειγμα το δίνουν οι μεγαλύτεροι, που πηγαίνουν για φαγητό,
 όταν τους το επιτρέψουν οι άρχοντες. Τα παιδιά δεν
 τρώνε κοντά στη μητέρα τους αλλά κοντά στον δάσκαλο. Φέρνουν από το σπίτι τους για φαγητό ψωμί
 και για προσφάγι κάρδαμο* και ένα ποτήρι, για να 7. Eπιγραφή σε σφηνοειδή γραφή από
 την Περσέπολη
 πίνουν νερό από το ποτάμι άμα διψάσουν. Τέλος
 μαθαίνουν να χειρίζονται το τόξο και το ακόντιο. Μέχρι να γίνουν 16 ή 17 χρόνων τα παιδιά με αυτά ασχολούνται. Έπειτα περνάνε στην τάξη των
 εφήβων.
 * το κάρδαμο: φυτό με έντονη μυρωδιά και πικάντικη γεύση.
 Ξενοφώντας, Κύρου Παιδεία, 2, 6 (διασκευή)
",history,4,6,5.995272257278415,0.0036368175812649,7,6.772874010542694,0.0411934853190947,3,2.999993792111127,1.1936228604359666e-05,4,4.076436424293206,0.0218813606394193,4,4.524110923854096,0.0635944760720872,3,3.0672691087382056,0.0201022482957755,6,5.999166525660826,0.0006508198721337,7.957910992893858,5,4.5653743238459015,0.056266176098263,7.009679365066404,0.8,8.0,35.69755244755245,0.000830581
567,567,150,151,"Μάθημα σ’ ένα
 σχολείο: Aττικό
 ερυθρόμορφο
 αγγείο. (Βερολίνο,
 Κρατικό Μουσείο).
 Ποια μαθήματα
 διδάσκεται ο
 μαθητής;
 Από ποιον
 συνοδεύεται
 στο σχολείο;
",history,10,8,7.851627829245583,0.0338063653454022,4,4.0197822856134735,0.0034194518591542,2,2.3775330061510953,0.0532401745280194,7,7.000653042402313,0.0005188054701819,3,3.361745321773924,0.0627775725797348,3,2.987625991255811,0.0054221274081115,8,7.991421553750108,0.0039916129496013,7.022975882291291,7,7.0058612252791335,0.0029515216847403,7.998952922697313,-1.3,12.5,44.14942528735632,0.000811364
568,568,181,182,"πόλεμος κράτησε μόνο δέκα ημέρες (5-14 Ιουνίου 1940). Μετά την ήττα και τη συνθηκολόγηση της Γαλλίας, ορισμένοι Γάλλοι με επικεφαλής τον στρατηγό Ντε Γκολ διέφυγαν στην Αγγλία, όπου και κήρυξαν την αντίσταση
 εναντίον των Γερμανών κατακτητών.
 Επόμενος στόχος ήταν η Μ. Βρετανία. Η γερμανική αεροπορία βομβάρδισε μαζικά το Λονδίνο και άλλες αγγλικές
 πόλεις (Αύγουστος-Οκτώβριος 1940) προετοιμάζοντας μεγάλη απόβαση στo νησί. Όμως, ο βρετανικός λαός με επικεφαλής τον πρωθυπουργό του Ουίνστον Τσόρτσιλ, που ονομάστηκε αργότερα «πατέρας της νίκης», δεν κάμφθηκε (μάχη της Αγγλίας).
 Κατόπιν, οι Γερμανοί στράφηκαν στα Βαλκάνια, όπου κατάφεραν, με τη βοήθεια και της Βουλγαρίας, να καταλάβουν
 τη Γιουγκοσλαβία και την Ελλάδα (Απρίλιος 1941).
 Η οργάνωση της κατεχόμενης Ευρώπης Η κατακτημένη Ευρώπη οργανώθηκε σύμφωνα με τις αρχές του ναζισμού και
 τα συμφέροντα της χιτλερικής Γερμανίας. Οι οικονομικοί πόροι των κατακτημένων χωρών δεσμεύτηκαν και οι λαοί τους
 υπέστησαν συστηματική προπαγάνδα προκειμένου να αναγνωρίσουν την «ανωτερότητα» της ναζιστικής Γερμανίας. Στις
 περιπτώσεις που δεν φάνηκαν πρόθυμοι να υποταχτούν, αντιμετωπίστηκαν με βιαιότητα, βασανιστήρια και μαζικές εκτελέσεις. Κοινός παρονομαστής οι διώξεις εναντίον των Εβραίων και των Ρομά (τσιγγάνοι), που εξοντώθηκαν μαζικά. Ως
 αντίδραση γεννήθηκαν κινήματα αντίστασης που αμφισβήτησαν, συχνά ένοπλα, την κυριαρχία των κατακτητών.
",history,12,8,7.752881615189892,0.0458082108258896,6,6.317473124217775,0.0520842698711563,4,3.9840948216184273,0.0065584455410946,7,6.949760556156221,0.0156354965627562,4,4.168860383416813,0.0471581702678987,3,3.4378239438951823,0.0550409261604096,8,7.493344015667567,0.0671713054741187,7.268938203670757,7,6.998762564116305,0.0007788420846746,7.995364599413733,3.0,17.0,58.95005852516583,0.001125123
569,569,194,195,"ΓΙΑ ΜΙΑ ΑΛΛΗ ΜΑΤΙΑ ΣΤΟ ΠΑΡΕΛΘΟΝ...
 Η Αντίσταση στη λογοτεχνία
 …διαβάστε λογοτεχνία
 0 Γιάννης Μπεράτης,
 Οδοιπορικό του ’43 (1946).
 Έργο βασισμένο στις εμπειρίες του συγγραφέα από τη θητεία του στον ΕΔΕΣ.
 0 Μήτσος Αλεξανδρόπουλος,
 Νύχτες και αυγές (1961).
 Η ζωή στις πόλεις και στα βουνά κατά τη
 διάρκεια της Κατοχής και της Αντίστασης.
 0 Άλκη Ζέη, Ο μεγάλος περίπατος
 του Πέτρου (1971).
 Η ζωή στην Αθήνα της Κατοχής μέσα από
 τη ματιά ενός δεκάχρονου αγοριού.
 4. Η απελευθέρωση της Αθήνας, 12 Οκτωβρίου 1944.
",history,12,6,6.087764620100138,0.024453324843929,6,5.67016284058991,0.0367968040058061,3,3.000139792916759,0.0001110873137235,5,5.090172875970325,0.0799191440150236,3,2.916970940414103,0.0299897830584002,3,3.0020962196576875,0.0013200793284072,6,6.038503010185629,0.0132025902759919,7.90464959777583,7,6.730770662625787,0.0512667585067246,7.99906560920499,0.3,7.8,34.15384615384615,0.000718985
570,570,153,154,"παράθεμα 1 Επιτέλους η Ελλάδα είναι «ελεύθερη!»
 Όταν λοιπόν γιορτάζονταν τα Ίσθμια, πλήθος ανθρώπων παρακολουθούσε τους αγώνες, μια που ύστερα
 από πολλά χρόνια σταματούσαν πια οι πόλεμοι στην
 Ελλάδα. Σε μια στιγμή δόθηκε με τη σάλπιγγα το σύνθημα να γίνει ησυχία. Ο κήρυκας βγήκε στο μέσο του σταδίου και ανακοίνωσε πως η Σύγκλητος των Ρωμαίων και
 ο Τίτος  Κοΐντιος, ο στρατηγός και ύπατος, μετά τη νίκη
 τους εναντίον των Μακεδόνων, απομακρύνουν τις φρουρές τους. Ακόμη αφήνουν τους Έλληνες να ζουν ελεύθεροι, αυτόνομοι, αφορολόγητοι και να χρησιμοποιούν 5. Ερείπια της Κορίνθου, η οποία
 τους πατροπαράδοτους νόμους τους. Στην αρχή το ξαναχτίστηκε αργότερα από τους
 πλήθος δεν άκουσε καθαρά, γι’ αυτό έκανε φασαρία και Ρωμαίους. Η αγορά της είχε
 ζητούσε να το ξαναπεί ο κήρυκας. Μόλις εκείνος με φω- καταστήματα, ναούς, λουτρά και άλλα
 νή πιο δυνατή επανέλαβε, μια απίστευτη κραυγή χαράς δημόσια κτίρια.
 ακούστηκε, που έφτασε μέχρι τη θάλασσα. Κανένας δεν
 έδινε πια σημασία στους αθλητές, γιατί όλοι έτρεχαν να χαιρετήσουν τον σωτήρα και προστάτη
 της Ελλάδας. Μετά τις ζητωκραυγές διασκέδασαν με φαγοπότια.
 Πλούταρχος, Τίτος Φλαμινίνος, 10-11, αποσπάσματα (διασκευή)
",history,4,6,6.270838427043223,0.0473932396660214,8,7.841286274328013,0.0364126144924668,3,3.000487172693738,0.0003389678467188,4,4.042385734539494,0.0113437928430156,4,4.839484101801645,0.0980927482220268,3,3.00845456412776,0.0040618350382023,6,6.003691822729445,0.0019140891123524,7.798185062697343,6,6.134475605322223,0.08450000099557,7.022974464512572,1.6,11.6,43.51520572450805,0.000990856
571,571,51,52,"καθώς επίσης και την κοινή θρησκεία και τις μεταθανάτιες
 δοξασίες, όπως τις ανιχνεύουμε μέσα από τα έθιμα και
 Αυλικοί τις πρακτικές ταφής. Ένα πρόσθετο συνεκτικό στοιχείο
 αποτελούσε η ομοιομορφία στην κοινωνικοπολιτική
 οργάνωση και τους θεσμούς.
 Ως φυσικό αποτέλεσμα των παραπάνω δεσμών
 Ιερατείο
 και μέσα από τις συνεχείς συναλλαγές ανάμεσα
 στα διάφορα μυκηναϊκά κέντρα, δημιουργήθηκε
 Δήμοι
 ένας ενιαίος πολιτισμός, ο πολιτισμός της
 κοινής.
 Δούλοι μυκηναϊκής
 Αυστηρά ιεραρχημένη η μυκηναϊκή κοινω-
",history,10,8,8.262386085299028,0.0510833821673191,8,8.054973698025531,0.017362288830026,4,4.059827208853335,0.0184254535070332,7,7.020779120265708,0.008145589369219,7,6.572980914448237,0.0592759948692916,5,4.962819695589133,0.0134492642871573,8,8.18422173151049,0.0408961688627664,7.005216481173193,7,7.294475715180766,0.0487847067196228,7.996881970802576,3.0,16.5,58.75,0.001167125
572,572,108,109,"παράθεμα 2 Ένας έξυπνος Θηβαίος
 Δεν μπορώ να κρύψω τη σοφή και συνάμα ελληνική δια­
 γωγή του Ισμηνία από τη Θήβα. Όταν πήγε στην Περσία
 ως απεσταλμένος της πατρίδας του, θέλησε να δει από
 κοντά τον μεγάλο βασιλιά. Ο υπηρέτης του βασιλιά τού
 είπε: «Ξένε Θηβαίε, υπάρχει νόμος περσικός, σύμφωνα
 με τον οποίο αυτός που θα δει τον βασιλιά και θα του
 μιλήσει, πρέπει πρώτα να τον προσκυνήσει. Αν θέλεις
 λοιπόν και συ να τον συναντήσεις, να κάνεις το ίδιο, διαφορετικά θα πεις ό,τι θέλεις σε μένα».Τότε ο Ισμηνίας
 4. Χορευτές και μουσικός με αυλό.
 είπε: «Οδήγησέ με». Αφού πλησίασε και τον είδε ο βασιαναπαράσταση από αγγείο
 λιάς, έβγαλε το δαχτυλίδι του και, χωρίς να φανεί, το
 έριξε κάτω στα πόδια του και αμέσως έσκυψε και το πήρε πίσω. Έτσι κατάφερε από τη μια να πιστέψει ο βασιλιάς ότι τον προσκύνησε και από την άλλη δεν έκανε τίποτε απ' αυτά που ντροπιάζουν
 τους Έλληνες. Αντίθετα μάλιστα πέτυχε να πάρει όλα όσα ζήτησε από τον Πέρση βασιλιά.
 Αιλιανός, Ποικίλη Ιστορία, Α ´, 21 (διασκευή)
",history,4,7,7.4071513824539394,0.0621516079298224,7,7.410670537653246,0.0615343257992168,3,3.0474285397800145,0.0153289435619779,6,5.638505468850099,0.0585767074447041,5,4.993887798504147,0.0885669045262135,3,3.000058892114623,9.20562920381834e-05,6,6.065074182257732,0.0172921358449931,7.880796422885524,7,6.846755477891193,0.035968058973892,7.990236411907972,2.3,8.8,37.17387467,0.000923836
573,573,104,105,"Στην Ελλάδα πολλές πόλεις, όπως
 η Αθήνα, η Κόρινθος, η Θήβα και άλλες, είχαν κάνει συμμαχία εναντίον
 της Σπάρτης. Την προσπάθεια αυτή
 των πόλεων υποστήριξαν με κάθε
 μέσο οι Πέρσες. Θεωρούσαν κέρδος να είναι οι Έλληνες χωρισμένοι
 και να πολεμούν μεταξύ τους.
 Οι Σπαρτιάτες μπροστά στον νέο
 κίνδυνο ζήτησαν από τον Αγησίλαο
 να γυρίσει πίσω. Ο Αγησίλαος με
 βα­ριά καρδιά αναγκάστηκε να εγκαταλείψει το έργο του στη Μ. Ασία.
 Ο νέος εμφύλιος πόλεμος που είχε αρχίσει ονομάστηκε Βοιωτικός ή
 2. Χάλκινο κράνος (Μουσείο Αρχαίας Ολυμπίας)
 Τι διαφορά έχει από αυτά που φορούν σήμερα οι
 Κορινθιακός πόλεμος, επειδή οι κυστρατιώτες;
 ριότερες μάχες έγιναν στην περιοχή της Κορίνθου και της Βοιωτίας.
 Ο στρατός της Σπάρτης νίκησε τους συμμάχους στην Κορώνεια της Βοιωτίας. ο στόλος
 της όμως ηττήθηκε στην Κνίδο της Μ. Ασίας (394 π.Χ.).
 Ο κίνδυνος για τους Σπαρτιάτες ήταν μεγάλος. Σκέφτηκαν τότε να στείλουν τον ναύαρχό τους Ανταλκίδα στην Περσία, όπου έκλεισε ειρήνη με τους Πέρσες. Η ειρήνη που
 πήρε το όνομα του Ανταλκίδα (Ανταλκίδεια ειρήνη, 386 π.Χ.) ήταν πολύ ταπεινωτική
 για τους Έλληνες.
 Στην Ελλάδα τα πράγματα ησύχασαν. Οι ελληνικές πόλεις της Μ. Ασίας και η Κύπρος
 έχασαν την ελευθερία τους, αφού πέρασαν στην περσική κυριαρχία. Ευτυχώς όμως η
 συμφωνία αυτή δεν κράτησε για πολύ.
",history,4,7,7.024127603175714,0.0207729872714075,6,6.022726219335475,0.0213077735026129,3,3.003171188876749,0.0017218887558579,5,4.856741616753254,0.0541115280422207,3,2.993215723221681,0.0151988326118258,3,3.0035817261174884,0.0019257053922312,6,6.214143630769172,0.0434068432879358,7.904649385103085,6,6.311278005085285,0.0772362311900446,7.0159031158186735,0.7,8.9,40.83706620723604,0.000834315
574,574,102,103,"3. Ο Ιωάννης Κωλέττης θέτει τις βάσεις της «Μεγάλης Ιδέας» (απόδοση στα νέα ελληνικά)
 «Λόγω της γεωγραφικής της θέσης, η Ελλάδα αποτελεί το κέντρο της Ευρώπης. Όρθια και έχοντας στα δεξιά
 της την Ανατολή και στα αριστερά της τη Δύση, προορίζεται να φωτίσει με την πτώση της τη Δύση και με
 την αναγέννησή της την Ανατολή. Τον πρώτο προορισμό τον εκπλήρωσαν οι πρόγονοί μας, ο δεύτερος
 πρέπει να εκπληρωθεί από εμάς. Στο πνεύμα του όρκου αυτού και της μεγάλης αυτής ιδέας, είδα πάντοτε
 τους πληρεξουσίους του έθνους να συνέρχονται για να αποφασίσουν όχι πλέον για την τύχη της Ελλάδας
 αλλά για την τύχη της ελληνικής φυλής. Πόσο θα ήθελα να ήταν παρόντες σήμερα εδώ οι Γερμανοί, οι
 Ζαΐμηδες, οι Κολοκοτρώνηδες, οι αλλοτινοί πληρεξούσιοι της Εθνοσυνέλευσης και εκείνοι που πήραν τα όπλα για τον κοινό αυτό σκοπό, για να συμφωνήσουν μαζί μου πόσο απομακρυνθήκαμε από
 τη μεγάλη εκείνη ιδέα της πατρίδας, την οποία είδαμε για πρώτη φορά να εκφράζεται στο τραγούδι
 του Ρήγα. Με ένα πνεύμα τότε ενωμένοι, όσοι ονομαζόμαστε Έλληνες, πετύχαμε εν μέρει το σκοπό
 μας. Τώρα όμως εμείς, οι οποίοι κρατώντας στο ένα χέρι τη σημαία της θρησκείας και στο άλλο τη
 σημαία της ελευθερίας κοπιάσαμε για πολλά έτη για την απελευθέρωση όλων των ομόδοξων χριστιανών, ασχολούμαστε με μάταιες διακρίσεις Ελλήνων και Ελλήνων, χριστιανών και χριστιανών».
 Η της Τρίτης Σεπτεμβρίου εν Αθήναις Εθνική Συνέλευσις. Πρακτικά, Αθήνα, σσ. 190-191.
",history,6,8,7.999495941593068,0.0005229142905609,8,7.960006253364554,0.0156842735107306,4,4.000025409002774,3.430175336264903e-05,7,6.972835120956006,0.0100768964881344,6,5.907616773182781,0.0783962904371823,3,3.3776538389029156,0.0532966874858227,8,7.999151196473591,0.0006674173675447,7.001027450257425,7,6.997127230954618,0.0015905692411386,7.999567864656115,6.1,15.6,47.48484848484848,0.000945563
575,575,190,191,"Περίαπτο ρωμαϊκών
 χρόνων. Ο
 Αλέξανδρος
 εικονίζεται με τα
 κέρατα του
 αιγυπτιακού θεού
 Άμμωνα (Βερολίνο,
 Αρχαιολογικό
 Μουσείο).
 Μέτρα για
 οικονομική
 ανάπτυξη
 Το πολίτευμα
",history,10,7,7.377259840456322,0.0533804876776767,8,7.681414683058392,0.0419479167927083,3,3.0000945843856144,0.000151032924791,7,6.999576710047563,0.0003012496758653,4,4.006580754983588,0.0632713322319776,3,3.0019167520429164,0.0011364835627369,7,7.347870286357008,0.0523129398600657,7.9989666655967255,7,7.00070473964535,0.0006028906020731,7.99565078369325,-1.0,13.7,49.74074074074074,0.000784981
576,576,55,56,"6. ΜΥΚΗΝΑΪΚΗ ΘΡΗΣΚΕΙΑ ΚΑΙ ΤΕΧΝΗ
 Η τέχνη μάς
 αποκαλύπτει
 τη θρησκεία.
 Θρησκευτική σκηνή
 από χρυσό δαχτυλίδι της
 Τίρυνθας. Αριστερά
 εικονίζεται πιθανώς
 η «Πότνια».
 Τέσσερις δαίμονες της
 προσφέρουν κρασί.
 (Αθήνα, Εθνικό
 Αρχαιολογικό Μουσείο)
",history,10,6,6.224726402286905,0.0476092352827564,6,5.874769910216855,0.0292010810014147,3,3.0021638430104467,0.0012672079192368,4,4.116034782265217,0.0291882008142843,4,3.584422616815573,0.0609253672083435,4,3.5622174572593366,0.0550944189033934,6,6.844138836748925,0.0827958723054323,7.946596326989209,7,6.058186209440464,0.0708069931671732,7.999734776387697,-1.4,12.2,42.71428571428572,0.000675746
577,577,208,209,"Η Διακήρυξη των Δικαιωμάτων του ανθρώπου και του πολίτη της
 γαλλικής επανάστασης βροντοφωνάζει ότι «οι άνθρωποι είναι ίσοι και
 παραμένουν, δικαιωματικά, ελεύθεροι και ίσοι». [...] Όμως, εδώ και ογδόντα χρόνια, οι Γάλλοι ιμπεριαλιστές, αρνούμενοι τις αρχές τους ―ελευθερία, ισότητα, αδελφότητα― βίασαν τη γη των προγόνων μας και καταπίεσαν τους συμπατριώτες μας. Οι πράξεις τους είναι αντίθετες με
 τα ιδανικά του ανθρωπισμού και της δικαιοσύνης […].
 Γι’ αυτούς τους λόγους, εμείς, μέλη της προσωρινής κυβέρνησης, διακηρύσσουμε ότι στο εξής δε θα έχουμε κανένα δεσμό με τη Γαλλία, θα
 ακυρώσουμε όλες τις συνθήκες που η Γαλλία υπέγραψε στο όνομα του
 Βιετνάμ, θα καταργήσουμε όλα τα προνόμια που με τη βία οι Γάλλοι
 απέκτησαν στη χώρα μας.
 Πηγή: www.nhandan.org.vn/english/history/index.html
 (δικτυακός τόπος της επίσημης εφημερίδας της σοσιαλιστικής δημοκρατίας του Βιετνάμ).
",history,12,8,7.816588546543983,0.0388246509033725,8,7.934130880689679,0.0207855300177379,4,4.000083600032667,0.000217908921776,7,6.988344672591666,0.0051034492739078,6,5.378529862355208,0.0967953673216853,4,4.487988495646746,0.0589724656731286,8,7.880240122552355,0.0301003056897745,7.007571798114441,7,6.999439590617271,0.0004192872828743,7.998265310849092,7.1,19.3,57.39738562091503,0.001343673
578,578,43,44,"Παράλληλα, τουρκικές και αιγυπτιακές δυνάμεις είχαν
 αρχίσει την πολιορκία του Μεσολογγίου (Απρίλιος 1825Απρίλιος 1826), η οποία τερματίστηκε τη νύχτα της 10ης
 προς την 11η Απριλίου 1826 με την ηρωική έξοδο των
 πολιορκημένων Ελλήνων, που κατέληξε σε σφαγή, γεγονός που προκάλεσε τεράστια συγκίνηση σε ολόκληρη την Ευρώπη.
 Η επανάσταση κινδύνευε άμεσα να καμφθεί. Μόνο
 στη Στερεά Ελλάδα δυνάμεις με επικεφαλής τον Γεώργιο Καραϊσκάκη, μία από τις σημαντικότερες στρατιωτικές φυσιογνωμίες του Αγώνα, πραγματοποιούσαν ακόμη επιχειρήσεις. Ενώ, όμως, οι Έλληνες μάχονταν κατά τουρκικών δυνάμεων που πολιορκούσαν
 την Ακρόπολη της Αθήνας, ο Καραϊσκάκης σκοτώθηκε (23 Απριλίου 1827). Ο θάνατός του και η κατάληψη
 της Ακρόπολης, λίγο μετά, από τους Τούρκους ενίσχυσαν την αίσθηση ότι η επανάσταση έσβηνε.
 Παράλληλα, οι Δυνάμεις (Αγγλία, Γαλλία και Ρωσία),
 παρακινημένες από δικούς τους λόγους, αποφάσισαν
 (συνθήκη του Λονδίνου, 6 Ιουλίου 1827) την ειρήνευση
 και τη δημιουργία ελληνικού κράτους. Ήταν μια απόφαση που άλλαξε ουσιαστικά τα δεδομένα του ελληνικού
 ζητήματος. Η επανάσταση, ωστόσο, δεν είχε ακόμη τελειώσει.
",history,12,8,7.98279334049289,0.0077588810158658,7,6.993425230534911,0.0190715269961064,4,4.060029195792708,0.0182927662801353,7,7.000029534338722,7.610196836470004e-05,4,4.628204529977552,0.0802256359892742,4,3.946826455286331,0.0168979906314563,8,7.931879947028662,0.0202729526562037,7.025949565338124,7,7.025950768448553,0.0096807194502064,7.9991840092537245,3.9,16.9,57.90641361256544,0.001088694
579,579,154,155,"ΕΝΟΤΗΤΑ 40
 Τα πρώτα μεταπολεμικά χρόνια,
 η παγκόσμια οικονομική κρίση του 1929 και η Μεγάλη Ύφεση
 Τα αποτελέσματα του Α´ Παγκόσμιου πολέμου Η Ευρώπη βγήκε από
 τον Α´ Παγκόσμιο πόλεμο υλικά και ηθικά καταρρακωμένη: 8 εκατομμύρια νεκροί, 6 εκατομμύρια ανάπηροι και τεράστιες υλικές ζημιές
 ήταν τα ορατά αποτελέσματα.
 Σε οικονομικό επίπεδο, η Μ. Βρετανία και η Γαλλία, προκειμένου να
 βρουν τους οικονομικούς πόρους που ήταν απαραίτητοι για τον πόλεμο, δανείστηκαν από τις ΗΠΑ. Οι τελευταίες είδαν την οικονομία τους
 και τη διεθνή τους θέση να ενισχύονται.
 Σε κοινωνικό επίπεδο, ο πόλεμος προκάλεσε βαθιές μεταβολές. Ο
 μεγάλος χαμένος ήταν τα μεσαία στρώματα (μισθωτοί, μικρομεσαίοι
 επιχειρηματίες, ελεύθεροι επαγγελματίες), τα οποία σε πολλές περιπτώσεις καταστράφηκαν οικονομικά. Από την άλλη πλευρά, ο πόλεμος
 ευνόησε την είσοδο των γυναικών στην αγορά εργασίας. Σε χώρες
 όπως η Σοβιετική Ένωση, η Γερμανία και η Βρετανία οι γυναίκες απέκτησαν αυτή την εποχή δικαίωμα ψήφου.
 Σε πολιτικό επίπεδο, η μεταπολεμική Ευρώπη, αν και εξακολουθούσε
 να παίζει σημαντικό διεθνή ρόλο, είδε την παγκόσμια ηγεμονία της να
 εξαρθρώνεται. Τα οικονομικά προβλήματα της Μ. Βρετανίας και της
 Γαλλίας αποδυνάμωσαν τον διεθνή τους ρόλο και έπληξαν τη συνοχή
 1. Ανάπηρος Γερμανός αξιωματικός ζητιανεύει
 του αποικιακού τους συστήματος. Σε αυτό συνέβαλε και η συμμετοχή
 μετά τον Α´ Παγκόσμιο πόλεμο φορώντας
 στρατευμάτων από τις αποικίες στον Α´ Παγκόσμιο πόλεμο. Πολλοί από
 την επίσημη στολή του.
 αυτούς τους πολεμιστές γύρισαν στις πατρίδες τους φέρνοντας μαζί
 τους ιδέες που γνώρισαν στην Ευρώπη. Είτε επρόκειτο για το «δικαίωμα της αυτοδιάθεσης των λαών» είτε για τις αντιιμπεριαλιστικές θέσεις των σοσιαλιστών και των κομμουνιστών, οι ιδέες αυτές ενίσχυσαν κινήματα ανεξαρτητοποίησης
 στις αποικίες κατά τον Μεσοπόλεμο.
",history,12,8,7.973934944685254,0.0100692155218402,7,6.817552559528103,0.0385166703604867,4,3.999513996128485,0.000339964501156,5,5.281396777313603,0.071964644857965,4,3.699407523854461,0.0771999838258162,3,3.014062041721104,0.0059439078093354,8,7.972908931949519,0.0102883857146117,7.182420678187015,7,6.986373481742703,0.0056678100373522,7.997195786196471,2.7,14.1,52.66595945308816,0.001054051
580,580,8,9,"Ο πόλεμος που έκαναν οι Έλληνες για να καταλάβουν την Τροία ήταν
 ένα μεγάλο γεγονός. Τα κατορθώματα των πολεμιστών έγιναν τραγού­
 δια, που τα τραγουδούσαν οι ραψωδοί στις γιορτές και τα πανηγύρια.
 Τον 8ο αιώνα π.Χ. ο Όμηρος, ένας σπουδαίος ποιητής, έγραψε δύο
 με­γάλα ποιήματα, την Ιλιάδα και την Οδύσσεια. Η Ιλιάδα μιλάει για τους
 αγώνες των Ελλήνων για την κατάληψη της Τροίας. Η Οδύσσεια έχει ως
 θέμα της τις περιπέτειες που πέρασε ο Οδυσσέας στην προσπάθειά του
 να γυρίσει στην αγαπημένη του πατρίδα, την Ιθάκη.
 Από τα ποιήματα αυτά μαθαίνουμε πολλά για τους ανθρώπους εκείνης της εποχής και τη θρησκεία τους. Παλιότερα, κάθε περιοχή είχε τον
 δικό της θεό και τις δικές της γιορτές. Στον χώρο όπου λατρευόταν ο
 θεός συγκεντρώνονταν οι άνθρωποι και τον τιμούσαν με διάφορες τελετές. Μερικές φορές ένας τοπικός θεός αποκτούσε μεγαλύτερη φή­μη.
 Στη γιορτή του τότε έπαιρναν
 μέρος και κάτοικοι άλ­λων περιοχών.
 Στην ομηρική εποχή οι Έλληνες πίστευαν στους δώδεκα θεούς, τους οποίους φαντάζονταν
 ότι κατοικούσαν στον Όλυμπο,
 το ψηλότερο βουνό της Ελλάδας. Πίστευαν ότι πάνω εκεί
 υπήρχε ένα λαμπρό παλάτι,
 όπου έμενε ο Δίας και  η γυναίκα του η Ήρα, ενώ οι άλλοι θεοί έμεναν σε χαμηλότερα σπίτια
 που τα είχε χτίσει ο Ήφαιστος.
 Όλοι οι θεοί ζούσαν σαν μια
 οικογένεια, έτρωγαν αμβρο­σία
 1. Ο θεός Απόλλωνας κρατώντας στο
 αριστερό του χέρι τη λύρα
 (Δελφοί, Αρχαιολογικό Μουσείο)
",history,4,6,6.43852430383885,0.0553340210169426,6,6.022881350891439,0.0097729305334892,3,3.0000098342582078,1.0695083602507783e-05,5,4.532302845723507,0.0560253630269494,3,2.9852869107198785,0.0380164514691014,3,2.9999422212247175,0.0001334909204654,6,6.001350840156022,0.0008245620972105,7.992422466556889,5,4.945496082837735,0.0331539008233057,7.002122587422491,2.0,10.2,42.91758530183727,0.000915875
581,581,215,216,"λαϊκών δημοκρατιών της Α. Ευρώπης έφερε πλήθος αλλαγών σε ολόκληρο τον κόσμο.
 Η διάλυση της Σοβιετικής Ένωσης συνοδεύτηκε από συγκρούσεις που οφείλονταν είτε στην προσπάθεια ελέγχου διαφιλονικούμενων περιοχών από διάφορες εθνότητες είτε στην επιθυμία κάποιων εθνοτήτων για ανεξαρτησία. Ορισμένες
 από αυτές τις συγκρούσεις συνεχίστηκαν για χρόνια.
 Η Γιουγκοσλαβία διαλύθηκε ύστερα από έναν σκληρό πόλεμο (1991-1999) στον οποίο αναμείχθηκαν, με διάφορους τρόπους, τόσο οι ΗΠΑ όσο και η Ευρωπαϊκή Ένωση.
 Η Τσεχοσλοβακία διαλύθηκε ειρηνικά σε δύο νέα ανεξάρτητα κράτη, την Τσεχία και τη Σλοβακία, ενώ ειρηνικά, επίσης,
 ενώθηκε η Ανατολική Γερμανία με τη Δυτική Γερμανία.
 Η κατάρρευση των κομμουνιστικών καθεστώτων έκανε εκατομμύρια ανθρώπους να
 αναζητήσουν καλύτερη τύχη στη Δύση. Η
 μεγάλη διαφορά πλούτου δυτικής-ανατολικής Ευρώπης και Ευρώπης-Τρίτου Κόσμου
 προκάλεσε ένα τεράστιο μεταναστευτικό
 ρεύμα προς τις αναπτυγμένες χώρες της
 Ευρώπης.
 Η μεταψυχροπολεμική Ευρώπη έπρεπε
 να αντιμετωπίσει τόσο τα προβλήματα της
 Δ. Ευρώπης, που υπήρχαν πριν από την κα4. Η πτώση του τείχους του Βερολίνου σήμανε, και σε επίπεδο συμβόλων,
 τάρρευση των λαϊκών δημοκρατιών, όσο
 το τέλος του Ψυχρού Πολέμου.
 και τη νέα πρόκληση της οικονομικής αφομοίωσης των χωρών της Α. Ευρώπης. Η οικονομική κρίση, έντονη και πριν από την κατάρρευση, επιδεινώθηκε τη δεκαετία
 του ’90.
 Στο πλαίσιο αυτό, ένας αριθμός Ευρωπαίων είδε το εισόδημά του να συρρικνώνεται ή έχασε την εργασία του. Τα προβλήματα αυτά, σε συνδυασμό με την αίσθηση ότι απειλούνταν η ασφάλεια και η πολιτισμική συνοχή των ευρωπαϊκών κοινωνιών από τη μαζική παρουσία μεταναστών, αναζωπύρωσαν την ξενοφοβία και τον ρατσισμό. Το φαινόμενο απέκτησε,
 σε ορισμένες ευρωπαϊκές χώρες, και πολιτική έκφραση που θυμίζει άλλες εποχές (φασιστικά κόμματα).
 Παράλληλα, οι Ευρωπαίοι ήρθαν πιο κοντά. Αφού πέρασαν αιώνες σκληρών αναμετρήσεων, οι λαοί της Ευρώπης ανακαλύπτουν σήμερα, ίσως περισσότερο από κάθε άλλη εποχή, ότι, πέρα από τις διαφορές των γλωσσών και των
",history,12,8,7.983006068630402,0.0102976832855893,7,7.499858855023547,0.0557912461212974,4,4.000012786615116,0.0001677095546317,7,6.77497807207255,0.0454359968711531,4,4.176535860433432,0.0447780256023849,3,3.000108112260932,0.0001397004911836,8,7.987423497000861,0.006034410149844,7.268938487597268,7,6.993030849963361,0.0033401921606174,7.998674555474736,2.4,14.4,54.92857142857143,0.001079741
582,582,63,64,"ΣΥΝΟΨΗ ΤΟΥ ΚΕΦΑΛΑΙΟΥ
 Κατά την Εποχή του Χαλκού, η Μεσόγειος ήταν μια θάλασσα
 κοσμοπολίτικη, όπου κυκλοφορούσαν πλοία, εμπορεύματα και
 ιδέες. Εκτός από τους μεγάλους πολιτισμούς της «εύφορης
 ημισελήνου», στον αιγαιακό χώρο αναπτύχθηκαν διαδοχικά
 τρεις μεγάλοι πολιτισμοί, ο κυκλαδικός, ο μινωικός-κρητικός και
 ο μυκηναϊκός. Καθένας από τους πολιτισμούς αυτούς είχε τα δικά
 του χαρακτηριστικά, έθεσε την ξεχωριστή του σφραγίδα στην
 τέχνη, στους πολιτικούς θεσμούς, στην κοινωνική συγκρότηση.
 Όμως, υπήρξαν αλληλεπιδράσεις οι οποίες κατέληξαν στη
 σταδιακή διαμόρφωση του κλασικού ελληνικού πολιτισμού.
",history,10,7,6.736521356838381,0.048805020177141,6,6.007559036789559,0.0090024125868462,3,3.0002304845704657,0.0001737862374683,5,4.607147493484831,0.0646220335651071,3,3.383118541249189,0.0554464869244131,3,3.001323832369529,0.0008129254751558,6,6.076152684026965,0.0217105629443018,7.991421439696694,7,6.104681888068171,0.0903448872807965,7.9977865206474235,3.9,19.4,61.36340206185567,0.001308049
583,583,120,121,"Σε μετάφραση Αλέξανδρου Πάλλη
 Από το βιβλίο του Θανάση Μητσόπουλου «Ανθολογία της Αρχαίας Ελληνικής
 Λογοτεχνίας» (1966), σελ. 37
 …..Και πρώτα αρχίνησε μεγάλη ασπίδα στέρια,
 πλουμιά ως την άκρη, και λαμπρό της έβαλε στεφάνι
 τρίκλωνο γύρω αστραφτερό με το λουρί ασημένιο.
 Ταύρου πετσί είχε ο δίσκος της πεντάδιπλο, και μέσα
 του σκάλιζε άθια ένα σωρό με τη σοφή του τέχνη.
 Έφτιασε μέσα εκεί τη Γης, μέσα γιαλό και Ουράνια,
 Ήλιο εκεί μέσα ακούραστο, γιομόφωτο Φεγγάρι,
 Κι όλα τα ζούδια τ’ ουρανού πούχει στεφάνι γύρω,
 Βροχάστερα και Κυνηγό λαμπρόφεγγο και Πούλια,
 κι’ Αρκούδα που πολλοί θνητοί κι’ Αμάξι τηνε κράζουν
 που πάντα αφτού κλωθογυρνάει τον Κυνηγό θωρώντας
 και μόνη αφτή μές’ του Ωκιανού δε λούζεται το κύμα.
",history,10,8,8.34760977255631,0.0451459509478056,8,8.355912674424935,0.0604647246184401,5,4.664110554342617,0.0547276757973711,7,7.0601214921269175,0.0182824109160117,7,6.830142978835283,0.0449206984444448,5,4.972623147880881,0.0103896646219445,10,9.51729252228992,0.0595536105265753,7.320815522544251,8,7.623335186221794,0.0536307825961494,7.002130754242273,7.4,17.5,56.33273381294964,0.001384881
584,584,120,121,"Μπροστά στο σοβαρό ενδεχόμενο να καταληφθεί η
 Θεσσαλονίκη από βουλγαρικές δυνάμεις, πράγμα που θα
 δημιουργούσε εξαιρετικά αρνητικά δεδομένα για την Ελλάδα, ο Βενιζέλος διέταξε τον διάδοχο Κωνσταντίνο να κινηθεί ταχύτατα προς τη Θεσσαλονίκη. Πράγματι, και παρά
 τις αντιρρήσεις του Κωνσταντίνου, το απόγευμα της 26ης
 Οκτωβρίου 1912 ελληνικός στρατός έμπαινε στην πόλη. Λίγες μέρες αργότερα έφτασε στη Θεσσαλονίκη και ο βασιλιάς Γεώργιος. Στη συνέχεια και μετά από επίπονη πολιορκία καταλήφθηκαν τα Ιωάννινα (22 Φεβρουαρίου 1913)
 2. Β. Χατζής, Η ναυμαχία της «Έλλης», 3 Δεκεμβρίου 1912.
 και εξασφαλίστηκε ο έλεγχος ολόκληρης της Ηπείρου.
 Η ναυμαχία αυτή ήταν μία από τις σημαντικότερες ναυτικές
 Παράλληλα, ο ελληνικός στόλος, με επικεφαλής τον
 συγκρούσεις των βαλκανικών πολέμων.
 ναύαρχο Παύλο Κουντουριώτη, ανάγκασε τον τουρκικό
 στόλο να κλειστεί στα Στενά και έθεσε υπό τον έλεγχό του τα νησιά του Β. και Α. Αιγαίου (Θάσος, Σαμοθράκη, Λέσβος,
 Χίος, Λήμνος, Τένεδος, Ίμβρος, Σάμος, Ικαρία).
 Η συνθήκη του Λονδίνου (17 Μαΐου 1913) Ο Α´ βαλκανικός πόλεμος τερματίστηκε και τυπικά με την υπογραφή της συνθήκης του Λονδίνου, με την οποία η Οθωμανική αυτοκρατορία υποχρεώθηκε να εγκαταλείψει σχεδόν όλα τα ευρωπαϊκά-βαλκανικά εδάφη της. Το μέλλον των νησιών του Β. και Α. Αιγαίου, της χερσονήσου του Αγίου Όρους και το καθεστώς
 της Αλβανίας, θα καθορίζονταν από τις Δυνάμεις. Λίγο αργότερα (29 Ιουλίου 1913) η Αλβανία αναγνωρίστηκε ως ανεξάρτητο κράτος. Τα Δωδεκάνησα παρέμειναν υπό ιταλική κατοχή και διοίκηση.
 Η δολοφονία του βασιλιά Γεώργιου Το κλίμα ευφορίας ήρθε να ταράξει η δολοφονία του βασιλιά Γεώργιου στη Θεσσαλονίκη. Υποστηρίχτηκε, δίχως, ωστόσο, να αποδειχθεί ποτέ, ότι πίσω από αυτή βρισκόταν η Γερμανία, που ήθελε την
 άνοδο στον θρόνο του γερμανόφιλου διαδόχου Κωνσταντίνου, ο οποίος λίγο αργότερα ανακηρύχθηκε βασιλιάς.
 Ο Β´ βαλκανικός πόλεμος (Ιούνιος-Ιούλιος 1913) Η συνθήκη του Λονδίνου άφησε πολλές εκκρεμότητες. Αυτές αφορούσαν κυρίως τη Μακεδονία, που ελεγχόταν από τον ελληνικό στρατό, αλλά τμήματά της διεκδικούνταν τόσο από τη
 Βουλγαρία όσο και από τη Σερβία. Σε ατμόσφαιρα καχυποψίας, η Ελλάδα και η Σερβία συμμάχησαν για να αντιμετωπίσουν τις απαιτήσεις της Βουλγαρίας. Πράγματι, στα μέσα Ιουνίου 1913, ο βουλγαρικός στρατός επιτέθηκε ταυτόχρονα
 εναντίον τόσο των ελληνικών θέσεων όσο και των σερβικών. Ο Β´ βαλκανικός πόλεμος ήταν πλέον γεγονός. Στη διάρκειά
 του, ο ελληνικός στρατός κατέλαβε ολόκληρη την Α. Μακεδονία και τη Δ. Θράκη, φτάνοντας ως την Αλεξανδρούπολη.
 Επιτυχίες σημείωσαν και οι Σέρβοι στη Δ. Μακεδονία. Παράλληλα, οι Ρουμάνοι εισέβαλαν στη Βουλγαρία, φτάνοντας
 τριάντα χιλιόμετρα από τη Σόφια, ενώ οι Τούρκοι ανακατέλαβαν την Αδριανούπολη στην Α. Θράκη.
 2. Ο πρωταγωνιστικός ρόλος του Ελευθέριου Βενιζέλου στις επιτυχίες των βαλκανικών πολέμων
 Παρά την καθοριστικής σημασίας συμβολή των ενόπλων δυνάμεων [...] καμία από τις πλευρές της ελληνικής επιτυχίας δεν θα
 ήταν εξασφαλισμένη, πολλώ δε μάλλον αυτονόητη, χωρίς τη σταθερή πολιτική κατεύθυνση που είχε χαράξει και τους άκρως επιδέξιους διπλωματικούς χειρισμούς που προέκρινε, σε κάθε κρίσιμη καμπή των εξελίξεων, ο Ελευθέριος Βενιζέλος. Προκειμένου να
",history,12,8,7.965441409496577,0.012120016769994,6,6.16622693948942,0.0365476314968027,4,3.9999998476268956,4.54658334958753e-05,7,6.708368817041588,0.042395482953314,4,3.846051615942997,0.0767036586662149,3,3.095354950408364,0.025283302372382,8,7.320670803297961,0.072207563942782,7.407328971686638,7,6.9931240523558245,0.0032496521272536,7.99944724935186,2.6,14.3,56.295412844036704,0.001058397
585,585,277,278,"Οι επαρχίες διοικούνται από κυβερνήτες οι οποίοι ορίζονται από τον αυτοκράτορα. Κάθε
 κυβερνήτης βοηθείται στο έργο του από έναν αριθμό κρατικών υπαλλήλων.
 Ο στρατός, ο οποίος εξασφαλίζει την τάξη και την ασφάλεια, συγκροτείται από περίπου
 400.000 μισθοφόρους στρατιώτες και διαιρείται σε τριάντα λεγεώνες. Οι λεγεώνες είναι
 εγκατεστημένες στα άκρα (σύνορα), για να προστατεύουν τον ρωμαϊκό κόσμο από τις
 εχθρικές επιδρομές.
 Στον 2ο αιώνα μ.Χ. οι κατακτημένες περιοχές ζουν ειρηνικά. Η Ρώμη εξασφαλίζει την
 άμυνα της Αυτοκρατορίας και, στο εσωτερικό των επαρχιών, η παρουσία της θέτει τέρμα
 στους πολέμους που έφερναν αντιμέτωπους τους λαούς πριν από την κατάκτηση.
 Οι επαρχίες ευημερούν. Οι κυβερνήτες ελέγχονται στενά από τον αυτοκράτορα ή τη
 Σύγκλητο, γεγονός το οποίο περιορίζει τις αυθαιρεσίες τους. Η Ρώμη ανοίγει λιμάνια,
 κατασκευάζει θαυμάσιους λιθόστρωτους δρόμους και έτσι συντελεί στην ανάπτυξη του
 εμπορίου. Η παραγωγή αυξάνει και κάθε επαρχία αρχίζει να ειδικεύεται σε μια συγκεκριμένη
 εντατική παραγωγή, όπως εκμετάλλευση ορυκτού πλούτου, μικροτεχνία, ναυπηγική,
 υφαντική, γεωργία ή κτηνοτροφία.
 Η Ρώμη αφήνει στις πόλεις της Αυτοκρατορίας μια σχετική αυτονομία. Επιπλέον ολοένα και
 περισσότεροι επαρχιώτες αποκτούν το δικαίωμα του Ρωμαίου πολίτη. Οι άνθρωποι κινούνται
 ελεύθερα, μαζί και οι ιδέες, οι θρησκευτικές πεποιθήσεις, οι τρόποι.
 Ένας συγκρητισμός* σκέψεων και εμπειριών επικρατεί. Η περίοδος αυτή σφραγίζεται
 με τη Ρωμαϊκή ειρήνη. Στους κόλπους των κατακτημένων λαών γεννιέται η εντύπωση
 ότι η προσωπικότητά τους γίνεται σεβαστή. Άμεσο αποτέλεσμα: οι εξεγέρσεις εναντίον της
 ρωμαϊκής κυριαρχίας να είναι σπάνιες.
",history,10,7,7.200753270637563,0.0490461252185084,7,6.818218403747064,0.0387092485429832,4,3.651354797470745,0.051924366009524,7,6.171210980261094,0.0910436721339798,4,4.000416840760522,0.0249430567453468,3,3.095359020152955,0.0252858487341633,6,6.004315041673525,0.00222496991105,7.994088438795416,7,6.939186875984262,0.0171327632731309,7.998285646286604,0.9,13.5,54.53370786516855,0.000933488
586,586,235,236,"ΕΝΟΤΗΤΑ 58
 Η Ελλάδα στη µεταψυχροπολεµική εποχή (1989−2001)
 Οι εσωτερικές πολιτικές εξελίξεις
 Περίοδος πολιτικής αστάθειας, 1989−1990 Οι εκλογές του Ιουνίου 1989 δεν έδωσαν αυτο−
 δυναµία σε κανένα κόµµα. ∆ηµιουργήθηκε κυβέρνηση συνεργασίας της Νέας ∆ηµοκρατίας
 και του Συνασπισµού της Αριστεράς και της Προόδου, ενός σχηµατισµού στον οποίο συµ−
 µετείχαν το ΚΚΕ και άλλα κόµµατα της Αριστεράς.
 Κυβέρνηση Νέας ∆ηµοκρατίας, 1990−1993 Μετά από δύο νέες εκλογικές αναµετρήσεις (Νο−
 έµβριος 1989 και Απρίλιος 1990) σχηµατίστηκε κυβέρνηση Νέας ∆ηµοκρατίας µε πρωθυπουρ−
 γό τον Κωνσταντίνο Μητσοτάκη. Η νέα κυβέρνηση επιδίωξε την ιδιωτικοποίηση δηµόσιων
 επιχειρήσεων, που κρίθηκε ότι δεν ήταν βιώσιµες. Επίσης, εξαιρετικά σηµαντική εξέλιξη υπήρ−
 ξε η υπογραφή ―και από την Ελλάδα― της συνθήκης του Μάαστριχτ (βλέπε ενότητα 59). Λίγο
 1. Κωνσταντίνος
 Μητσοτάκης.
 αργότερα, ωστόσο, σοβαρές διαφωνίες στο εσωτερικό της κυβέρνησης Μητσοτάκη οδήγη−
 σαν στην παραίτησή της (Σεπτέµβριος 1993).
 Κυβερνήσεις ΠΑΣΟΚ, 1993−2000 Οι εκλογές του Οκτωβρίου 1993 έφεραν ξανά στην κυβέρνηση το ΠΑΣΟΚ. Τον Ιανουά−
 ριο του 1996, όµως, ο Α. Παπανδρέου, που αντιµετώ−
 πιζε σοβαρά προβλήµατα υγείας, παραιτήθηκε. Νέος
 πρωθυπουργός αναδείχθηκε ο Κώστας Σηµίτης, που
 ανέλαβε και την ηγεσία του ΠΑΣΟΚ µετά τον θάνατο
 του ιδρυτή του (Ιούνιος 1996) και παρέµεινε πρωθυ−
 πουργός µέχρι το τέλος της περιόδου που εξετάζου−
 µε. Την ίδια εποχή, µε αφορµή τη διεκδίκηση της
 βραχονησίδας Ίµια, στα ∆ωδεκάνησα, ξέσπασε κρίση
 στις ελληνοτουρκικές σχέσεις που αποκλιµακώθηκε
",history,12,8,7.056020823277365,0.0768475855435881,7,6.989572872901483,0.0107146033599262,4,3.914905567115099,0.0233775540008666,7,6.999039081209503,0.0005726929785165,4,3.9429445365549327,0.0538795267228607,3,3.000107172583512,9.044080916585516e-05,6,6.19869467839667,0.0345783557065996,7.914900581394988,7,6.99952860824385,0.0003261579971488,7.997523926787835,3.9,17.0,55.86594203,0.00115426
587,587,10,11,"ΕΝΟΤΗΤΑ 2
 Η αμερικανική επανάσταση
 Οι αγγλικές αποικίες στην Αμερική Κατά την περίοδο 16071732 δημιουργήθηκαν στα ανατολικά παράλια της Βόρειας Αμερικής 13 αποικίες υπό αγγλικό έλεγχο. Οι άποικοι ήταν κυρίως Άγγλοι, αλλά και Γάλλοι, Γερμανοί και Σουηδοί. Τεχνίτες και κατεστραμμένοι μικροεπιχειρηματίες, θύματα θρησκευτικών διώξεων
 αλλά και κατάδικοι, όλοι αναζητούσαν μια καλύτερη τύχη.
 Οι αποικίες του βορρά είχαν, το 1763, 1.000.000 περίπου κατοίκους, από τους οποίους 40.000 περίπου ήταν μαύροι σκλάβοι. Σε
 οικονομικές συνθήκες παρόμοιες με εκείνες της δυτικής Ευρώπης
 είχε αναπτυχθεί μια δυναμική αγροτική οικονομία, ενώ άκμαζε το
 εμπόριο με κέντρα τις μεγάλες πόλεις Βοστόνη, Νέα Υόρκη και
 Φιλαδέλφεια. Τα πρώτα πανεπιστήμια (Χάρβαρντ, Γέιλ, Πρίνστον)
 ήταν χώροι διάδοσης των ιδεών του Διαφωτισμού.
 Οι αποικίες του νότου είχαν, το 1763, 750.000 περίπου κατοίκους· 300.000 περίπου από αυτούς ήταν μαύροι σκλάβοι. Η οικονομία βασιζόταν στις μεγάλες φυτείες καπνού, ρυζιού και βαμβακιού. Ιδιοκτήτες των φυτειών ήταν αποκλειστικά Ευρωπαίοι άποικοι, οι οποίοι και δέσποζαν στην οικονομική και κοινωνική ζωή. Η
 γη καλλιεργούνταν από μαύρους σκλάβους που ζούσαν σε άθλιες
 συνθήκες. Οι μεγάλες πόλεις ήταν λίγες.
 Κάθε πολιτεία διοικούνταν από έναν κυβερνήτη, που διοριζό1. Οι 13 αγγλικές αποικίες στην Αμερική
",history,12,6,6.0053360607620405,0.0026716363790972,6,6.268413590801046,0.0496959500441343,3,3.000551777667683,0.0003785641164395,5,4.933547243885414,0.0636165844274775,4,3.769938295266911,0.0679924353526607,3,3.009699187284582,0.004399668621647,6,6.010160306018552,0.004563170356064,7.992422466556889,7,6.981951320995108,0.0065686477405997,7.9984948771532345,0.5,12.6,55.60822898,0.000991891
588,588,252,253,"της σχετικότητας, οι κυβιστές θεωρούσαν την εξωτερική εμφάνιση των πραγμάτων σχετική ή ακόμη και μη αληθινή.
 Ο φουτουρισμός (future: μέλλον) εμφανίστηκε το 1909 ως
 2. Πάμπλο Πικάσο, Βιολί και σταφύλια, 1912.
 ένα κίνημα που αξίωνε τη γενική αλλαγή, αναπτύχθηκε κυρίως
 στην Ιταλία με κυριότερο εκφραστή τον Μαρινέτι, στράφηκε
 με σφοδρότητα εναντίον κάθε στοιχείου του παρελθόντος και
 εξιδανίκευσε το νέο. Στη ζωγραφική κύριοι εκφραστές του
 ήταν οι Μποτσιόνι, Ρούσολο, Καρά και Σεβερίνι.
 Η αφηρημένη τέχνη ή ανεικονική τέχνη αναφέρεται στις
 μορφές τέχνης που δεν αναπαριστούν αναγνωρίσιμα θέματα.
 Ο πρώτος τέτοιος πίνακας παρουσιάστηκε το 1910 από τον
 Καντίνσκι. Η αφηρημένη ζωγραφική θεμελιώθηκε στην ιδέα ότι
 η αξία της τέχνης προκύπτει όχι από την απεικόνιση ενός θέματος αλλά από τις μορφές και τα χρώματα.
 Ο ντανταϊσμός (από τη φράση dada) υπήρξε γέννημα της
 3. Βασίλι Καντίνσκι, Η πρώτη αφηρημένη ακουαρέλα, 1910.
",history,12,8,7.99792457503986,0.0013417142794837,8,7.977676790613216,0.0092078877088533,4,4.000020245563974,4.636881202616611e-05,7,6.997713146698516,0.0012959022036444,6,5.944380099099362,0.0448067870458879,3,3.001316451569437,0.0008198291758839,8,7.992582524208956,0.0037269866690685,7.009703962301501,7,6.99993477741873,7.577762938436353e-05,7.99849053116759,1.6,12.0,45.21234567901234,0.001012192
589,589,59,60,"B Οι πηγές αφηγούνται...
 1. Επιστολή του Οδυσσέα Ανδρούτσου προς τους κατοίκους του Γαλαξιδίου, 22 Μαρτίου 1821
 «Αγαπημένοι μου Γαλαξιδιώτες,
 Ήταν βέβαια γραμμένα από τον Θεό να πάρουμε τα άρματα μια μέρα και να ορμήξουμε στους τυράν­
 νους μας, που τόσα χρόνια χωρίς έλεος μας τυραννούν. Τι τη θέλουμε, αδέλφια, αυτή την πολυπικρα­
 μένη ζωή, να ζούμε κάτω από τη σκλαβιά και το σπαθί του Τούρκου να ακονίζεται στα κεφάλια μας;
 Δεν βλέπετε που τίποτε δεν μας απόμεινε; Οι εκκλησίες μας έγιναν τζαμιά και στάβλοι των Τούρκων.
 Κανένας δεν μπορεί να πει πως έχει κάτι δικό του, γιατί το πρωί βρίσκεται φτωχός σαν ζητιάνος στο
 δρόμο, οι οικογένειές μας και τα παιδιά μας βρίσκονται στα χέρια και στην κρίση των Τούρκων. Τίποτε,
 αδέλφια, δεν μας έμεινε, δεν είναι λοιπόν σωστό να σταυρώσουμε τα χέρια και να κοιτάμε τον ουρανό.
 Ο Θεός μας έδωσε χέρια, γνώση και νου· ας ρωτήσουμε την καρδιά μας και ας πράξουμε γρήγορα ό,τι
 μας απαντήσει και ας είμαστε αδέλφια βέβαιοι πως ο πολυαγαπημένος μας Χριστός θα μας προστατεύ­
 σει. Ό,τι είναι να κάνουμε θα πρέπει να το κάνουμε μια ώρα γρηγορότερα, γιατί ύστερα θα χτυπάμε τα
 κεφάλια μας».
 (Απόδοση στα νέα ελληνικά)
",history,6,7,6.942118734710476,0.0238240934798894,4,4.008141948168941,0.0067168835694646,3,3.075858717206927,0.0215650661295898,5,4.534357901878025,0.0566487190919543,4,3.9518746667199594,0.0470089687839786,2,2.2689953739250512,0.0469287871062348,6,6.227348730458857,0.0441919603355714,7.962672689998925,5,5.048068719600451,0.0287446456521236,7.014026203694812,5.8,13.9,50.84196035242291,0.001125886
590,590,57,58,"2. Προετοιμασία της Επανάστασης
 «Από τις αρχές Ιανουαρίου του 1821, αφού τα πάντα ωρίμασαν, άρχισαν οι Έλληνες και επέστρεφαν στα
 σπίτια τους από τα ξένα, από τη Ρωσία, Βλαχία, Μολδαβία, Κωνσταντινούπολη, Σμύρνη και από τα άλλα
 μέρη για να λάβουν μέρος στον αγώνα για την πατρίδα, την ημέρα που αποφασίστηκε από τους απεσταλ­
 μένους της Εταιρίας. Μόλις έφταναν στα χωριά ή στις πόλεις τους διαδιδόταν η ιδέα της Επανάστασης σε
 όλους τους συγγενείς και τους γείτονές τους. Οι αρχιερείς συναινούσαν οι ιερείς να διαβάζουν στις
 εκκλησίες παρακλήσεις νύκτα και μέρα προς τον Θεό για να ενισχύσει τους Έλληνες στον μελλο­
 ντικό αγώνα και, όσον αφορά στους άλλους κληρικούς, συναινούσαν να προτρέπουν κατά την εξο­
 μολόγηση τους Έλληνες στην επανάσταση και να τη θεωρούν ως θρησκευτικώς εγκεκριμένη, διότι
 ο Θεός όλους τους ανθρώπους τους έπλασε ελεύθερους. Οι πνευματικοί από την πλευρά τους, τους
 παρακινούσαν σε επανάσταση, διότι οι Έλληνες είχαν τόσο πολύ εξασθενήσει από την τυραννία και
 η θρησκεία τόσο πολύ είχε χαντακώσει τον απλό όχλο, ώστε οι άνθρωποι είχαν τον φόβο του Άδη
 αν σκότωναν Τούρκο, διότι πίστευαν ότι ο Θεός θα τους τιμωρήσει και ότι θα λογοδοτήσουν για
 την πράξη τους. Αλλά ο κλήρος τους έβγαλε από την πλάνη αυτή καθώς έλαβε πρώτος τα όπλα».
 Φώτιου Χρυσανθακόπουλου ή Φωτάκου, Απομνημονεύματα περί της Ελληνικής Επαναστάσεως, τόμ. 1, επιμέλεια Τάσου Γριτσόπουλου, Αθήνα 1974, σσ. 52-53.
 (Απόδοση στα νέα ελληνικά)
",history,6,8,7.880648141622586,0.0294140803353018,7,7.433147031420958,0.0567141826071466,4,3.9669144061467705,0.0116695285156525,6,5.747999524299871,0.0678711146156877,4,4.778912811394548,0.0907535017643798,3,3.000201708794151,0.0001573563780398,8,7.976316164971383,0.009072684633438,7.0046032480740905,6,6.1890065056876296,0.0782566808874909,7.182421010828875,7.3,17.7,48.35323194,0.000985259
591,591,233,234,"Οι συμπολιτείες αποτέλεσαν ουσιαστική κίνηση για
 γενικότερη συνεννόηση. Οι έριδες όμως προκάλεσαν πολλές
 συγκρούσεις που ματαίωσαν μια αγαθή πρόθεση, την κρίσιμη
 στιγμή της ρωμαϊκής απειλής.
 Στην Ήπειρο ο βασιλιάς Πύρρος ανέλαβε μια προσπάθεια
 εκσυγχρονισμού του κράτους. Έστρεψε τους υπηκόους
 του στο εμπόριο και τη γεωργία, ίδρυσε νέες πόλεις με
 θέατρα και γυμναστήρια και συγκέντρωσε στην αυλή του
 πολλούς πνευματικούς ανθρώπους. Σκέφτηκε μάλιστα να
 δημιουργήσει στη Δύση αυτοκρατορία, ανάλογη μ’ αυτή του
 Αλέξανδρου στην Ανατολή. Η ευκαιρία τού δόθηκε όταν
 οι κάτοικοι του Τάραντα ζήτησαν τη βοήθειά του για να
 αντιμετωπίσουν τους Ρωμαίους. Ο Πύρρος ετοίμασε μεγάλη
 στρατιά και αποβιβάστηκε στην Ιταλία. Νίκησε δύο φορές
 τους Ρωμαίους, ενώ την τρίτη ηττήθηκε. Αναγκάστηκε, λόγω
 των μεγάλων απωλειών που είχε, να γυρίσει στην πατρίδα
 του. Αργότερα στράφηκε στον ελληνικό νότο, όπου βρήκε
 άδοξο θάνατο σε νυχτερινή οδομαχία στο Άργος (272 π.Χ.).
 Την κρίσιμη στιγμή για την Ελλάδα έλειψε ένας άξιος ηγέτης.
",history,10,7,7.118597942584497,0.0297047341307287,7,6.819233241304403,0.0395103282156949,4,3.9902930855918157,0.0043912182424651,5,5.516742723621178,0.0710894574419088,4,4.598147051450326,0.0846977460907411,3,3.1824314226441004,0.0381516814679848,7,7.126391761641628,0.0341666133143245,7.995386908204068,7,6.8720450376461955,0.0319348708048785,7.976980115818151,1.5,12.7,46.99853801169591,0.000970857
592,592,63,64,"B Οι πηγές αφηγούνται...
 1. Επιστολή του εικοσιτετράχρονου ξενιτεμένου Μακεδόνα Αναστασίου Εμμ. Παπά από τις Σέρρες.
 Γράφει στον αδελφό του Αθανάσιο: Βιέννη, 18 Απριλίου 1821:
 «Μια γυναικεία μορφή στεκόταν πάντα μπροστά στα μάτια μου θλιμμένη, κλαμένη, πληγωμένη, βαριά
 αλυσοδεμένη. Πάντα με κοίταζε με βλέμμα ατενές χωρίς να μου μιλεί. Αλλά τέλος, πριν από λίγες μέρες,
 μου είπε θυμωμένα: Παιδί μου, πάψε να είσαι σκυνθρωπός! Πάψε να είσαι μόνο ο Αναστάσιος Εμμ. Παπά,
 ο γιος του καλού σου πατέρα! Είσαι ένας Μακεδόνας και το καθήκον σε καλεί. Αίσχος κι’ ανεξίτηλη ντροπή
 θα είναι για σένα, εάν μείνεις αδιάφορος σ’ αυτήν την ευκαιρία. Εμπρός λοιπόν, αγαπημένο μου παιδί! Δείξε
 πως είσαι ένας Μακεδόνας! Γίνου ένας Αριστόδημος και κάτω απ’ αυτό το όνομα πολέμα για την Πατρίδα!
 Μη φοβάσαι τι θα πουν οι συγγενείς σου. Η μητέρα σου, ο πατέρας σου, όλα τ’ αδέλφια σου αντί να σε
 μοιρολογήσουν, αν πέσεις για την Πατρίδα, θα μιμηθούν το παράδειγμα του Ξενοφώντος, το παράδειγμα
 της Σπαρτιάτισσας μητέρας, και αν για μια στιγμή κλάψουν και πενθήσουν, πάντα θα τους παρηγορεί η
 αξιοθαύμαστη απόφασή σου, εφ’ όσον εσύ χωρίς καμιά άλλη αιτία, παρά μέσα από την αγάπη, τη φιλία και
 κάθε ησυχία που σε περιβάλλουν, ξεκινάς εν τούτοις και τραβάς προς τον υπέροχο σκοπό! Αριστόδημε, ο
 φοίνιξ σου φωνάζει: Μάχου υπέρ πατρίδος! Μη διστάζεις, μη δειλιάζεις με τη σκέψη ότι μπορεί να είσαι ο
 τελευταίος. Όρμα απάνω στον εχθρό σαν ένας Μακεδόνας, φκιάξε αργυρές ασπίδες, ξαναζωντάνεψε την
 αήττητη φάλαγγα. Τι το όφελος να καλοζείς στα ξένα και να στερείσαι για πάντα την Πατρίδα σου!».
 Γεωργίου Λαΐου, Ανέκδοτες επιστολές και έγγραφα του 1821, Αθήνα 1958, σσ. 92-94. Η πηγή περιέχεται στη μελέτη
 του Απόστολου Βακαλόπουλου, Επίλεκτες βασικές ιστορικές πηγές της ελληνικής επαναστάσεως, τόμ. 1, Θεσσαλονίκη 1990, σσ. 101-102.
",history,6,8,7.997536603214399,0.0014073569853136,6,6.201284291474622,0.05215827710022,4,3.9964095365035064,0.0019155884503749,6,5.915152820626936,0.0701619643086616,3,3.3526095340930624,0.0589206912457077,3,3.438535559049342,0.0554128385723035,8,7.9985174068579425,0.0009347571597231,7.000707860540842,7,6.99057523754027,0.004268934243634,7.99678381573176,1.4,9.8,36.61260330578513,0.000839994
593,593,141,142,"Ο ποντιακός ελληνισμός [...], παρόλο
 που δε διατηρούσε άμεση επαφή με την
 Ελλάδα, είχε διασώσει [...] ένα ιδίωμα
 της ελληνικής [...]. Η επικοινωνία με την
 Κωνσταντινούπολη και τη νότια Ρωσία
 και το ζωηρό εμπόριο της Τραπεζούντας και των άλλων λιμανιών της Μαύρης θάλασσας εξηγούν το σχετικά υψηλό πολιτιστικό επίπεδο και την ανεπτυγμένη συνείδηση της ελληνικότητας
 των χριστιανών των παραλίων του αποκομμένου Πόντου.
 Ε. Κατσιαδάκη-Γαρδίκα, «Μικρά Ασία»,
 Ιστορία του ελληνικού έθνους, Εκδοτική
 Αθηνών, τόμ. ΙΔ´, σ. 368.
",history,12,8,7.977011945794702,0.0088017471928371,8,7.777461957531727,0.0428040543593483,4,3.996828524628313,0.0017214415271381,7,6.9777278510732685,0.0084626060262925,6,5.255545049984676,0.0865157239563094,4,3.904851407360269,0.0254122406559244,8,7.850994462203744,0.0340428874142029,7.001320761837633,7,6.999662866680154,0.0002649349468762,7.998923039773217,1.9,14.5,46.06262626262627,0.000796395
594,594,159,160,"ΕΝΟΤΗΤΑ 41
 Κοινωνικές διαστάσεις της κρίσης του 1929
 Η κρίση του 1929 επηρέασε, αν και σε διαφορετικό βαθμό,
 όλες τις κοινωνίες του δυτικού κόσμου.
 Ένα τμήμα των ανώτερων τάξεων ισχυροποιήθηκε, καθώς κατάφερε, εξαγοράζοντας επιχειρήσεις στα πρόθυρα της κατάρρευσης, να ενισχύσει σημαντικά την οικονομική και κοινωνική
 του θέση.
 Ωστόσο, για όλους τους άλλους οι εξελίξεις υπήρξαν αρνητικές.
 Οι αγρότες είδαν τα προϊόντα τους να μένουν απούλητα και τα
 εισοδήματά τους να εξανεμίζονται. Οι βιομηχανικοί εργάτες και οι
 εμποροϋπάλληλοι βρέθηκαν αντιμέτωποι με μειώσεις των μισθών
 τους, περιορισμό των ωρών εργασίας και απολύσεις. Οι μικρομεσαίοι επιχειρηματίες υποχρεώθηκαν να πουλήσουν ή να κλείσουν
 τις επιχειρήσεις τους και οι δημόσιοι υπάλληλοι να αποδεχτούν
 δραστικές μειώσεις των μισθών τους. Ένα κύμα εξαθλίωσης κάλυψε τις ΗΠΑ, την Ευρώπη και πολλές άλλες χώρες του δυτικού κόσμου προκαλώντας έντονες ―και συχνά βίαιες― διαμαρτυρίες. Ειδικά στις Η.Π.Α., που υπήρξαν η πηγή της κρίσης, υπολογίστηκε
 ότι περίπου 12.000.000 άνθρωποι έμειναν άνεργοι, πάνω από 1.600
 τράπεζες πτώχευσαν, 20.000 μικρομεσαίες επιχειρήσεις έκλεισαν,
 1 στους 20 γεωργούς έχασε την περιουσία του και ―το πιο τραγικό απ’ όλα― 23.000 άνθρωποι αυτοκτόνησαν.
 Αντιμέτωπες με τα σοβαρά κοινωνικά συμπτώματα της κρίσης, οι
 κυβερνήσεις στη Δύση αναζήτησαν λύσεις. Καθώς ο οικονομικός φι-
",history,12,7,7.106740309068802,0.0449762301914113,7,7.318289864323788,0.0514417921608204,4,3.9241723558225203,0.0215900989719131,7,6.5558728589006705,0.0695865918467716,5,4.9453461753437296,0.0791139528295861,3,3.222868569365346,0.0426613145077679,8,7.42852119629832,0.0715422647043011,7.731056911665178,7,6.980188568312684,0.0078253203572013,7.999511417824067,1.2,13.2,56.20366972477065,0.001134281
595,595,28,29,"Πριν από δύο αιώνες γνωρίζαμε ελάχιστα πράγματα για την αρχαία Αίγυπτο. Όλες οι
 επιγραφές που βρίσκονται χαραγμένες επάνω στα μνημεία ήταν ακατανόητες, γιατί δεν
 μπορούσαμε να αποκρυπτογραφήσουμε τα σύμβολα της αιγυπτιακής γραφής, τα ιερογλυφικά.
 Άλλωστε δεν ενδιαφέρονταν παρά ελάχιστοι για τα ερείπια των ναών και των τάφων που
 έμεναν μισοθαμμένα κάτω από την άμμο της ερήμου. Μετά την εκστρατεία του Ναπολέοντα
 στην Αίγυπτο (1799-1801) αρχίζει να γεννιέται το ενδιαφέρον. Ένας Γάλλος, ο Ιωάννης
 Φραγκίσκος Σαμπολιόν, κατόρθωσε το 1822 να αποκρυπτογραφήσει τα ιερογλυφικά και
 έκτοτε ένα πλήθος αρχαιολόγων προχώρησε σε ανασκαφές στην Αίγυπτο. Η ανάγνωση
 της αιγυπτιακής ιερογλυφικής γραφής έδωσε ένα πλήθος πληροφοριών για ολόκληρο τον
 προϊστορικό κόσμο του Αιγαίου και της Ανατολικής Μεσογείου.
",history,10,6,6.223958850607005,0.0430246736330019,6,5.670765784506102,0.0783266340405607,4,3.880796917809704,0.0293381585485079,5,4.69764334966078,0.055642891829173,4,3.588596880710611,0.061633193560408,3,3.0001187971068433,0.0001598951115051,6,6.00137884479409,0.0008381028815453,7.990290869236247,5,5.354759925606004,0.067679797648096,7.004176051239483,3.5,16.5,55.81233595800525,0.001243167
596,596,74,75,"2. Ο Θεόδωρος Κολοκοτρώνης εξιστορεί στον Γεώργιο Βαρνακιώτη τα γεγονότα σχετικά με τον
 αποκλεισμό και την καταστροφή της στρατιάς του Δράμαλη, 6 Αυγούστου 1822 (απόδοση στα νέα
 ελληνικά)
 «Τη στιγμή αυτή τους έχουμε στενά περιορισμένους και βρίσκονται σε άθλια κατάσταση, στενοχω­
 ρημένοι και απελπισμένοι. Επειδή, αφού μπήκαν στα Δερβενάκια ανενόχλητοι, κατέλαβαν μόνον
 τον κάμπο της Κορίνθου, κάμπο μικρό και άκαρπο και κυρίως φέτος ολότελα γυμνό. Αμέσως εμείς
 εξαφανίσαμε απ’ όλα τα περίχωρα τις προμήθειες και μέρος από τις σοδειές τις κάψαμε. Συνάμα
 καταλάβαμε όλες τις δυνατές θέσεις. Στους Τούρκους παραχωρήσαμε και τον κάμπο του Άργους,
 γυμνό και αυτό και τους πολεμούσαμε ώσπου ενδυναμωθήκαμε».
 Απόστολος Βακαλόπουλος, Επίλεκτες βασικές ιστορικές πηγές της ελληνικής επαναστάσεως, τόμ. 2, Θεσσαλονίκη 1990, σσ. 453-454.
",history,6,8,7.321083239575888,0.0810971330953053,8,7.774218403967097,0.0436880487409638,3,3.0600864872029447,0.0182456107232387,5,5.351963601677653,0.0698090443094519,5,5.238968646270223,0.1057411383163808,3,3.133189599909116,0.0315714877476729,7,7.435303728352768,0.062982372820142,7.932410179795028,7,6.423589902011713,0.0771463091998481,7.996745984928566,2.8,15.4,45.86111111111112,0.000864673
597,597,284,285,"Η νέα θρησκεία είναι φορέας πραότητας και παρηγοριάς. Αυτός είναι ο λόγος που κερδίζει
 οπαδούς σε όλες τις επαρχίες της αυτοκρατορίας. Κυρίως ο Χριστιανισμός προσελκύει
 αρχικά τους φτωχούς πληθυσμούς των μεγάλων πόλεων. Η ύπαιθρος, περισσότερο δεμένη
 με τις παραδόσεις, παραμένει, για πολύ, πιστή στην αρχαία θρησκεία.
 Σιγά-σιγά όμως ο Χριστιανισμός αποκτά οπαδούς και ανάμεσα στους ανώτερους
 οικονομικούς, πνευματικούς και διοικητικούς κύκλους και μερικές φορές αγγίζει και μέλη του
 αυτοκρατορικού περιβάλλοντος.
 Στο μεταξύ η Εκκλησία, η οποία δρα μέσα στο ρωμαϊκό κράτος, καθορίζει τη διοικητική της
 οργάνωση σύμφωνα με την οργάνωση του κράτους. Σε κάθε διοικητική μονάδα αντιστοιχεί
 μια επισκοπή με τον δικό της επίσκοπο, ο οποίος εκλέγεται από τον λαό και έχει ως έργο την
 πνευματική καθοδήγηση της τοπικής εκκλησίας. Ήδη στα τέλη του 2ου αιώνα στην ανατολική
 περιοχή της Αυτοκρατορίας οι Χριστιανοί αποτελούν την πλειονότητα των κατοίκων και η
 δράση της Εκκλησίας αγκαλιάζει τους τομείς της εκπαίδευσης, της κοινωνικής πρόνοιας και,
 συχνά, της οικονομικής διαχείρισης.
 Αντίθετοι με τα θεάματα οι Χριστιανοί αποφεύγουν την επιδεικτική δημόσια ζωή. Για
 να αποφύγουν την επαφή με τους οπαδούς της αρχαίας θρησκείας τελούν μυστικά τις
 λατρευτικές εκδηλώσεις τους. Αυτό τους καθιστά ύποπτους. Ακόμη η αντίθεσή τους στη
 λατρεία του αυτοκράτορα εμφανίζεται επικίνδυνη για την ενότητα του κράτους. Όχι και
 τόσο συστηματικοί κατά τους δύο πρώτους αιώνες,
 οι διωγμοί κατά των Χριστιανών γενικεύονται
 και γίνονται φοβεροί κατά τον 3ο αιώνα μ.Χ.
 Ο Δέκιος (249-251) και ο Διοκλητιανός (284-305)
 εξαπολύουν τους φοβερότερους διωγμούς κατά των
 Χριστιανών σε όλη την έκταση της Αυτοκρατορίας.
",history,10,8,7.730897235878729,0.0468426798723158,7,7.036701224501115,0.0131984691904775,4,3.9992914405821693,0.000471496225155,5,5.607986434222994,0.0816493585542362,4,4.154642116167963,0.0477340883787417,3,3.0373214625619767,0.0127995483520023,8,7.6767334883370495,0.0512388059638626,7.201808899046341,7,6.988700394223997,0.0049200071215803,7.995385005800017,3.1,14.9,53.78319030792529,0.001017687
598,598,72,73,"Οι μέθοδοι αποικιοκρατικής πολιτικής ήταν δύο:
 η κατάκτηση εδαφών και η
 καθυπόταξη των κατοίκων
 τους, πρακτική που εφαρμόστηκε στις περισσότερες περιπτώσεις, αλλά και
 η οικονομική διείσδυση σε
 ανεξάρτητα κράτη και η
 μετατροπή τους σε ημιαποικίες, τακτική που εφαρμόστηκε όπου ήταν αδύνατη, για λόγους διεθνών
 ισορροπιών, η κατάκτηση
 (π.χ. η γερμανική διείσδυση
 στην Οθωμανική αυτοκρατορία, στα τέλη του 19ου
 αιώνα και στις αρχές του
 20ού αιώνα).
 Η αποικιακή εξάπλωση Τα
 ευρωπαϊκά κράτη κατέλαβαν
 εδάφη στην Ασία και στην
 Αφρική. Η τελευταία μετατράπηκε, μέσα σε λίγα χρόνια, σε μια μεγάλη αποικία.
 Η Μ. Βρετανία ήταν, αναμφισβήτητα, η ισχυρότερη αποικιακή δύναμη, μια τεράστια
 αποικιακή αυτοκρατορία. Κατείχε αποικίες με πληθυ1. Οι αποικίες των ευρωπαϊκών κρατών στην Αφρική στις αρχές του 20ού αιώνα.
 σμούς κυρίως λευκών (Καναδάς, Αυστραλία, Νέα Ζηλανδία), αποικίες με πληθυσμούς κυρίως ντόπιων (Ινδία, Πακιστάν, Αφγανιστάν, Νότια Αφρική κ.ά.),
 ενώ έλεγχε και διάφορα στρατηγικά σημεία (Γιβραλτάρ, Μάλτα, Κύπρος κ.ά.).
 Η Γαλλία διέθετε αποικίες στην Αφρική (Τυνησία, Αλγερία, Μαρόκο, Σενεγάλη, Μαυριτανία κ.ά.) και στην Άπω Ανατολή (Ινδοκίνα: Βιετνάμ, Λάος, Καμπότζη).
 Άλλα ευρωπαϊκά κράτη, όπως το Βέλγιο, η Πορτογαλία, η Ισπανία, η Ιταλία, η Ολλανδία και η Γερμανία, διέθεταν
 μικρό αριθμό αποικιών.
 Την ίδια εποχή, η Ρωσία, καταλαμβάνοντας και εποικίζοντας ολόκληρη τη βόρεια Ασία, επέκτεινε την κυριαρχία
 της μέχρι τις ακτές του Ειρηνικού ωκεανού.
 Επίσης, αυτή την περίοδο, η Αγγλία και η Γαλλία άρχισαν να διεισδύουν στην Κίνα.
",history,12,8,7.998647305353785,0.0010337982033464,7,7.268851405306776,0.0468222419685451,4,3.999956086693487,4.193664360007912e-05,7,6.9994997801068735,0.0003478052881482,4,4.278406252797822,0.0697143167793524,3,3.2019068769650403,0.0404295097751956,8,7.995220110577463,0.0029790165286449,7.106685237954935,7,7.000037647597125,5.808358225146542e-05,7.998292970193688,2.4,14.2,48.6705388,0.001053088
599,599,88,89,"Πρώτο πολίτευμα της Αθήνας ήταν η βασιλεία. Για την περίοδο αυτή ελάχιστα μας είναι
 γνωστά. Τελευταίος βασιλιάς, σύμφωνα με την παράδοση, υπήρξε ο Κόδρος, ο οποίος
 θυσιάστηκε προκειμένου να αποφευχθεί
 η σύγκρουση με τους Δωριείς. Το γεγονός
 αυτό πιθανόν δείχνει ότι η μεταβολή του
 πολιτεύματος έγινε ειρηνικά. Απόδειξη
 αποτελεί το ότι και στο αριστοκρατικό
 πολίτευμα εξακολούθησε να υπάρχει
 ο θεσμός του άρχοντα-βασιλιά με
 αρμοδιότητες θρησκευτικού χαρακτήρα.
 Ουσιαστική εξουσία ασκούσαν ο
 επώνυμος άρχοντας, υπεύθυνος για τη
 σύγκληση της Εκκλησίας του Δήμου, και ο πολέμαρχος, αρμόδιος για στρατιωτικά θέματα. Οι
 έξι θεσμοθέτες ασχολούνταν με δικαστικά θέματα. Ο Άρειος Πάγος ήταν υπεύθυνος για την
 τήρηση των νόμων. Η Εκκλησία του Δήμου, ως συνέλευση όλων των Αθηναίων, απέκτησε
 μεγάλη σημασία στα μεταγενέστερα χρόνια.
 Προβλήματα, όμως, της καθημερινής ζωής προκαλούσαν εντάσεις. Την εξουσία των ευγενών
 είχαν ήδη αρχίσει να αμφισβητούν οι έμποροι και οι βιοτέχνες, οι οποίοι με την ανάπτυξη του
 θαλάσσιου εμπορίου είχαν αποκτήσει μεγάλη οικονομική δύναμη. Από την άλλη πλευρά οι
 χρεωμένοι αγρότες απαιτούσαν κατάργηση των χρεών. Όσοι από αυτούς δεν μπορούσαν να
 ξεπληρώσουν τα χρέη τους γίνονταν δούλοι.
 Την κατάσταση εκμεταλλεύτηκε ο Κύλωνας, ο οποίος το 632 π.Χ., με την υποστήριξη
 πολλών οπαδών του, θέλησε να πάρει την εξουσία και να γίνει τύραννος. Το κίνημά του απέτυχε
 και ο ίδιος δραπέτευσε στα Μέγαρα. Οι οπαδοί του, όμως, παρόλο που είχαν καταφύγει
",history,10,7,7.377185026593576,0.0535692678562758,7,7.018328010892333,0.011082228359103,4,3.9933080210849994,0.0032275781740725,7,6.936054867122948,0.0175704156144895,5,4.802685933209432,0.0712244768394419,3,3.000801396572342,0.0005270123415526,8,7.871008525467779,0.0318111951618973,7.0850960767180595,7,6.9887029940719,0.0049141129761179,7.995926841418623,1.2,11.8,47.22464103751737,0.000915342
600,600,157,158,"Πρόλογο του πολέμου αποτέλεσε η εισβολή
 των Θηβαίων στην Πλάταια, παραδοσιακή
 φίλη της Αθήνας. Ο πελοποννησιακός
 στρατός, με αρχηγό τον βασιλιά της Σπάρτης
 Αρχίδαμο, λεηλατεί την ύπαιθρο της
 Αττικής και ο πληθυσμός της αναγκάζεται
 να καταφύγει μέσα στην οχυρωμένη πόλη.
 Το 430 π.Χ. μια μολυσματική ασθένεια
 αποδεκατίζει τον πληθυσμό της Αθήνας.
 Θύμα της και ο ίδιος ο Περικλής (429 π.Χ.).
 Οι Αθηναίοι χάνουν το ηθικό τους. Ισάξιος
 διάδοχος του Περικλή δεν υπάρχει. Στην πολιτική κυριαρχούν πλέον οι δημαγωγοί*.
 Για να αντιμετωπίσει τις σπαρτιατικές επιδρομές, η Αθήνα πιέζει οικονομικά τους Συμμάχους.
 Οι αυθαιρεσίες προκαλούν εξεγέρσεις. Η Λέσβος πρωτοστατεί (428 π.Χ.) και η αποστασία
 καταπνίγεται με αγριότητα από τους Αθηναίους.
 Το 425 π.Χ. ένα απροσδόκητο γεγονός, η κατάληψη του μικρού νησιού Σφακτηρία στην Πύλο
 από τους Αθηναίους και η σύλληψη πολλών Σπαρτιατών, αναγκάζει τη Σπάρτη, για να πετύχει
 την απελευθέρωση των αιχμαλώτων, να ζητήσει ειρήνη. Οι Αθηναίοι απορρίπτουν την πρόταση.
",history,10,7,7.130230425627815,0.032779743592473,6,6.255658716022012,0.0528640931666677,4,3.5312101162287064,0.0555061828344429,5,5.198989953827095,0.0652040878334757,4,3.8715473278352874,0.0715254165962747,3,3.37809834802664,0.0534583862453271,7,6.871510555406985,0.0835109213265342,7.989007220714768,7,6.965442776328345,0.0116457209902766,7.979597899808141,0.1,10.5,44.46167127071824,0.000743207
601,601,198,199,"Κορυφαίο δημιούργημα των κλασικών γραμμάτων είναι η θεμελίωση της επιστήμης της
 ιστορίας. Για πρώτη φορά ο Ηρόδοτος (484-425 π.Χ.), που ονομάστηκε πατέρας της
 ιστορίας, αφηγείται τους μηδικούς πολέμους καταγράφοντας ταυτόχρονα λεπτομερώς και με
 χρονολογική σειρά την ιστορία των λαών της Ανατολής και της Αιγύπτου και των ελληνικών
 πόλεων. Όμως, μαζί με τα πραγματικά ιστορικά στοιχεία παρουσιάζει και πολλά μυθολογικά που
 θολώνουν την πραγματική ιστορική εικόνα. Αυτή την αδυναμία θα διορθώσει σε μεγάλο βαθμό ο
 επόμενος μεγάλος αρχαίος Έλληνας ιστορικός, ο Θουκυδίδης από την Αθήνα (460-400 π.Χ.).
 Ο Θουκυδίδης, που βασικά εξιστορεί τον αδελφοκτόνο Πελοποννησιακό πόλεμο, αποφεύγει
 τις εύκολες μυθολογικές ερμηνείες των ιστορικών γεγονότων, προσπαθώντας να εξιχνιάσει τις
 πραγματικές αιτίες που γεννούν τα ιστορικά γεγονότα και να καταγράψει με ακρίβεια και όσο πιο
 αντικειμενικά μπορεί τα αποτελέσματά τους. Στην πραγματικότητα ο Θουκυδίδης είναι ο θεμελιωτής
 της επιστημονικής ιστορικής έρευνας. Όμως και αυτός, όπως και ο Ξενοφώντας ο Αθηναίος
 (430/25-355 π.Χ.) –αργότερα και άλλοι– δε θα μπορέσουν να αποφύγουν να χρωματίσουν με
 προσωπικές απόψεις –υποκειμενικά στοιχεία– το έργο τους, αφού μάλιστα εξιστορούν κυρίως
 σύγχρονά τους γεγονότα.
 Στη φιλοσοφία επίσης θα αναπτυχθούν νέα ρεύματα, όπως αυτό των σοφιστών, που
 κατακρίθηκαν από άλλους σύγχρονούς τους μεγάλους φιλοσόφους, όπως ο Σωκράτης (470-399
 π.Χ.) και ο μαθητής του Πλάτωνας (427-347 π.Χ.), ότι πρόβαλλαν το προσωπικό όφελος σε
 βάρος του συλλογικού. Ωστόσο η συμβολή τους στη θεμελίωση της παιδαγωγικής επιστήμης και
 της ρητορικής είναι απαραγνώριστη. Ο Σωκράτης που δεν έγραψε κανένα έργο και τη διδασκαλία
 του γνωρίζουμε από τα έργα των μαθητών του, κυρίως από τα πολλά έργα του Πλάτωνα
 που σώθηκαν, θεωρείται ο πατέρας της διαλεκτικής* μεθόδου και ο κήρυκας της ηθικής
 διαβίωσης. Την ηθική διδασκαλία του δασκάλου του συνέχισε και ανέπτυξε σημαντικότατα ο
 Πλάτωνας που θεωρούσε ότι υπάρχει μία ιδανική σφαίρα ζωής όπου κυριαρχούν οι ιδέες του
 καλού, του ωραίου, του ηθικού προς τις οποίες πρέπει να κατευθύνεται η ζωή των ανθρώπων.
 Μαθητής του Πλάτωνα υπήρξε ο Αριστοτέλης από τα Στάγιρα της Χαλκιδικής, που εκτός από τη
",history,10,8,7.993572717377873,0.0034981967211514,7,7.143600907472461,0.0356329515411653,4,4.000003895524969,3.249195176170327e-05,7,6.99554354709926,0.0022174501864147,6,5.667741860518618,0.0569594183068172,3,3.042084192431048,0.0140166590263049,8,7.996283108341686,0.0024621457714005,7.148041233926278,7,6.99924505777642,0.0005075161982592,7.998067703112156,4.0,16.0,55.60743675708626,0.001111214
602,602,53,54,"4. Αυτά τα
 αγάλματα, που
 βρίσκονταν στην
 Αγορά,
 παρίσταναν
 τους δέκα
 μυθικούς ήρωες,
 από τους
 οποίους πήρε το
 όνομά της
 καθεμιά από τις
 δέκα φυλές των
 Αθηναίων.
",history,4,5,5.2758662140468005,0.0486788125315614,4,3.9999902326554406,1.0035445780413722e-05,2,2.29421465514357,0.048654306192614,5,5.107749959999637,0.0533778455880089,3,2.564987928057235,0.0561685288676248,3,2.9770470785413607,0.0088084188282278,5,5.257473899713659,0.0478982329857466,7.9465961650039105,7,6.857425438864539,0.033909473851966,7.999698043846365,6.7,15.4,37.875,0.000618825
603,603,30,31,"η Πυθία: η
 ιέρεια του θεού
 Απόλλωνα στο
 μαντείο των
 Δελφών, η
 οποία μετέδιδε
 τους  χρησμούς
 στους ανθρώπους. Η φράση
 που ακούμε
 σήμερα: «κάνει
 την Πυθία»
 σημαίνει ότι
 λέει κάποιος ή
 κάποια λόγια
 μπερδεμένα.
 η συνέλευση:
 ο τόπος όπου
 συναντιόνταν
 οι αντιπρόσωποι
 του λαού για
 να συζητήσουν
 διάφορα
 θέματα.
",history,4,7,7.015073420902866,0.0105325289197774,4,4.003823621478659,0.0062087767002306,3,2.9953915440237324,0.0023622493841537,5,5.565993212811009,0.0858588487718418,2,2.513649764886395,0.0594000055598756,2,2.033062566127228,0.0116910301955621,7,7.182849086450005,0.0854572415695513,7.998297797123939,7,6.951674859485138,0.0132959261619412,7.999180070512921,2.6,11.2,41.70056497175142,0.001022212
604,604,47,48,"παράθεμα 2 Οι δρακόντειοι νόμοι
 Ο Δράκοντας όρισε για όλα τα αδικήματα μια τιμωρία, τον θάνατο.
 Όσοι κατηγορούνταν για τεμπελιά τιμωρούνταν με θάνατο. Επίσης και
 αυτούς που έκλεβαν φρούτα ή λαχανικά τους τιμωρούσαν το ίδιο αυστηρά, όπως εκείνους που είχαν σκοτώσει. Γι' αυτό ο Δημάδης πολύ
 σωστά είπε ότι ο Δράκοντας έγραψε τους νόμους του με αίμα και όχι με
 μελάνι. Μάλιστα ρώτησαν και τον ίδιο γιατί όρισε ως τιμωρία για όλα
 σχεδόν τα αδικήματα τον θάνατο. Εκείνος τότε απάντησε ότι τα μικρά
 αδικήματα αξίζουν αυτή την τιμωρία, για τα μεγάλα όμως δεν υπάρχει
 μεγαλύτερη τιμωρία από αυτήν.
 Πλούταρχος, Σόλωνας, 17 (διασκευή)
 3. Οι νόμοι του Δράκοντα ήταν χαραγμένοι σε μαρμάρινες πλάκες.
",history,4,6,6.121681322228312,0.0335460189988456,8,7.914816102851546,0.024550175139912,3,3.0000737109073725,6.440873223965308e-05,5,4.593683021366843,0.0674231846891133,4,4.904253851658723,0.0907395063473715,4,4.028811458588052,0.0109607987316591,6,6.005268061719526,0.0027081544737547,7.993306604051895,7,6.687230234835624,0.0567102529774053,7.999563541531188,1.7,9.8,42.5625,0.000873153
605,605,102,103,"Οι πόλεις που βρίσκονταν γύρω από ένα ιερό
 συγκροτούσαν ενώσεις,
 με σκοπό να ρυθμίζουν
 θέματα που σχετίζονταν
 με τη λειτουργία και την
 ασφάλειά του. Οι ενώσεις
 αυτές ονομάζονταν αμφικτιονίες. Η πιο γνωστή
 ήταν η αμφικτιονία των
 Δελφών. Κάθε πόλη συμμετείχε στην ένωση με
 δύο αντιπροσώπους, οι
 οποίοι συνεδρίαζαν δύο
 φορές τον χρόνο. Τα θέματα που συζητούσαν
 αφορούσαν όχι μόνο το
 ιερό, αλλά και εκδηλώσεις
 της κοινωνικής ζωής. Μια απόφαση μάλιστα, όπως αυτή που έλεγε ότι η στέρηση νερού για
 οποιονδήποτε λόγο από μια πόλη αποτελεί πράξη ιεροσυλίας, θεωρείται και σήμερα ως πολύ
 προοδευτική. Γενικά, οι αποφάσεις των αμφικτιονιών ήταν σεβαστές από όλους.
",history,10,7,6.906454998843117,0.0374443385417472,6,6.164441496633884,0.0386727762182216,3,3.164516644906257,0.0359024183621096,4,4.297543312509802,0.0497502612605478,3,3.390571584063764,0.0571776731016738,3,3.0008035488233418,0.0005255980368168,6,6.271354902239963,0.0475609405640103,7.994088261687324,5,5.188103920158937,0.0491740224612849,7.009666050347732,1.9,11.4,41.64596273291925,0.000890231
606,606,81,82,"ΕΝΟΤΗΤΑ 18
 Από την άφιξη του Όθωνα (1833)
 έως την 3η Σεπτεμβρίου 1843
 Η εκλογή και η άφιξη του Όθωνα
 στην Ελλάδα Ο εμφύλιος πόλεμος
 που ξέσπασε στην Ελλάδα μετά τη
 δολοφονία του Καποδίστρια έκανε
 τις Δυνάμεις να επέμβουν στα ελληνικά πράγματα, για να αποτρέψουν τη
 δημιουργία μιας εστίας αναταραχής
 στη νοτιοανατολική Μεσόγειο, εξέλιξη που θα έβλαπτε τα συμφέροντά
 τους. Όρισαν, λοιπόν, βασιλιά της Ελλάδας τον Όθωνα, τον 17χρονο γιο
 του βασιλιά της Βαυαρίας Λουδοβί1. Π. φον Ες, Η αποβίβαση του Όθωνα στο Ναύπλιο, 25 Ιανουαρίου 1833.
 κου Α´ (συνθήκη του Λονδίνου, 1832).
 Το πολίτευμα ορίστηκε να είναι απόλυτη μοναρχία. Επιπλέον, οι Δυνάμεις έδωσαν στην Ελλάδα 20.000.000 φράγκα ως
 πρώτη δόση ενός δανείου που θα έφτανε συνολικά τα 60.000.000 φράγκα.
 Η περίοδος της Αντιβασιλείας (1833-1835) Επειδή ο Όθωνας ήταν ανήλικος, συμφωνήθηκε ότι την εξουσία θα ασκούσε,
 μέχρι την ενηλικίωσή του (1835), η Αντιβασιλεία, μια επιτροπή από Βαυαρούς αξιωματούχους διορισμένους από τον πατέρα
 του Όθωνα. Τα τρία κύρια μέλη της ήταν ο Άρμανσμπεργκ, πρωθυπουργός και υπουργός Εξωτερικών, ο Μάουρερ, αρμόδιος
 για την εκπαίδευση, τη δικαιοσύνη και την εκκλησία, και ο Χάιντεκ, υπεύθυνος για τις ένοπλες δυνάμεις. Η Αντιβασιλεία
 Τρεις διαφορετικές απόψεις για το έργο της Αντιβασιλείας
",history,12,7,7.136225062803682,0.0847872516646313,7,6.7412918027062005,0.0590644314537022,4,3.8807972452536603,0.0293377876029476,7,6.084827401379243,0.078984136242685,4,4.118307634895245,0.0629584121301476,3,3.067551725303929,0.0198628855019426,6,6.432608250415697,0.0540310017440855,7.893308776350295,7,6.989110602171202,0.0041970811911665,7.998496363932418,3.8,14.3,55.50262279446829,0.001184225
607,607,291,292,"(Προοίμιο)
 Ευρισκόμενοι στο Μιλάνο, εγώ ο Αύγουστος Κωνσταντίνος και εγώ ο Αύγουστος Λικίνιος,
 κάτω από καλούς οιωνούς και αναζητούντες με φροντίδα κάθε τι που θα απέβλεπε στο
 γενικό καλό… πιστέψαμε ότι έπρεπε να τακτοποιήσουμε όλα εκείνα τα οποία αφορούν
 στην οφειλόμενη λατρεία προς το Θείον και να παραχωρήσουμε στους Χριστιανούς και
 σε όλους τους υπηκόους μας την ελεύθερη άσκηση των λατρευτικών τους καθηκόντων
 στη θρησκεία της επιλογής τους. Είθε, επομένως, το Θείον, στην ουράνια κατοικία του, να
 εκδηλώσει την ικανοποίησή του και να στείλει τις χάρες του και σε μας και στους λαούς
 που ζουν υπό την εξουσία μας.
 Λακτάντιος, De mortibus persecutorum 47 (Μετ. Β.Σ.)
",history,10,8,7.999355116966853,0.00078556240667,8,7.9528831450738835,0.0157698458650837,4,4.000120305805467,0.0012372706680527,7,6.995061078599987,0.0024917550049985,4,4.814530133240623,0.1102388843458561,4,4.129664642880698,0.0653697928050307,8,7.992355180910408,0.00465297478045,7.000326840101479,7,6.999674476063433,0.0004110131776208,7.998206541247782,10.0,21.4,57.52272727272727,0.001088542
608,608,29,30,"Οι Έλληνες, όπως πολλοί άνθρωποι, ήθελαν να
 προβλέ­πουν το μέλλον. Για
 να βρούνε απαντήσεις στα
 προβλήματά τους πήγαιναν
 στα μαντεία. Το πιο γνωστό
 ήταν το μαντείο των Δελφών, το οποίο ήταν αφιερωμένο στον θεό Απόλλωνα.
 Οι χρησμοί, όπως λέγονταν
 οι απαντήσεις που έδινε η
 Πυθία, δεν είχαν πάντοτε ξεκάθαρο νόημα.
 Οι άνθρωποι που κατοικούσαν γύρω από τέτοιους
 3. Στον ιερό βωμό του μαντείου των Δελφών
 ιερούς τόπους σχημάτιζαν
 ήταν πάντα αναμμένη η φωτιά.
 ενώσεις. Αυτό γινόταν γιατί
 συνήθως εκεί υπήρχαν θησαυροί που ήθελαν να τους προφυλάξουν.
 Ανάμεσα σ’ αυτές τις ενώσεις, που ονομάζονταν Αμφικτιονίες, ξεχωρίζει η Αμφικτιονία των Δελφών. Όταν γινόταν συνέλευση, κάθε πόλη
 έστελνε δυο αντιπροσώπους. Οι αποφάσεις που παίρνονταν ήταν σεβαστές απ’ όλους τους κατοίκους της περιοχής.
 Όλες αυτές οι δραστηριότητες ένωναν τους Έλληνες και τους έκαναν να νιώθουν μέλη μιας μεγάλης οικογένειας.
",history,4,6,5.9981340399125145,0.0011735669006492,5,5.108550847023707,0.0927480784349884,3,2.999447554998369,0.0003778545708744,5,4.683267581942289,0.0519619248457976,3,2.8873648709022746,0.0637556435418215,2,2.067548973052908,0.0198564681437505,6,5.989038165164857,0.0048826008516259,7.982012750111409,5,4.995967052362175,0.0238301147639511,7.002741067408351,1.0,11.0,43.01963906581741,0.00084336
609,609,2,3,"Οι Δωριείς ήταν το τελευταίο ελληνικό φύλο που μετακινήθηκε προς
 τη νότια Ελλάδα. Είναι δύσκολο σήμερα να εξηγήσουμε τους λόγους
 που τους έκαναν να αναζητήσουν άλλη πατρίδα. Οι άνθρωποι ακόμη
 και σήμερα εγκαταλείπουν έναν χώρο, όταν κινδυνεύουν ή όταν θέλουν
 να ζήσουν καλύτερα.
 το φύλο: το
 σύνολο των
 Η πορεία προς τον νότο έγινε αργά. Πολλές ομάδες άρχισαν τότε
 ανθρώπων
 να μένουν άλλοτε προσωρινά και άλλοτε μόνιμα σε διάφορα μέρη.
 με κοινά χαραΚάποιοι από αυτούς φαίνεται ότι παρέμειναν στη Στερεά Ελλάδα και
 κτηριστικά,
 όπως καταγωειδικά στην περιοχή της Δωρίδας, όπως και η λέξη φανερώνει.
 γή, θρησκεία,  
 Η κάθοδος των Δωριέων δεν έγινε μονομιάς. Χρειάστηκαν πολλά χρόνια.
 γλώσσα, συνήΣήμερα μας είναι άγνωστοι ακόμη και οι δρόμοι που ακολούθησαν. Το πιο
 θειες.
 πιθανό είναι ότι πέρασαν στην Πελοπόννησο από τον Ισθμό της Κορίνθου.
 Στην Πελοπόννησο χωρίστηκαν σε μικρότερες ομάδες και κατευθύνθηκαν σε διαφορετικές περιοχές. Μια ισχυρή ομάδα κατευθύνθηκε νοτιότερα και κατέλαβε
 τη Σπάρτη και την εύφορη πεδιάδα του ποταμού Ευρώτα. Οι
 παλιοί κάτοικοι έγιναν είλωτες
 που αναγκάστηκαν να καλλιεργούν τη γη. Οι Δωριείς φαίνεται
 ότι στην αρχή ήταν πιο πολλοί,
 γι’ αυτό όλοι οι κάτοικοι μίλησαν
 αργότερα τη διάλεκτό τους, τη
 δωρική.
",history,4,7,7.013113468237719,0.0080691416773486,7,6.962574769317143,0.0615857651790348,3,3.2018142360830097,0.0403867577010787,5,5.076870116772625,0.063087616058575,4,3.8646557454758295,0.0503968504836096,3,3.060090900340583,0.0182578459437337,6,6.400951174079182,0.0585260147424008,7.95257331249519,7,6.863751337378858,0.0322422267233049,7.966836363892071,1.2,10.7,40.32592592592593,0.000857318
610,610,55,56,"λοκαίρι του 1848, ένας αληθινός κοινωνικός πόλεμος που τελείωσε με τη συντριβή των ριζοσπαστικών δυνάμεων. Η
 κυριαρχία των μετριοπαθών φιλελεύθερων επιβεβαιώθηκε με την εκλογή ως προέδρου της Γαλλίας του πρίγκιπα
 Λουδοβίκου-Ναπολέοντα Βοναπάρτη, την αφαίρεση των πολιτικών δικαιωμάτων από τους εργάτες και τον περιορισμό της ελευθεροτυπίας.
 Η επανάσταση στην Αυστρία προκάλεσε αρχικά την παραίτηση και τη φυγή από τη Βιέννη του αυταρχικού πρωθυπουργού Μέτερνιχ καθώς και την παραίτηση του αυτοκράτορα Φερδινάνδου. Ωστόσο, οι αντιθέσεις ανάμεσα στους
 μετριοπαθείς φιλελεύθερους, που συμμετείχαν στην κυβέρνηση, και τους ριζοσπάστες δημοκρατικούς, που αξίωναν
 μεταρρυθμίσεις, οδήγησαν σε νέα επανάσταση (Οκτώβριος 1848), η οποία καταπνίγηκε.
 Η επανάσταση των Ούγγρων ήταν η σημαντικότερη μιας σειράς επαναστάσεων (Βοημία, Ιταλία) που εκδηλώθηκαν
 στην επικράτεια της Αυστρίας, ευνοημένες από τον γενικότερο επαναστατικό αναβρασμό. Με επικεφαλής τον Λάγιος
 Κόσουτ, οι επαναστάτες κήρυξαν την ανεξαρτησία της Ουγγαρίας, σχημάτισαν κυβέρνηση και θέσπισαν νόμους. Τελικά, όμως, και αυτή η επανάσταση καταπνίγηκε.
 Η επανάσταση στην Πρωσία άρχισε με εξέγερση στο
 Βερολίνο. Αμέσως, ο βασιλιάς Φρειδερίκος Γουλιέλμος
 Γ´ υποσχέθηκε παραχώρηση συντάγματος. Παράλληλα,
 και καθώς δυνάμωναν οι φωνές που υποστήριζαν την
 ενοποίηση του γερμανικού χώρου, συγκροτήθηκε η συνέλευση της Φρανκφούρτης. Σε αυτή διαμορφώθηκαν
 δύο ρεύματα: το ένα υποστήριζε τη δημιουργία μιας
 Μεγάλης Γερμανίας με τη συμμετοχή και της Αυστρίας
 και το άλλο τη συγκρότηση μιας Μικρής Γερμανίας υπό
 την καθοδήγηση της Πρωσίας. Αν και η πλειοψηφία της
 συνέλευσης τάχθηκε με τη δεύτερη άποψη, η αντίδραση της Αυστρίας εμπόδισε τη δημιουργία ενός ενιαίου
 γερμανικού κράτους.
 Μια αποτίμηση Τα επαναστατικά κινήματα του 1848,
 η άνοιξη των λαών όπως ονομάστηκαν, επηρέασαν ουσιαστικά το πολιτικό τοπίο. Η μεγαλοαστική τάξη, ο
 αληθινός κερδισμένος, αύξησε, στα περισσότερα κράτη, τον βαθμό συμμετοχής της στη διαχείριση της πο3. Η επανάσταση του 1848 στο Βερολίνο.
 ΝΕΟΤΕΡΗ ΚΑΙ ΣΥΓΧΡΟΝΗ ΙΣΤΟΡΙΑ
",history,12,8,8.02618143172731,0.0123235498125035,7,6.993543686676276,0.0072096303010082,4,4.053344462051882,0.0167847086437533,7,6.99990416088076,0.0001037754700465,4,4.474917851372368,0.0773819721108673,4,3.851983125322164,0.0336952707399061,8,8.010902140935286,0.0062600988133877,7.075853557434357,7,7.0085685762467165,0.0039731664850198,7.999087575385811,3.1,16.9,59.21951219512195,0.001116363
611,611,84,85,"θεωρούνταν στα χρόνια του Περικλή όσοι είχαν πατέρα και μητέρα που
 κατάγονταν από την Αθήνα. Αυτοί είχαν και τα περισσότερα δικαιώματα.
 Μέτοικοι ονομάζονταν οι ξένοι που είχαν εγκατασταθεί μόνιμα στην
 πόλη. Αυτοί συνήθως ασχολούνταν με το εμπόριο και πλήρωναν έναν
 φόρο (μετοίκιο) για την προστασία που τους πρόσφερε η πόλη.
 Στην Αθήνα ζούσαν και αρκετοί δούλοι, που έκαναν όλες τις βαριές
 δουλειές. Πολλοί απ’ αυτούς ήταν αιχμάλωτοι. Η ζωή τους ήταν δύσκολη και κοπιαστική. Αν ένας δούλος είχε παράπονα από τον αφέντη του, μπορούσε να καταφύγει σ’ έναν ναό και να ζητήσει προστασία. Μετά ήταν δυνατό να πουληθεί σε άλλον αφέντη, χωρίς όμως να
 είναι βέβαιο ότι θα καλυτερέψει η ζωή του. Γενικά η ζωή των δούλων
 στην Αθήνα, σε σύγκριση με τη ζωή άλλων σε διάφορες πόλεις, ήταν
 πιο καλή. Πολλοί δούλευαν ως αστυνομικοί, λογιστές και παιδαγωγοί.
",history,4,6,6.006637323201204,0.006125489849168,6,6.155289602417824,0.0583044525490651,3,2.9999950812589304,9.480481120361349e-06,4,4.0199979149225555,0.008262372006072,4,3.995020380180904,0.0468591067776415,3,2.9999875347166247,6.124340179687273e-05,6,5.999688575164328,0.0005572917825372,7.995390018226033,5,4.752842458954376,0.0530598040442504,7.015859541948885,1.1,8.9,35.20926243567753,0.000805711
612,612,116,117,"Ο Αλέξανδρος σ’ έναν λόγο του λέει στους Μακεδόνες:
 «Ο Φίλιππος σας βρήκε νομάδες και φτωχούς, τους πιο πολλούς ντυ­
 μένους με δέρματα ζώων, να βόσκετε τα λιγοστά πρόβατά σας πάνω
 στα βουνά και να τα υπερασπίζεστε προβάλλοντας αδύναμη αντίστα­
 ση στους γείτονές σας. Σας έντυσε με ρούχα υφασμάτινα αντί για
 δέρματα και σας κατέβασε από τα βουνά στις πεδιάδες και σας έκανε
 άξιους να αντιμετωπίζετε στη μάχη τους βαρβάρους που κατοικούν
 στα σύνορά σας και να στηρίζεστε πια στο θάρρος σας πιο πολύ παρά
 στα οχυρώματα. Σας έκανε κατοίκους των πόλεων και ανθρώπους
 πολιτισμένους με την προσφορά σωστών νόμων και συνηθειών».
 Αρριανός, Αλεξάνδρου Ανάβαση, Ζ ´, 9, 2 (διασκευή)
",history,4,7,6.999112775379295,0.0067612857530254,6,5.268567510575622,0.0953722095512537,3,3.1480475413281397,0.0336720327954549,5,4.977022566368248,0.0505527720651629,4,3.782061939306004,0.0587961157605932,3,3.3778001342252537,0.0533497542397115,6,6.383516907396569,0.0549927463151273,7.939912628357206,7,6.954927260546725,0.0140009608495153,7.998653634897849,6.9,16.5,57.65,0.001325259
613,613,140,141,"Ο όρκος που έδιναν οι δικαστές της Ηλιαίας,
 όταν αναλάμβαναν τα καθήκοντά τους:
 «Θα ψηφίζω σύμφωνα με τους νόμους.
 Στην περίπτωση που κάτι δεν προβλέπεται
 από τον νόμο, θα αποφασίζω αυτό που
 είναι δίκαιο, χωρίς να παρασύρομαι από τη
 φιλία ή την έχθρα. Θα ψηφίζω λαμβάνοντας
 αποκλειστικά υπόψη αυτό που έχει κατατεθεί
 στο δικαστήριο. Θα ακούω με την ίδια
 προσοχή και τα δύο αντίδικα μέρη.
 Ορκίζομαι στον Δία, τον Απόλλωνα και τη
 Δήμητρα».
",history,10,7,6.995054766158859,0.0259829846745014,4,4.016022761716158,0.0048210253843742,3,3.0003336270339034,0.0002444443553742,5,4.852274284086434,0.0478491532983311,3,3.01390010718535,0.032490939738453,3,2.9867429369721776,0.0064524657962346,7,6.929548285534906,0.0556383160361977,7.99752490181217,7,6.581264580954667,0.0620219205755681,7.999436249769332,1.9,9.4,38.17647058823529,0.000913659
614,614,103,104,"Επηρεασμένοι από τους παλαιότερους λαούς της περιοχής, οι Πέρσες είχαν υιοθετήσει τη
 σφηνοειδή γραφή.
 Οι Έλληνες της Μικράς Ασίας δημιούργησαν έναν λαμπρό πολιτισμό. Εργατικοί και δραστήριοι,
 ανέπτυξαν εμπορικές σχέσεις με όλους τους κατοίκους της Μεσογείου και ιδιαίτερα του Εύξεινου
 πόντου, τα παράλια του οποίου είχαν οι ίδιοι αποικίσει. Η ανεξαρτησία τους, όμως, απειλήθηκε
 και τελικά περιορίστηκε από τους Λυδούς και αργότερα από τους Πέρσες. Υποχρεώθηκαν έτσι
 να πληρώνουν βαρύ φόρο και να ακολουθούν τους Πέρσες στις εκστρατείες. Η εκστρατεία των
 Περσών που έγινε το 513 π.Χ. εναντίον των Σκυθών στα βόρεια του Δούναβη απέτυχε. Είχε όμως
 ως αποτέλεσμα να τεθεί η Θράκη υπό περσικό έλεγχο.
 Η κατοχή των Στενών από τους Πέρσες εμπόδισε τους Έλληνες της Μικράς Ασίας να συνεχίσουν το εμπόριο στον ευρύ χώρο του Εύξεινου πόντου, προκαλώντας οικονομικό μαρασμό.
",history,10,7,7.222388326960527,0.0427712101214855,6,6.431147971465784,0.0577036451877285,4,3.679179762383825,0.0503905803070429,5,5.056068092244686,0.0421559622084683,4,3.919269054204051,0.0501097769111383,3,3.020331857256167,0.0079791748147052,7,6.946419526305732,0.041424888339164,7.997814953493588,6,6.104418912326764,0.0879803797655447,7.017962851656193,1.9,12.2,44.224489795918366,0.000935089
615,615,176,177,"1. Αγγλικοί πανηγυρισμοί
 μετά τη συμφωνία
 του Μονάχου
 Ας έχετε ήσυχη τη συνείδησή
 σας. Ας ευχαριστείτε τον Θεό. Ο
 λαός της Μεγάλης Βρετανίας και
 τα παιδιά σας είναι ασφαλείς. Οι
 άντρες σας και οι γιοι σας δεν θα
 πάνε στον πόλεμο. Η ειρήνη είναι
 μια νίκη για ολόκληρη την ανθρωπότητα.
 Αν πρέπει να υπάρχει κάποιος
 νικητής, ας επιλέξουμε τον Τσάμπερλαιν. Λόγω των επιτυχιών του
 πρωθυπουργού, εκατομμύρια οικογένειες και καρδιές είναι ανακουφισμένες και ευτυχισμένες. Του
 αξίζουν, λοιπόν, συγχαρητήρια. Και
 τώρα ας επιστρέψουμε στις δουλειές μας. Αρκετά μας ταλαιπώρησαν και μας σύγχυσαν οι απειλές
 που πλανιόνταν όλο αυτό τον καιρό πάνω από την ήπειρό μας.
 Εφημερίδα Daily Express,
 30 Σεπτεμβρίου 1938.
 Πηγή:
 3. Ενθουσιασμένοι Λονδρέζοι επευφημούν τον Τσάμπερλαιν (διακρίνεται στο παράθυρο πάνω
 δεξιά) μετά την υπογραφή της συμφωνίας του Μονάχου. Πολλοί στην Αγγλία ―και όχι μόνο–
 πίστευαν ότι θυσιάζοντας την Τσεχοσλοβακία είχε εξασφαλιστεί η ειρήνη.
",history,12,6,6.164012528340821,0.0348745593262472,4,4.146590201649815,0.0327073086939453,3,2.9993840029822083,0.0004314439391937,4,4.476689241205122,0.0578882468440813,4,3.811177948839031,0.0769896026496253,2,2.0117397259086545,0.005126714141827,6,6.05397341467733,0.0162873520161747,7.867034907107779,5,4.977717787431288,0.0585983802382108,7.002136162620445,0.5,10.6,39.27704590818363,0.000771287
616,616,54,55,"Περίπου το 1200 π.Χ. παρατηρείται μια αιφνίδια κάμψη της μυκηναϊκής ισχύος. Ανάκτορα,
 ακροπόλεις και οικισμοί καταστρέφονται. Συγχρόνως εξαφανίζεται η Γραμμική γραφή Β.
 Τα ελληνικά δε θα εμφανισθούν ως γραφή παρά τον 8ο αιώνα π.Χ. Δε γνωρίζουμε με ακρίβεια
 τους λόγους που προκάλεσαν αυτή την καταστροφή. Άλλοι επιστήμονες την αποδίδουν σε
 μετακίνηση νέων ελληνικών φύλων (κάθοδος των Δωριέων), άλλοι σε εσωτερικές αναταραχές
 και άλλοι, τέλος, στην τρομακτική αναστάτωση που επικρατεί αυτή την περίοδο στην ανατολική
 λεκάνη της Μεσογείου, με την πτώση του κράτους των Χετταίων και με τις επιθέσεις των
 λεγόμενων «λαών της θάλασσας» εναντίον της Αιγύπτου. Η αναστάτωση αυτή είχε ως συνέπεια
 την πτώση του μυκηναϊκού εμπορίου και τη σταδιακή παρακμή των μυκηναϊκών ανακτόρων
 εξαιτίας της οικονομικής κρίσης. Μάλλον, όμως, η πτώση της μυκηναϊκής δύναμης οφείλεται
 σε ένα συνδυασμό και των τριών λόγων. Ο μυκηναϊκός πολιτισμός έχασε την ισχύ του, δεν
 κατέρρευσε όμως τελειωτικά. Πολλά στοιχεία του θα επιβιώσουν και θα μεταλαμπαδευθούν
 στην επόμενη φάση του ελληνικού πολιτισμού.
",history,10,8,7.6513280456722015,0.0522500418522319,7,7.004830163689206,0.0158030658349011,4,3.999770373760839,0.0001745804236862,7,6.894825408337454,0.027652603461551,4,4.0908952630666136,0.0381566545316892,4,3.7311368189082543,0.0468028139939772,7,7.388056190419391,0.0593932423846934,7.985926178155751,7,6.999525936261307,0.0003305596102431,7.987506154808216,1.8,13.1,52.26593406593406,0.001010119
617,617,289,290,"Η Τετραρχία ήταν ένα σύστημα πολύπλοκο, δύσκολα επιβιώσιμο. Μετά την παραίτηση
 του Διοκλητιανού (305 μ.Χ.) ακολουθεί περίοδος σύγχυσης, αναταραχής και συγκρούσεων.
 Για την εξουσία και τον τίτλο του αυγούστου στη Δύση συγκρούονται ο Κωνσταντίνος και
 ο Μαξέντιος. Ο Κωνσταντίνος, στην κρίσιμη φάση του αγώνα του εναντίον του Μαξέντιου,
 στρέφεται προς τους Χριστιανούς. Μετά τη νίκη του στη Μουλβία γέφυρα και τον θάνατο
 του Μαξέντιου (312 μ.Χ.), ο Κωνσταντίνος, αύγουστος στη Δύση, εκδίδει, τον Φεβρουάριο
 του 313 το Διάταγμα των Μεδιολάνων*, το οποίο αποτελεί μια αποφασιστική καμπή
 στην ιστορία των σχέσεων της Χριστιανικής Εκκλησίας και του Ρωμαϊκού Κράτους. Το
 Διάταγμα κηρύσσει την απόλυτη ελευθερία της κάθε θρησκευτικής λατρείας στα εδάφη της
 Αυτοκρατορίας, χωρίς να κάνει καμία διάκριση ανάμεσα σε Χριστιανούς σε οπαδούς άλλων
 θρησκειών. Λίγο αργότερα ο αύγουστος της Ανατολής Λικίνιος συνυπέγραψε το Διάταγμα
 στη Νικομήδεια και τίθεται συγχρόνως σε ισχύ και στα δύο τμήματα της Αυτοκρατορίας.
 Το 324 μ.Χ. ο Κωνσταντίνος εξουδετερώνει τον Λικίνιο και γίνεται απόλυτος κύριος της
 Αυτοκρατορίας. Τότε αποφασίζει να μεταφέρει την πρωτεύουσα του κράτους από τη Ρώμη
 σε μια νέα πόλη που θα έχτιζε στις όχθες του Βοσπόρου, στη θέση της αρχαίας αποικίας
 των Μεγαρέων, Βυζάντιο. Η ιδέα της μεταφοράς της πρωτεύουσας προϋπήρχε ως ανάγκη
 διοικητική. Η επιλογή της θέσης του Βυζαντίου οφειλόταν, ασφαλώς, στα στρατηγικά και
 γεωγραφικά πλεονεκτήματά της. Οι εργασίες για τη θεμελίωση της νέας πόλης άρχισαν τον
 Νοέμβριο του 324 και η καινούργια πρωτεύουσα ονομάστηκε Νέα Ρώμη. Ποτέ όμως η
 ονομασία αυτή δε χρησιμοποιήθηκε ευρύτατα, γιατί γρήγορα αντικαταστάθηκε από το όνομα
 Κωνσταντινούπολις. Τα εγκαίνια τελέστηκαν στις 11 Μαΐου 330 μ.Χ. Από τότε αρχίζει η
 ιστορία της Κωνσταντινούπολης και, ουσιαστικά, της Ελληνικής Ανατολικής Αυτοκρατορίας,
 της λεγόμενης Βυζαντινής.
 Ο Κωνσταντίνος, με τη μεταφορά της πρωτεύουσας, πίστευε ότι θα αναγεννήσει το ρωμαϊκό
 κράτος. Χωρίς να το υποπτεύεται θεμελίωσε μια ελληνική αυτοκρατορία.
",history,10,8,7.903867932391389,0.0256173400459769,7,7.0589135251887,0.0189196128232022,4,3.9999809145665495,3.460105491993329e-05,7,6.903069507854525,0.0259454593429881,5,4.818371283690794,0.0683490600210785,3,3.0097071186756352,0.0043900653197319,8,7.923484291826753,0.0218254076897521,7.531203952853616,7,6.996638335374769,0.0018025565517754,7.999447092224102,2.0,13.5,52.66511627906976,0.000933327
618,618,126,127,"Ματιά στο παρελθόν
 Η διεθνής οικονομική κρίση του 1929
 Το 1929 ξέσπασε μεγάλη οικονομική κρίση στις ΗΠΑ, που επηρέασε
 για αρκετά χρόνια τις περισσότερες χώρες του κόσμου. Η κατάρρευση του χρηματιστηρίου της Νέας Υόρκης αποτέλεσε την πιο εμφανή
 εκδήλωση του προβλήματος. Η διεθνής κρίση του 1929 είχε σοβαρές
 κοινωνικές και πολιτικές συνέπειες. Πολλοί
 εργάτες και υπάλληλοι έχασαν τη δουλειά
 τους. Η ραγδαία αύξηση της ανεργίας
 προκάλεσε κοινωνική
 αναταραχή, η οποία
 εκφράστηκε με πορείες, διαδηλώσεις και
 απεργίες.
",history,6,6,6.003226219921999,0.0017679914555777,4,4.243643021859498,0.0330316658850165,3,3.003593413809881,0.0019133419861131,7,5.865763862198946,0.0972105487382834,3,2.991215888363115,0.0145489335970879,3,2.9995638685802994,0.0003828827902947,6,6.0004205201930745,0.0003371560468917,7.98409097932057,7,6.8040474750184785,0.0418104419748862,7.999650498126471,2.1,13.4,51.32380952380953,0.001027068
619,619,98,99,"παράθεμα 1 Σωκράτης, ένας σπουδαίος
 άνθρωπος και δάσκαλος
 Ο Σωκράτης ήταν πολύ ευσεβής.  Δεν έκανε τίποτε
 χωρίς τη θέληση των θεών.
 Ήταν τόσο δίκαιος που δεν έβλαπτε κανέναν. Αντίθετα ωφελούσε όλους εκείνους που ήταν στην
 πνευματική του συντροφιά. Διάλεγε πάντοτε το
 σωστό και το ωφέλιμο παρά το ευχάριστο, και δεν
 έκανε ποτέ σφάλματα. Βοηθούσε τους ανθρώπους
 να καταλαβαίνουν τα λάθη τους και τους παρακινούσε να μορφώνονται και να γίνονται σωστοί άνθρωποι. Πρέπει να ήταν ένας άριστος και ευτυχισμένος άνθρωπος.
 Ξενοφώντας, Απομνημονεύματα (διασκευή)
",history,4,5,5.00855763468644,0.0039210686768323,6,5.800459297825,0.0432532143892645,3,2.9993743659354095,0.0004219741702014,4,4.0123917912063405,0.0069404153640654,3,3.1826647559796584,0.0398767219149314,3,2.966928779378824,0.0116826121245418,5,5.037696139675859,0.0129657965793133,7.939912960441831,4,4.27385990573066,0.0485884693386642,7.020320489824371,0.2,10.7,46.61184210526316,0.000874894
620,620,73,74,"B Οι πηγές αφηγούνται...
 1. Ο Θεόδωρος Κολοκοτρώνης εμψυχώνει τους άνδρες του για ν’ αντιμετωπίσουν τον Δράμαλη
 (απόδοση στα νέα ελληνικά)
 «Έλληνες, τους είπε, σήμερα γεννηθήκαμε και σήμερα θα πεθάνουμε για τη σωτηρία της πατρίδας μας
 και για τη δική μας. Ακούστε τι πρέπει να κάνετε. Αμέσως να πάτε στα σπίτια σας να πάρετε το φαγητό
 σας· διέταξα να σας δοθεί όπως και τα φυσέκια, αλλά να είστε έτοιμοι όλοι οι δυνατοί, τους δε αδύνατους
 και τα περιττά πράγματα, τα ζώα και τις κάπες σας να τα στείλετε στο απέναντι βουνό του Αγίου Γεωρ­
 γίου, όπου διέταξα να πάνε και τα δικά μου πράγματα. Εκεί θα είμαι και εκεί θα με βρείτε σε περίπτωση
 αποτυχίας, γεγονός που απεύχομαι. Αν ο εχθρός μας νικήσει εκεί θα μαζευτούμε, αυτό σας το λέω έτσι,
 για να γνωρίζετε τον τόπο, αλλά σας λέω και αυτό, ότι απόψε ήλθε στο όνειρο μου η τύχη της πατρίδας
 μας και μου είπε ότι θα πετύχουμε μεγαλύτερη νίκη από κάθε άλλη στο παρελθόν ή και στο μέλλον. Είμαι
 τόσο βέβαιος γι’ αυτό που λέω, που σας συμβουλεύω να μην πάρετε ούτε τα άρματά σας, για να πάρουμε
 εκείνα των Τούρκων. Σήμερα ο καθένας από εμάς θα καταδιώξει πολλούς, θα πάρετε λάφυρα πολλά και
 τους θησαυρούς του Αλή Πασά θα τους μοιράσετε με το φέσι, τα φλουριά των Τούρκων είναι χρήματα
 χριστιανικά. Τα είχε ο τύραννος της Ηπείρου που τα πήρε από τους αδελφούς μας· ο Άγιος Θωμάς μας
 τα έστειλε και είναι κέρδος δικό μας. Αύριο τέτοια ώρα θα σας δω όλους με τα άρματα των Τούρκων, με
 τα άλογά τους, λαμπροφορεμένους με τα ρούχα τους. Ο Θεός είναι μαζί μας και να μη σας νοιάζει τίποτε.
 Πηγαίνετε να ετοιμαστείτε όπως σας είπα και να έλθετε εδώ όλοι να ξεκινήσουμε μαζί».
 Φώτιου Χρυσανθόπουλου ή Φωτάκου, Απομνημονεύματα περί της Ελληνικής Επαναστάσεως, τόμ. 1, Αθήνα 1974,
 σσ. 356-357.
",history,6,7,6.705478923142323,0.0756013711985881,6,6.173062786476521,0.0794924226017062,3,3.148048421714037,0.0336725664784222,4,4.419115211406549,0.0574038350199565,4,3.7956975300985505,0.0612484201069609,3,3.1057379578866477,0.0278635996894127,6,6.474964629399892,0.0570327697998582,7.8933077964803715,5,5.160590813444287,0.0480953367040781,7.0045731765494565,4.8,11.3,41.66364494806422,0.000974037
621,621,263,264,"6. ΕΛΛΗΝΟΡΩΜΑΪΚΟΣ ΠΟΛΙΤΙΣΜΟΣ
 Το Κολοσσαίον ή
 Αμφιθέατρο των
 Φλαβίων στη Ρώμη
 (1ος αιώνας μ.Χ.)
 που χωρούσε 45.000
 θεατές. Στα ρωμαϊκά
 αμφιθέατρα η ορχήστρα
 είχε διαμορφωθεί
 κατάλληλα για να
 πραγματοποιούνται
 ναυμαχίες, μονομαχίες,
 θηριομαχίες και άλλα
 «βάρβαρα» θεάματα. Οι
 Ρωμαίοι αυτοκράτορες
 χρηματοδοτούσαν
 τέτοιου είδους
 δημοφιλείς γιορτές
 για να κρατούν
 ευχαριστημένα τα λαϊκά
 στρώματα.
 Τα γράμματα
",history,10,7,7.009326438767744,0.0126795785748277,8,7.709894350438844,0.0544070208823109,4,3.924146640240977,0.021569433714412,4,4.560358938324498,0.069867744649462,3,3.526038228523248,0.0620802427904265,3,3.148047124140362,0.0336756489163679,7,6.8521319757319645,0.075328350479857,7.9984979832568115,7,6.8389047489467885,0.0253925207113026,7.999287428033014,1.4,16.5,52.37179487179488,0.00079471
622,622,147,148,"νηση δεν τήρησε την προεκλογική της υπόσχεση για τερματισμό του πολέμου. Ο Κωνσταντίνος και η νέα πολιτική ηγεσία πίστευαν ότι η νίκη ήταν κοντά και γι’ αυτό αποφάσισαν να συνεχίσουν τον πόλεμο. Μάλιστα, ο Κωνσταντίνος πήγε
 ο ίδιος στη Μικρά Ασία. Το καλοκαίρι του 1921, τα ελληνικά στρατεύματα πραγματοποίησαν μεγάλη επίθεση, που κόστισε χιλιάδες νεκρούς και τραυματίες, φτάνοντας μέχρι τον ποταμό Σαγγάριο, λίγα χιλιόμετρα πριν την Άγκυρα. Συ3. Στον δρόμο για την προσφυγιά
 […] Λοιπόν ούλος αυτός ο κόσμος στοιβαγμένος στο μουράγιο και πάνω σε μαούνες. Άντροι, γέροι, γριές και γυναικόπαιδα, που είχανε παρατήσει τα καλά
 τους, και ξεμείνανε στο δρόμο, και τώρα
 εκεί μεροβραδιάζονταν εκεί πλαγιάζανε,
 άλλος μ’ ένα χράμι που έφερε μαζί του,
 άλλος μ’ ένα πάπλωμα ή με μια μπατανία.
 Χείλια τρεμοσαλεύανε από το παραμιλητό. Μάτια γουρλωμένα που αγναντεύανε
 τη Δευτέρα Παρουσία, τη συντέλεια του
 κόσμου […] Μέρα, χαρά Θεού. Τέλη Αυγούστου, αρχές Σεπτέμβρη με το καινούριο […].
 Κοσμάς Πολίτης, Στου Χατζηφράγκου,
 Ερμής, Αθήνα 1990, σ. 146.
 3. Μετά την κατάληψη της Σμύρνης από τους κεμαλικούς, Έλληνες πρόσφυγες αναζητούν
 με αγωνία μέσο σωτηρίας. Πίσω τους διακρίνονται Τούρκοι ιππείς και πυρπολημένα κτίρια.
",history,12,8,7.989114344690492,0.0049491571604727,8,8.007994896085897,0.006281126640259,4,4.000874506314766,0.002663109417606,6,6.170724625788381,0.0549874286310314,5,5.295610696077347,0.116968439894298,4,4.253918129717931,0.0518373110695286,8,7.993533874403624,0.00347370204904,7.012426202178176,7,6.962749953181628,0.0128882127170897,7.994769209090919,2.1,12.7,39.761403508771934,0.000829803
623,623,179,180,"Ο Νικίτα Χρουστσιόφ, διάδοχος του Στάλιν στην ηγεσία της Σοβιετικής Ένωσης (1953-1964), συμμετείχε το 1939 στις συζητήσεις για την υπογραφή του συμφώνου Ρίμπεντροπ-Μολότοφ.
 Πιστεύω ότι το σύμφωνο Ρίμπεντροπ-Μολότοφ του 1939 ήταν ιστορικά αναπόφευκτο, δεδομένων των συνθηκών της εποχής, και ότι, σε τελική ανάλυση, υπήρξε χρήσιμο για τη Σοβιετική Ένωση. Ήταν όπως ένα τέχνασμα στο σκάκι: αν δεν
 είχαμε κάνει αυτή την κίνηση, ο πόλεμος θα είχε αρχίσει νωρίτερα, πράγμα που
 θα είχε πολλά μειονεκτήματα για μας. Ήταν πολύ δύσκολο για μας ―ως κομμουνιστές, ως αντιφασίστες― να δεχτούμε την ιδέα της συμμαχίας με τη Γερμανία.
 Ήταν αρκετά δύσκολο για μας να δεχτούμε το παράδοξο οι ίδιοι. Από την πλευρά τους, οι Γερμανοί χρησιμοποίησαν, επίσης, τη συνθήκη ως ελιγμό για να κερδίσουν χρόνο. Η πρόθεσή τους ήταν να διαιρέσουν και να νικήσουν τα έθνη που
 είχαν συμμαχήσει εναντίον της Γερμανίας στον Α´ Παγκόσμιο πόλεμο και τα
 οποία θα μπορούσαν και πάλι να συμμαχήσουν εναντίον της. [...] Η συνθήκη που
 υπέγραψε με μας ήταν μια προσπάθεια να περιορίσει τον επερχόμενο πόλεμο
 σε ένα μέτωπο.
 Ν. Khrushchev, Remembers (1971).
 Πηγή: www.spartacus.schoolnet.co.uk/
",history,12,8,7.905120701121405,0.0256431602501668,8,7.982052895158505,0.0072706628116536,4,4.004601189351888,0.00236883621062,7,6.998798478216287,0.000746154077714,4,4.558170573811253,0.0746728298449836,4,3.9997739708838767,0.002125665840101,7,7.435641184878477,0.0559395190447184,7.996402111673206,7,6.999673522647754,0.0002725228963275,7.997187901553843,3.9,14.4,47.56822429906542,0.000951739
624,624,109,110,"ρο του πολιτισμού και από τη δεκαετία του 1880 άρχισε να συμπαρασύρει
 ανάγκη γενίκευσης της χρήσης της δημοτικής
 και την υπόθεση της γλώσσας.
 γλώσσας. Δεν ήταν όλοι, όμως, σύμφωνοι. ΜάλιΡ. Σταυρίδη-Πατρικίου, «Ιδεολογικές διαδρομές», Ιστορία του νέου ελληνιστα σημειώθηκαν επεισόδια με νεκρούς και
 σμού, Ελληνικά Γράμματα, Αθήνα 2003, τόμ. 5ος, σ. 182.
 τραυματίες το 1901, λόγω της μετάφρασης του
 Ευαγγελίου στη δημοτική (Ευαγγελικά), και το
 1903, όταν υπερσυντηρητικοί διαμαρτυρήθηκαν βίαια για τη μετάφραση της Ορέστειας του Αισχύλου σε απλή καθαρεύουσα (Ορεστειακά). Στις αντιδράσεις αυτές πρωτοστατούσε το συντηρητικό φοιτητικό κίνημα της εποχής.
 Γράμματα
 Ο Διονύσιος Σολωμός και η Επτανησιακή Σχολή Κορυφαία μορφή των ελληνικών Γραμμάτων
 μέχρι και τα μέσα του 19ου αι. υπήρξε ο Διονύσιος Σολωμός (1798-1857). Δημιουργός τού εμπνευσμένου από την επανάσταση του 1821 ποιήματος Ύμνος εις την Ελευθερίαν, που οι δύο πρώτες
 στροφές του μελοποιημένες από τον Νικόλαο Μάντζαρο αποτελούν τον εθνικό ύμνο των Ελλήνων,
 ο Σολωμός ενδιαφέρθηκε ιδιαίτερα για την ελληνική λαϊκή γλώσσα. Γύρω του σχηματίστηκε ένας
 κύκλος διανοουμένων (Γ. Τερτσέτης, Ι. Πολυλάς, Γερ. Μαρκοράς κ.ά.) που συμμερίζονταν τις απόψεις
 του και έμειναν γνωστοί ως Επτανησιακή Σχολή. Πλάι σε αυτούς, ξεχωριστές περιπτώσεις ήταν ο
 δημοκράτης καρμπονάρος Ανδρέας Κάλβος, ο οποίος άνοιξε με τον λυρισμό του νέους δρόμους
 2. Διονύσιος Σολωμός
 στην ελληνική ποίηση, ο Αριστοτέλης Βαλαωρίτης και ο Ανδρέας Λασκαράτος.
 Οι Φαναριώτες και η Παλαιά Αθηναϊκή Σχολή (1830-1880) Παράλληλα, η λογοτεχνία του ελεύθερου κράτους αντιπροΝΕΟΤΕΡΗ ΚΑΙ ΣΥΓΧΡΟΝΗ ΙΣΤΟΡΙΑ
",history,12,8,7.993477416625637,0.0032878942213172,8,7.9241370007733,0.0216321330868812,4,4.000019878949388,7.351093045358993e-05,7,6.999470995662534,0.0003606477076358,4,4.044431603153953,0.0430894622665943,3,3.119352542971683,0.0294134245992792,8,7.99540393425562,0.0024763218747946,7.009704905165336,7,6.999748810250111,0.0002836705021962,7.995374727901435,3.1,15.8,49.56695869837297,0.000919493
625,625,9,10,"Η παλαιολιθική τέχνη εκδηλώθηκε μέσα από πολλές και ποικίλες μορφές.
 Τα κινητά έργα τέχνης περιλαμβάνουν κοσμημένα εργαλεία, όπλα, πλακίδια με εικονιστικές εγχαράξεις ζώων και ανθρώπων και ζωόμορφα και
 ανθρωπόμορφα, κυρίως γυναικεία, ειδώλια.
 Η τέχνη των σπηλαίων περιλαμβάνει οποιαδήποτε παράσταση ή άλλο έργο
 ζωγραφικής και γλυπτικής και κυρίως τις σπηλαιογραφίες που εντοπίστηκαν σ’ ένα σύνολο σπηλαίων τα οποία παρουσιάζουν εξαιρετική πυκνότητα
 στη ΝΔ Γαλλία (π.χ. Lascaux) και στη Β. Ισπανία (π.χ. Altamira). Στα
 Βαλκάνια, με εξαίρεση τη Ρουμανία, και φυσικά στην Ελλάδα, δεν εντοπίζονται σπηλαιογραφίες.
 Στις ζωγραφικές παραστάσεις έχουν καταμετρηθεί 267 ζώα, ρινόκεροι,
 λιοντάρια, μαμούθ, άλογα, βίσωνες, αρκούδες, τάρανδοι, ελάφια κ.ά.
 Κοσμάς Τουλούμης, Πριν από την Ιστορία, σ. 40
",history,10,7,7.434100007419187,0.0563520009349168,7,6.672972028228401,0.0628915557742065,3,3.437824201485938,0.0550400119590934,7,6.979916568438057,0.007902480623527,4,3.767399724383722,0.0675291506730895,3,3.0259930115680618,0.0096928643275085,7,7.495081426165825,0.057341645398483,7.992416637948963,7,6.998369082463796,0.0009592129423805,7.9839037485653535,2.2,16.0,47.21739130434783,0.000841104
626,626,86,87,"προσφορά των Φιλελλήνων στην ελληνική Επανάσταση ήταν ποικίλη. Περισσότεροι
 από 1.200 Ευρωπαίοι (Γερμανοί, Γάλλοι, Ιταλοί, Πολωνοί, Ελβετοί, Άγγλοι) συμμετείχαν ενεργά στον ένοπλο αγώνα, παίρνοντας μέρος σε μάχες εναντίον των Τούρκων.
 Παράλληλα σχηματίστηκαν Φιλελληνικές Επιτροπές σε μεγάλες πόλεις του εξωτερικού, με
 σκοπό την ενίσχυση του αγωνιζόμενου λαού είτε με υλικά μέσα, στέλνοντας χρήματα, τροφές και πολεμοφόδια είτε παρέχοντας ηθική υποστήριξη με δημοσιεύσεις σε έντυπα και
 εφημερίδες, καλλιτεχνικά έργα και συναυλίες.
 Στους Φιλέλληνες συγκαταλέγονταν ρομαντικοί ιδεαλιστές (ιδίως φοιτητές), λάτρεις της
 αρχαίας Ελλάδας, πολιτικοί, άνεργοι πρώην στρατιωτικοί και διωκόμενοι για τη δράση τους
 επαναστάτες, όπως ο Ιταλός κόμης Σανταρόζα. Αλλά και έμποροι, τραπεζίτες και μέλη εκπαιδευτικών ή θρησκευτικών ιδρυμάτων ανέπτυξαν φιλελληνική δράση.
 Η ενθουσιώδης δραστηριότητα φοιτητών και εμπόρων οδήγησε στη δημιουργία, ήδη
 από το 1821, των Φιλελληνικών Επιτροπών (Κομιτάτων) στην Ελβετία και τη Γερμανία, με
 κύριο στόχο την περίθαλψη Ελλήνων προσφύγων. Πρωτοστάτες υπήρξαν πανεπιστημιακοί
 καθηγητές που αρθρογραφούσαν υπέρ της Επανάστασης, όπως ο Κρουγκ αλλά και τραπεζίτες σαν τον οικονομολόγο Ιωάννη Εϋνάρδο, που αργότερα συνέβαλε στην ίδρυση της
 Εθνικής Τράπεζας.
 Η πρώτη αποστολή Φιλελλήνων έφτασε στην επαναστατημένη Ελλάδα τον Ιούνιο του
 1821 με έξοδα του Δημήτριου Υψηλάντη και η δεύτερη δύο μήνες αργότερα με επικεφαλής
 τον Τόμας Γκόρντον, εύπορο αξιωματικό του βρετανικού στρατού. Εξαιτίας όμως της έλλειψης συντονισμού μεταξύ των εθελοντών και των Ελλήνων αγωνιστών, το πρώτο Τάγμα των
 Φιλελλήνων συγκροτήθηκε το Μάιο του 1822. Υιοθετώντας τους γαλλικούς στρατιωτικούς
 κανονισμούς, το τάγμα αυτό συμμετείχε στη μάχη στο χωρίο Πέτα της Άρτας, όπου όμως
 διαλύθηκε έχοντας μεγάλες απώλειες.
 Δύο χρόνια αργότερα, παρόμοιες επιτροπές ιδρύθηκαν στη Γαλλία και την Αγγλία, το
 Βέλγιο και την Ολλανδία. Μέλη των επιτροπών αυτών ήταν και σημαντικοί Φιλέλληνες: ο
 Γάλλος συγγραφέας Βίκτωρ Ουγκώ και ο Άγγλος νεαρός ποιητής λόρδος Μπάιρον, ο οποίος επισκέφθηκε το Μεσολόγγι στα τέλη του 1823, όπου μάλιστα αρρώστησε και πέθανε.
 Στην Αμερική, παρά το διάγγελμα του προέδρου της Μονρόε το 1822 υπέρ του αγώνα
 των Ελλήνων για την Ανεξαρτησία τους, το φιλελληνικό ενδιαφέρον περιορίστηκε κυρίως
 στη συγκέντρωση και αποστολή ανθρωπιστικής βοήθειας.
",history,6,8,7.799109152045528,0.0423604130420897,6,6.056039008944936,0.0202344054295019,4,4.000033436612284,0.0001518046186949,7,6.970596822235791,0.0103032462723943,3,3.4491431289497996,0.0582711536037413,3,3.1824411809002413,0.0381579253193826,8,7.375891329495676,0.0792578414158047,7.320819023966578,7,6.997245468091023,0.0014901309443092,7.998490163310002,5.2,19.6,64.86548745372275,0.001382888
627,627,34,35,"B Οι πηγές αφηγούνται...
 1. «Σύμβαση μαθητείας, 16 Ιουνίου 1560.
 Μέσα σε σπίτι της Αγίας Τριάδας της Παραλλείου ο κυρ Ιωαννίκιος ο ιερομόναχος, κατά κόσμον Βλάσης, συμφώνησε με τον κυρ Παύλο τον Αργυρό και ανέλαβε ο Ιωαννίκιος ένα παιδί με το όνομα Θωμάς, που ήταν συγγενής του Παύλου για να το μάθει γράμματα, να μπορεί να διαβάζει κάθε βιβλίο, για
 έξι χρόνια. Υπόσχεται ο κυρ Παύλος να δώσει του πιο πάνω ιερομονάχου για τα μαθητικά έξοδα του
 παιδιού οκτώ φλουριά ως μισθό και τα αποκριάτικα, τα πασχαλινά και τα δευτεριάτικα φιλοδωρήματα
 κατά τη συνήθεια. Υπόσχεται δε ο κυρ Παύλος να του δώσει τώρα δύο φλουριά για μισθό και, όταν
 αρχίσει να μαθαίνει στο παιδί την Οκτώηχο, να του δώσει ένα μέρος της οφειλής και, όταν αρχίσει να
 μαθαίνει στο παιδί το Ψαλτήρι, άλλο μέρος και, όταν αρχίσει να μαθαίνει στο παιδί τον Απόστολο,
 άλλο μέρος και, όταν τα μάθει στο παιδί όλα, να κάνουν λογαριασμό να τον εξοφλήσει τελείως. Και
 έτσι συμφώνησαν.
 Μάρτυρες (του συμφωνητικού) ο παπά κυρ Νικόλαος Σπειρής και ο παπά κυρ Φώτιος Παλατιανός».
 Αντώνιος Σπυρής, Νοτάριος και Πρωτοπαπάς Κερκύρων. Πρωτόκολλο (1560-1567), επιμέλεια Ελένη Αγγελομάτη-Τσουγκαράκη, Γιάννης Κ. Μαυρομάτης, Κέρκυρα 2007, σ. 25.
 (Απόδοση στα νέα ελληνικά)
",history,6,8,7.998089256362995,0.0011386999624593,4,4.232987758012541,0.0376440436653947,4,3.999856378880395,0.0001384636943686,7,6.882986401747483,0.0300077870806563,4,3.594733651902061,0.062961312685109,3,2.986893870751082,0.0080651037554356,8,7.996841861653952,0.0017406608448284,7.001692539277428,7,6.962741852160434,0.0127131168398677,7.992306158586871,3.2,11.9,45.97548095058468,0.000940786
628,628,111,112,"Πέρσες. Με βάση τους όρους της συμφωνίας αυτής, οι συμμαχίες έπρεπε να διαλυθούν. Στο συνέδριο ο Θηβαίος Επαμεινώνδας ζήτησε να υπογράψει ως αρχηγός όλων των Βοιωτών. Αυτό δεν το
 δέχτηκαν οι άλλοι αντιπρόσωποι και η συνάντηση
 έληξε χωρίς αποτέλεσμα.
 Οι Σπαρτιάτες, για να αναγκάσουν τους Θηβαίους να αφήσουν τις πόλεις της περιοχής
 τους ελεύθερες, έστειλαν στρατό εναντίον τους
 με αρχηγό τον Κλεόμβροτο. Οι Θηβαίοι αποφάσισαν να πολεμήσουν. Σπαρτιάτες και Θηβαίοι
 βρέθηκαν αντιμέτωποι στα Λεύκτρα της Βοιωτίας (371 π.Χ.).
 Μέχρι τότε οι στρατοί μάχονταν ο ένας απέναντι στον άλλο σε όλο το μήκος της γραμμής
 τους. Στα Λεύκτρα όμως ο αρχηγός των Θηβαίων Επαμεινώνδας επιτέθηκε με τη λοξή φάλαγγα,
 με την πλευρά δηλαδή εκείνη της παράταξής του
 την οποία είχε ενισχύσει περισσότερο. Κατάφερε
 έτσι να διασπάσει την παράταξη των Σπαρτιατών
 και να νικήσει. Το κατόρθωμα των Θηβαίων ήταν
 σημαντικό. Δεν είχαν μόνο νικήσει τον πιο δυνατό
 στρατό της Ελλάδας, αλλά είχαν αλλάξει και τον
",history,4,7,6.999996337141738,0.0129334381604745,7,6.976615316655398,0.018430865722417,3,3.2227001661995303,0.042585818710069,5,5.082944703854537,0.0450033307560833,4,3.7678249729785875,0.0562820238498753,3,3.001696881540582,0.001012062364052,6,6.03011903629519,0.0109000845162364,7.962672398548875,7,6.462928508810137,0.0717235637485692,7.973804556531832,1.6,10.9,45.099599822143176,0.000832841
629,629,173,174,"Στον Πελοποννησιακό πόλεμο η Θήβα είχε ταχθεί με
 το μέρος της Σπάρτης, αλλά
 μετά τη λήξη του πρωτοστατεί
 στους συνασπισμούς εναντίον
 της πρώην συμμάχου της. Στο
 εσωτερικό η πόλη σπαράσσεται από διαμάχες ανάμεσα
 σε αριστοκρατικούς και δημοκρατικούς. Το πρώτο όμως
 μισό του 4ου αιώνα π.Χ.
 δύο προσωπικότητες που
 ανήκουν στον δημοκρατικό
 χώρο, ο Πελοπίδας και ο
 Επαμεινώνδας, οδηγούν τη
",history,10,7,7.164366091100353,0.0360050960931841,7,7.489477254978738,0.0587750221208,3,3.4073354449262183,0.054276017269617,7,6.978672523758695,0.0082291735750291,4,4.472265479308135,0.0884266248813165,4,3.8670859179294155,0.0315154558224993,7,7.0776314564263885,0.0363177481569318,7.995924438456655,7,6.99586552809069,0.0021817517617855,7.994663704514096,2.0,11.9,43.77272727272727,0.000890023
630,630,116,117,"Ερωτήσεις-Δραστηριότητες
 Νόμισμα που
 έκοψαν οι Αθηναίοι
 μετά τους
 Περσικούς
 πολέμους
 (Βερολίνο,
 Αρχαιολογικό
 Μουσείο). Πάνω
 στην περικεφαλαία
 της Αθηνάς
 εικονίζεται κλαδί
 ελιάς, σύμβολο
 της νίκης.
",history,10,5,5.1454430933602,0.0281265139365252,4,4.001379020470267,0.0009722535485083,2,2.1480464790523115,0.0336723678430577,4,4.186666356388287,0.0399270771764347,3,2.6361650624216963,0.0573198194403579,3,2.7773046974854765,0.0425901743289054,6,5.799630348616688,0.0491754009428507,7.962672863776135,5,4.768592006129893,0.079599278855027,7.032852769829333,0.9,18.5,53.5,0.001006371
631,631,4,5,"ανθρώπου στη γη μέχρι την ανακάλυψη της γραφής, ονομάζεται
 Προϊστορία. Τα πρώτα ίχνη του ανθρώπου έχουν αναζητηθεί
 πολύ βαθιά μέσα στον χρόνο, γύρω στα 2,5 εκατομμύρια χρόνια
 πριν από σήμερα. Όλο αυτό το ασύλληπτο διάστημα ο άνθρωπος
 προοδεύει, βελτιώνει συνεχώς τις συνθήκες ζωής του, τελειοποιεί
 τον εργαλειακό εξοπλισμό του. Με βάση την τεχνολογική
 εξέλιξη προτάθηκε από τους επιστήμονες η υποδιαίρεση της
 Προϊστορίας. Έτσι διακρίνουμε την Εποχή του Λίθου και την
 Εποχή του Χαλκού. Η πρώτη περιλαμβάνει την Παλαιολιθική
 και τη Μεσολιθική εποχή που καλύπτουν το διάστημα από την
 εμφάνιση του ανθρώπου μέχρι το 6500 περίπου π.Χ. και τη
 Νεολιθική που τελειώνει περίπου το 3000 π.Χ. Η Εποχή του
 Χαλκού καλύπτει την περίοδο από το 3000 μέχρι το 1100 π.Χ.
",history,10,6,6.060538607843796,0.0184455084992578,6,5.814839923951695,0.0845359563897445,3,3.0046071376021146,0.0023639259683411,5,5.023453630415133,0.0645825505983146,3,3.3317228023104235,0.0537935965855317,3,3.0293013985540256,0.0106465444224108,6,6.012378623093866,0.0053255110471512,7.994087957430295,7,6.983853608930076,0.0061480816303852,7.998489575860731,2.0,11.1,42.50082918739635,0.000892133
632,632,35,36,"Ένας από τους παλαιότερους πολιτισμούς της Ευρώπης αναπτύχθηκε στις Κυκλάδες κατά
 την 3η και 2η χιλιετία π.Χ., δηλαδή στην Εποχή του Χαλκού. Σε αυτό συνέβαλε το ήπιο κλίμα
 τους και κυρίως η ιδιαίτερα προνομιακή γεωγραφική τους θέση. Ουσιαστικά, τα νησιά των
 Κυκλάδων αποτελούν ένα είδος φυσικής γέφυρας ανάμεσα στην Ευρώπη και στην Ασία, την
 Ηπειρωτική Ελλάδα και την Κρήτη. Στην 3η χιλιετία π.Χ., τα πλοία των κυκλαδίτικων νησιών
 κυριαρχούν στο Αιγαίο και μαζί με τα προϊόντα της Εγγύς Ανατολής μεταφέρουν στην
 Ευρώπη ιδέες, τεχνικές γνώσεις, θρησκευτικές αντιλήψεις.
 Σε όλα σχεδόν τα νησιά των Κυκλάδων η αρχαιολογική σκαπάνη έφερε στο φως οικισμούς,
 όχι εκτεταμένους, της 3ης χιλιετίας π.Χ. Κάθε οικισμός φαίνεται ότι αναπτυσσόταν αυτόνομα
 και δεν υπήρχε κανένα είδος κεντρικής εξουσίας. Αρχικά οι οικισμοί σχηματίζονται κοντά
 στη θάλασσα ή στα πρανή χαμηλών λόφων. Περίπου το 2300 π.Χ. ορισμένοι οικισμοί
 οχυρώνονται (Αγία Ειρήνη στην Κέα), άλλοι καταστρέφονται και ξαναχτίζονται οχυρωμένοι
 (Φυλακωπή στη Μήλο), ενώ άλλοι χτίζονται σε υψηλούς λόφους μακριά από τη θάλασσα
 (Καστρί Σύρου). Αυτό φανερώνει κάποια αναστάτωση της ζωής από την παρουσία νέων
 πληθυσμών, που προέρχονται πιθανόν από τη Μικρά Ασία. Γρήγορα όμως τα νησιά
 ξαναβρίσκουν τον ρυθμό της ζωής τους.
",history,10,7,6.913157287757166,0.0287298628732487,6,6.00095233504085,0.0083397458652445,4,3.5926663076639045,0.0542753136696511,5,5.760424573883711,0.0879130543429597,4,4.101709985731759,0.0381290442160215,3,3.095351308476438,0.0252775563059941,6,6.016119217782318,0.0066437091730136,7.97404091477739,7,6.987419719286663,0.0053796900394215,7.995363639214702,1.9,12.5,44.86324786324786,0.001035063
633,633,71,72,"ισχυρά
 ρεύματα
 της κοινής γνώμης, τα εγχειρήματά τους έχουν στην
 ξαν οι εξερευνητές, οι χριστιανοί ιεραπόαρχή καθαρά θρησκευτικό και ανθρωπιστικό χαρακτήρα. Ζητούν να κηρύξουν
 στολοι και οι έμποροι. Οι εξερευνητές, ανατο ευαγγέλιο στους ιθαγενείς πληθυσμούς καθώς και να τους προστατεύσουν
 ζητώντας νέες γνώσεις, ανακάλυπταν, συαπό την εκμετάλλευση [...]. Όμως, η εγκατάσταση των ιεραποστολών συνοχνά, νέες περιοχές τις οποίες καταλάμβαδεύεται γρήγορα από εκείνη του ευρωπαϊκού πολιτισμού και η ανάγκη προναν στο όνομα της χώρας τους, επεκτείστασίας τους οδηγεί συχνά τα αποικιακά κράτη να επέμβουν στρατιωτικά σε
 νοντας έτσι την κυριαρχία της. Οι ιεραπόορισμένες περιοχές και να εγκαταστήσουν άμεσο ή έμμεσο έλεγχο από τη μηστολοι, διαδίδοντας τον χριστιανισμό, προτρόπολη.
 ετοίμαζαν το έδαφος για μια μονιμότερη
 S. Berstein & P. Milza, Ιστορία της Ευρώπης, μτφρ. Α.Κ. Δημητρακόπουλος, Αλεευρωπαϊκή παρουσία. Επιπλέον, οι έμποροι,
 ξάνδρεια, Αθήνα 1997, τόμ. 2, σ. 177-178.
 αναζητώντας νέες αγορές, λειτουργούσαν
 ως η εμπροσθοφυλακή των αποικιοκρατών.
 ΝΕΟΤΕΡΗ ΚΑΙ ΣΥΓΧΡΟΝΗ ΙΣΤΟΡΙΑ
",history,12,8,8.004872614866546,0.0025284388285594,8,8.0141890934283,0.0059741943177305,4,4.0021546700209,0.0012745472566359,7,7.0000603110836614,7.712191908053787e-05,6,6.003111348385573,0.0926506370193062,5,4.526395688237244,0.0570456499869886,8,8.007669413052383,0.0037627718470948,7.000623663334409,7,7.133044621040696,0.0315173799530182,7.999875597011808,1.4,15.1,46.39754098360656,0.000913967
634,634,254,255,"Ε λληνιστικοι Κ αι Ρ ωμα Ϊ κοι Χ ρονοι 
 Το ιερό της
 Αθηνάς στη Λίνδο
 της Ρόδου. Τα κτίρια
 του ιερού έχουν
 κτισθεί πάνω στην
 κορυφή απόκρημνου
 υψώματος κλιμακωτά,
 σε πολλά επίπεδα
 που επικοινωνούν
 μεταξύ τους με
 μεγάλες κλίμακες
 και περιβάλλονται το
 καθένα από μακριές
 στοές. Στο ανώτερο
 επίπεδο –άνδηρο–
 υψώνεται ο δωρικός
 ναός της Αθηνάς
 Λινδίας
 (3ος αιώνας π.Χ.)
",history,10,7,7.031106301027052,0.0185635649153007,7,7.32569726130896,0.0763415440035056,3,3.0014984679191485,0.0009074843596428,7,6.997476046045751,0.0013462223150644,4,4.087514173443196,0.0458882919893526,3,3.3484722507710103,0.0523033527122314,7,7.097214545370889,0.0606141367037105,7.999618812223275,7,6.9977247782462655,0.0012815051782372,7.999787034348643,4.1,12.2,40.22222222222222,0.001070988
635,635,1,2,"Γνωριμία με το βιβλίο σου
 Το βιβλίο που κρατάς στα χέρια σου θα σε βοηθήσει να κάνεις
 ένα ωραίο ταξίδι στα περασμένα. Θα γνωρίσεις πολλά πράγματα
 για τη ζωή των προγόνων μας στα αρχαία χρόνια. Συντροφιά σου
 θα έχεις πολεμιστές, καλλιτέχνες, ποιητές, ιστορικούς, που με τους
 αγώνες και τα έργα τους έκαναν τη χώρα μας ονομαστή.
 Για όλα αυτά θα νιώσεις χαρά και περηφάνια και θα θελήσεις
 αργότερα να μάθεις περισσότερα. Προσπάθησε λοιπόν να μη μείνεις ένας απλός αναγνώστης. Χρησιμοποίησε τη φαντασία σου και
 απόλαυσε το ταξίδι και την περιήγηση. Η γνωριμία σου τότε με τον
 αρχαίο κόσμο θα εξελιχθεί σε μια περιπέτεια συναρπαστική!
 Γλωσσάρι
 Στο γλωσσάρι θα βρεις τη σημασία των λέξεων που
 ίσως δεν ξέρεις.
 Παράθεμα
 παράθεμα Στο κάθε παράθεμα θα διαβάσεις περισσότερα στοιχεία για το κάθε κεφάλαιο.
 Προοργανωτής
 Σε κάθε πλαίσιο θα βρεις ένα κείμενο που παρουσιάζει
 με λίγα λόγια όσα θα μάθεις παρακάτω.
",history,4,5,5.320738229130072,0.0504700057344833,4,4.105062857759549,0.0206789322297107,2,2.000039971509125,3.596962949083328e-05,4,3.817669504988002,0.03861869953513,3,2.578839765621524,0.0597037932213322,2,2.18242419746241,0.0381498363129722,5,5.002375606794772,0.0061752252726062,7.998674049807384,4,4.005742418422891,0.0074584318644514,7.377535909834933,1.9,10.0,42.80807453416149,0.000915285
636,636,90,91,"2. Είμαστε εις το «εμείς»
 «Γράφουν σοφοί άντρες πολλοί, γράφουν τυπογράφοι ντόπιοι και ξένοι διαβασμένοι για την Ελλάδα,
 ένα πράμα μόνον με παρακίνησε κι’ εμένα να γράψω, ότι τούτην την πατρίδα την έχομεν όλοι μαζί, και
 σοφοί κι’ αμαθείς και πλούσιοι και φτωχοί και πολιτικοί και στρατιωτικοί και οι πλέον μικρότεροι άν­
 θρωποι· όσοι αγωνιστήκαμεν, αναλόγως ο καθείς, έχομεν να ζήσωμεν εδώ. Το λοιπόν δουλέψαμεν
 όλοι μαζί, να την φυλάμεν κι’ όλοι μαζί και να μην λέγη ούτε ο δυνατός “εγώ”, ούτε ο αδύνατος.
 Ξέρετε πότε να λέγη ο καθείς “εγώ”; Όταν αγωνιστή μόνος του και φκιάση, ή χαλάση, να λέγη
 “εγώ”. Όταν όμως αγωνίζονται πολλοί και φκιάνουν, τότε να λένε “εμείς”. Είμαστε εις το “εμείς”
 κι’ όχι εις το “εγώ”».
 Μακρυγιάννη, Απομνημονεύματα, σ. 547.
",history,6,8,7.996238670095408,0.0020122620984923,6,6.342805972015412,0.0624056458086578,4,3.8519908343662337,0.0337018759640755,7,6.965094137645842,0.0119673906209339,4,3.822587472739542,0.0652434032764668,3,3.014068734608145,0.0059438707147794,8,7.996157742994967,0.0020921594344982,7.0007054643619995,7,6.9903789524541935,0.0042469569157884,7.999018706246876,4.3,12.6,37.04266467065868,0.000823299
637,637,160,161,"Μαρμάρινο κεφάλι
 του Αλκιβιάδη
 (Μουσείο Ny
 Karlsberg,
 Κοπεγχάγη).
 Η σύνθετη
 προσωπικότητα του
 Αθηναίου πολιτικού
 εκφράζεται στην
 προτομή αυτή.
 Ο Αλκιβιάδης
 εγκαταλείπει
 τους Αθηναίους
",history,10,7,7.164131902731469,0.0361298343157056,4,4.28459348087199,0.0257844689698438,3,2.9959335836006815,0.0021292849525105,7,6.997596129476712,0.0013888460539835,3,3.4839255111000966,0.06545490446893,3,3.0423573687160115,0.0141560567780474,7,7.050774884671,0.0180904489817845,7.999511711880643,7,6.9984217722678075,0.0010208561670268,7.999070949898609,-0.9,15.4,59.333333333333336,0.000855466
638,638,48,49,"B Οι πηγές αφηγούνται...
 1. Ο όρκος των Φιλικών (απόδοση στα νέα ελληνικά)
 «Ορκίζομαι οικειοθελώς ενώπιον του αληθινού Θεού ότι θα είμαι για όλη μου τη ζωή απόλυτα πιστός
 στην Εταιρεία. Ορκίζομαι ότι δεν θα φανερώσω το παραμικρό από τα Σημεία και τους λόγους της,
 ούτε θα σταθώ για κανέναν λόγο η αφορμή να καταλάβουν ποτέ οι άλλοι, ούτε οι συγγενείς ούτε ο
 Πνευματικός ούτε ο φίλος μου, ότι γνωρίζω ο,τιδήποτε σχετικά με αυτά... Ορκίζομαι ότι θα τρέφω
 στην καρδιά μου αδιάλλακτο μίσος κατά των τυράννων της Πατρίδας μου, κατά των οπαδών και
 κατά των ομοφρόνων τους. Θα ενεργώ πάντα με τρόπο που να τους βλάπτει και όταν το επιτρέψουν
 οι εξελίξεις θα συμβάλλω στην πλήρη καταστροφή τους.».
 2. Προετοιμασία της Επανάστασης (απόδοση στα νέα ελληνικά)
 «Κατάλαβα τότε, πως ό,τι κάνουμε θα το κάνουμε μόνοι μας και ότι δεν έχουμε καμία ελπίδα από
 τους ξένους. Ο Τζωρτζ* πήγε στη Νεάπολη, έγινε εκεί στρατηγός. Με προσκάλεσε με δύο γράμματά
 του, αλλά επειδή ήξερα για την Εταιρία δεν δέχθηκα, αλλά κοίταξα πότε θα επαναστατήσουμε για
 την πατρίδα μας. Για την Εταιρία μου είπε ο Πάγκαλος**. Έπειτα πέρασε ο Αριστείδης ο Παπάς και
 ο Αναγνωσταράς μου έφερε γράμμα από την Εταιρία, και τότε άρχισα να κατηχώ κι εγώ διάφορους
 στην Ζάκυνθο και την Κεφαλονιά και διάφορους καπεταναίους σπετσιώτικων και υδραίικων κα­
 ραβιών. Στα 1820 έλαβα γράμματα από τον Υψηλάντη για να είμαι έτοιμος, όπως και όλοι οι δικοί
 μας. Εικοστή πέμπτη Μαρτίου ήταν η μέρα της γενικής επανάστασης».
 Κολοκοτρώνη Απομνημονεύματα, Καταγραφή Γ. Τερτσέτη, επιμέλεια Τάσος Βουρνάς, Αθήνα 1983,
 σ. 69.
 * Πρόκειται για τον Άγγλο στρατιωτικό Ρ. Τσωρτς.
 ** Πρόκειται για τον Νικόλαο Πάγκαλο, ταγματάρχη του ρωσικού στρατού.
",history,6,8,7.850845465447492,0.0340701124251273,7,6.8165683282828695,0.043121746496321,4,3.9991967927915084,0.0005259687580148,5,5.365030663376501,0.0700545624063877,4,3.9136807712056907,0.0394193460391553,3,2.6217222926293005,0.05459974026344,8,7.994206801358953,0.0028504156859025,7.006689217890653,7,6.966487460786265,0.0118367316286315,7.997525411870356,2.9,11.3,44.62019230769231,0.000948157
639,639,106,107,"Ντελακρουά (βλέπε έργο του σ. 38). Μία από τις πηγές έμπνευσης του τελευταίου στάθηκε η ελληνική επανάσταση.
 Το κίνημα του ρεαλισμού
 Γύρω στα 1850, οι οικονομικές και κοινωνικές μεταβολές που έφερνε η βιομηχανική επανάσταση προκάλεσαν την
 υποχώρηση του νεοκλασικισμού και του ρομαντισμού και την ανάδυση ενός νέου καλλιτεχνικού κινήματος, του ρεαλισμού. Κύρια γνωρίσματά του ήταν η προσπάθεια πιστής απόδοσης της πραγματικότητας, το ενδιαφέρον για την καθημερινότητα των απλών ανθρώπων, για το αληθινό και όχι για το
 ωραίο.
 Η ζωγραφική υπήρξε κύριος χώρος έκφρασης του ρεαλισμού, που
 οφείλει το όνομά του σε ομότιτλη
 έκθεση που οργανώθηκε το 1855
 από τον Γάλλο ζωγράφο Κουρμπέ
 και θεωρείται η αφετηρία του. Άλλοι σημαντικοί ρεαλιστές ζωγράφοι ήταν οι Γάλλοι Κορό, Ντομιέ
 και Μιγέ.
 Η πεζογραφία έδωσε σπουδαία
 δείγματα ρεαλισμού στα έργα του
 Άγγλου Ντίκενς (Όλιβερ Τουίστ),
 των Γάλλων Φλομπέρ (Μαντάμ
 Μποβαρί) και Ζολά (Οι Ρουγκόν
 Μακάρ) και των Ρώσων Ντοστογιέβσκι (Έγκλημα και τιμωρία) και
 2. Ζαν Φρανσουά Μιγέ, Οι σταχομαζώχτρες, 1857. Ο ρεαλισμός στη ζωγραφική.
 Τολστόι (Πόλεμος και ειρήνη).
 Αναζητήσεις στα τέλη του 19ου αιώνα – Ιμπρεσιονισμός
 Προς τα τέλη του 19ου αιώνα μια σειρά αναζητήσεις δημιούργησαν νέα δεδομένα.
 Η ποίηση, ιδίως στη Γαλλία, συγκλονίστηκε από την επανάσταση του συμβολισμού, κινήματος που αρνούνταν κάθε
 κανόνα και προσπάθησε να εκφράσει τη φαντασία. Με πρόδρομο τον Μποντλέρ και κορυφαίους εκφραστές τούς Βερλέν, Μαλαρμέ και Ρεμπό, ο συμβολισμός τάραξε τον ποιητικό κόσμο
 της εποχής και παρέμεινε κυρίαρχος μέχρι και τις δύο πρώτες δεκαετίες του 20ού αιώνα.
 Η δραματουργία τόνισε την
 ανάγκη κοινωνικής χειραφέτησης
",history,12,8,7.912328708863356,0.0242223932837008,6,6.117757603046812,0.030130440828449,4,3.99998951350517,1.8929099297832484e-05,7,6.897854436699248,0.027103376678665,3,3.462324361026731,0.0609029046597731,3,3.0059092607219213,0.0029120527779811,8,7.760908698545165,0.0477783050895224,7.0373195837228195,7,6.99099705329354,0.0041294599095823,7.987545006968503,3.0,14.3,48.47368421052632,0.001030453
640,640,5,6,"Πριν από περίπου 2.500.000 χρόνια εμφανίζονται στην Αφρική οι πρώτοι άνθρωποι. Οι
 επιστήμονες ονόμασαν αυτό τον τύπο ανθρώπου «Ικανό άνθρωπο – homo habilis»*.
 Ο «ικανός άνθρωπος» ζει ομαδικά και κατασκευάζει εργαλεία. Ο «Όρθιος άνθρωπος –
 homo erectus»* που τον διαδέχεται βελτιώνει την κατασκευή των εργαλείων και ανακαλύπτει
 τη φωτιά. Τα ίχνη του απαντώνται όχι μόνο στην Αφρική αλλά επίσης στην Ευρώπη και στην
 Ασία. Τέλος, ο «Σοφός (έμφρων) άνθρωπος – homo sapiens»* διαθέτει μέγεθος
 εγκεφάλου μεγαλύτερο από αυτό των προκατόχων του και θάβει τους νεκρούς του. Η
 ανθρώπινη αλυσίδα καταλήγει στον «Σοφότατο άνθρωπο – homo sapiens sapiens»* ο
 οποίος επινοεί την τέχνη και εξαπλώνεται σε ολόκληρο τον κόσμο. Εμείς είμαστε οι άμεσοι
 απόγονοι του «Σοφότατου ανθρώπου».
 ΠΑΛΑΙΟΛΙΘΙΚΗ ΕΠΟΧΗ
",history,10,6,5.996871383670623,0.0017644402501377,6,5.527603665475908,0.0625983268986324,3,2.9997981249380246,0.0001570243593272,4,4.106834550399583,0.0277432434108964,3,3.46480523738137,0.0624715353129451,3,3.0159069721853484,0.0065704294758875,6,5.999842875566458,0.0001266536683523,7.998298757638054,5,4.781824372214032,0.0523115230873453,7.005014427006245,2.3,12.6,46.4559387,0.000912024
641,641,58,59,"Πριν από την αποκρυπτογράφηση της Γραμμικής
 γραφής Β οι επιστήμονες υποστήριζαν ότι η
 μυκηναϊκή θρησκεία ταυτιζόταν απόλυτα
 με τη μινωική. Όμως, μετά την ανάγνωση
 των πινακίδων της Γραμμικής γραφής Β
 αποδεικνύεται ότι στο μυκηναϊκό πάνθεον
 εμφανίζονται όλοι οι μεγάλοι Έλληνες θεοί
 της 1ης χιλιετίας, με εξαίρεση τον Απόλλωνα. Στις
 πινακίδες αναφέρονται ο Ζευς, η Ήρα, ο Ποσειδών, η
 Άρτεμις, ο Άρης και ο Διόνυσος. Σπουδαία θέση κατέχει μία θεά η
 οποία συνήθως προσφωνείται με την ονομασία «Πότνια (=σεβάσμια)». Η «Κυρία Πότνια» είναι
 αναμφίβολα η κυρίαρχη μυκηναϊκή θεότητα και σε αυτήν προσφέρονται πρόβατα, αρωματικά
 έλαια, μαλλί και μέλι.
 Οι Μυκηναίοι δεν έχτιζαν μεγάλους ναούς και, όπως και οι Μινωίτες, λάτρευαν τους θεούς
 τους σε μικρά ιερά. Το ιερατείο, άνδρες και γυναίκες, αποτελούσε ιδιαίτερη κοινωνική τάξη και
 διαχειριζόταν την περιουσία των ιερών.
 Η μυκηναϊκή τέχνη αναπτύχθηκε στην ύστερη εποχή της Χαλκοκρατίας (1600-1100 π.Χ.) στα
 κέντρα της ηπειρωτικής Ελλάδας (Μυκήνες, Τίρυνθα, Πύλο, Θήβα κ.α.) και μαρτυρεί έντονη
 μινωική επίδραση.
 Οι Μυκηναίοι χτίζουν τα μνημειακά ανάκτορά τους σε
 υψώματα –ακροπόλεις– τις οποίες οχυρώνουν με γιγαντιαία
 τείχη. Τα τείχη αυτά είναι γνωστά ως «κυκλώπεια» από τους
 τεράστιους ογκόλιθους που χρησιμοποιούνταν για το χτίσιμό
 τους. Τα μυκηναϊκά ανάκτορα έχουν πιο απλό σχέδιο από τα
 μινωικά. Αποτελούνται από έναν προθάλαμο που βλέπει στην
 αυλή και από το κύριο δωμάτιο που έχει μεγάλη κυκλική εστία
",history,10,7,6.937543502785701,0.0353455859986402,7,6.998605343305144,0.0092107445879665,4,3.9914227303985115,0.0039639248550258,6,6.025329749193503,0.084892753368358,4,4.1589552476784775,0.0493307529434793,3,3.0002717974603,0.0002396667672663,6,6.08996801723282,0.024704225241284,7.993307016653944,7,6.984135216314826,0.0065209932020947,7.988982715545717,2.3,13.1,49.63031624863686,0.001068988
642,642,271,272,"Εικονιστικό
 άγαλμα-πορτραίτο
 του αυτοκράτορα
 Κλαυδίου στην
 Ολυμπία (1ος
 αιώνας π.Χ.).
 Ο αυτοκράτορας
 παριστάνεται όπως
 ο Δίας, με τον αετό
 στα πόδια του και
 το σκήπτρο –λείπει
 σήμερα– στο
 αριστερό χέρι. Το
 κεφάλι του αποτελεί
 εξιδανικευμένο
 πορτρέτο του
 αυτοκράτορα.
 (Μουσείο Ολυμπίας).
",history,10,7,7.009221760934452,0.0070750087725035,4,4.125404635859013,0.020720013852208,3,3.0021637393259795,0.0012671768076737,7,6.664514176784451,0.0594614006398911,3,3.1461193740046838,0.0367716156056672,3,3.0003852396975077,0.0003427689169001,6,6.457250339919597,0.0646118241860104,7.932452823350729,7,6.919958473596694,0.0223830896382144,7.998795558101847,1.4,14.3,38.27272727272727,0.000877184
643,643,237,238,"αμοιβές. Αποτελούν το 8-10% του οικονομικά ενεργού πληθυσμού της Ελλάδας, ενώ η αύξηση του πληθυσμού της Ελλάδας, την περίοδο 2000-2001, οφειλόταν αποκλειστικά σε αυτούς.
 Το ελληνικό κράτος επιχείρησε κατά καιρούς την καταγραφή και τη νομιμοποίηση των μεταναστών, υπό όρους.
 Παράλληλα, οι ελληνικές εργατικές οργανώσεις απαίτησαν τη νομιμοποίησή τους, τη σταθεροποίηση του αριθμού τους και την εξίσωση των δικαιωμάτων τους με εκείνα των Ελλήνων εργαζομένων.
 Η θέση της Ελλάδας στα Βαλκάνια στα τέλη του 20ού αιώνα
 Οι αλλαγές στα Βαλκάνια (1989-1991) ανέτρεψαν ισορροπίες επωφελείς για την Ελλάδα.
 Ειδικότερα, από τη διάλυση της Γιουγκοσλαβίας προέκυψε ένα
 κράτος που υιοθέτησε την ονομασία «Δημοκρατία της Μακεδονίας» (Σεπτέμβριος 1991), διατύπωνε στο σύνταγμά του διεκδικήσεις κατά της Ελλάδας και χρησιμοποιούσε ως έμβλημα το
 «αστέρι ή ήλιο της Βεργίνας» (16άκτινο αστέρι ή ήλιος, έμβλημα
 των Μακεδόνων βασιλέων κατά την αρχαιότητα, κοσμεί τη χρυσή
 βασιλική λάρνακα που βρέθηκε στους τάφους της Βεργίνας).
 Η Ελλάδα απαίτησε, προκειμένου να αναγνωρίσει επίσημα αυτό το
 κράτος, να δεσμευτεί το τελευταίο ότι δεν έχει διεκδικήσεις έναντι
 γειτονικών κρατών, δεν θα ασκεί εχθρική προπαγάνδα και δεν θα
 χρησιμοποιεί το όνομα «Μακεδονία». Η πολιτική αυτή διαμορφώθηκε
 σε σειρά συσκέψεων των πολιτικών αρχηγών. Παράλληλα, έγιναν
 μεγάλα συλλαλητήρια σε Θεσσαλονίκη και Αθήνα (1992).
 Η Ελλάδα απευθύνθηκε και στην Ευρωπαϊκή Ένωση, η οποία
 3. Συλλαλητήριο στη Θεσσαλονίκη τo 1992 για το
 αποφάσισε
 (Σύνοδος Κορυφής της Λισαβόνας, Ιούνιος 1992) να μην
 ζήτημα της ονομασίας της πρώην Γιουγκοσλαβικής
 Δημοκρατίας της Μακεδονίας.
 αναγνωριστεί το κράτος αυτό με το όνομα «Μακεδονία». Λίγο καιρό αργότερα, ο ΟΗΕ δέχτηκε ως μέλος του τη νέα χώρα με το
 προσωρινό όνομα «Πρώην Γιουγκοσλαβική Δημοκρατία της Μακεδονίας» (ΠΓΔΜ), αλλά δεν της επέτρεψε να χρησιμοποιεί τη σημαία με το αστέρι της Βεργίνας.
 Παράλληλα, οι ευρωπαϊκές χώρες και οι ΗΠΑ προχώρησαν σε σύναψη διπλωματικών σχέσεων με την ΠΓΔΜ (1994), αλλά
 η Ελλάδα, αντιδρώντας, κήρυξε οικονομικό εμπάργκο (απαγόρευση εμπορίου ως μέσο επιβoλής κυρώσεων ή άσκησης
",history,12,8,7.9612481003049425,0.0135577311621687,7,7.164645984073786,0.0362446958135361,4,4.000030250930649,7.587591873971548e-05,7,6.971482686203217,0.0104542199188135,5,5.3256954789048905,0.0672520184416327,3,3.2227054944017937,0.0425915623832598,8,7.764178248907513,0.0460151170798001,7.164511681345857,7,6.990837916483997,0.004186111672821,7.9924138241940454,5.4,18.0,58.29185867895545,0.001146461
644,644,48,49,"Μετά τη γοργή ανοδική πορεία περί το 1550, οι Μυκήνες είναι, πολιτικά και καλλιτεχνικά,
 ένα κέντρο πλούσιο και με επιρροή και η δύναμή τους θα βαίνει αυξανόμενη, σε
 αντίστροφη αναλογία με την παρακμή της Κρήτης. Οι σχέσεις με το νησί, εμπορικές στην
 αρχή, πρέπει κάποια στιγμή να εκτράπηκαν σε λεηλασίες, γιατί οι Μυκηναίοι δελεάστηκαν
 από τη λάμψη του κρητικού πολιτισμού. Το αποτέλεσμα ήταν μια γενικευμένη αφομοίωση
 του μινωικού πολιτισμού από τους Μυκηναίους, ένας εκμινωισμός που περιλαμβάνει τόσο
 πτυχές υλικές και εξωτερικές, με μινωικά αντικείμενα και διακοσμητικές τεχνικές που
 δημιουργήθηκαν σε μυκηναϊκό έδαφος, όσο και οργανωτικές, μεταξύ των οποίων πρέπει να
 συγκαταλεχθεί η υιοθέτηση της μινωικής γραφής για τα ελληνικά.
 Martin S. Ruiperez – José L. Melena,
 Οι Μυκηναίοι Έλληνες, Μετ. Μελ. Παναγιωτίδου (Καρδαμίτσα), σ. 17
",history,10,8,7.999895652236773,0.0003192608777129,8,7.904689505115137,0.0253210526644287,4,3.999995814029262,1.864157091506756e-05,7,6.9991810940301775,0.0005349190162541,4,4.675641669909055,0.0840488641847974,4,3.98239350473159,0.0074987201420892,8,7.992831299142949,0.0038880090512248,7.0027954982952,7,6.999886893452185,0.0001158312568449,7.99744686428312,4.3,15.9,50.25170068027211,0.000896248
645,645,57,58,"Ο «Θησαυρός
 του Ατρέα».
 Το εντυπωσιακότερο
 οικοδόμημα
 μνημειακής
 αρχιτεκτονικής του
 μυκηναϊκού κόσμου.
 Ένας δρόμος μήκους
 35 μέτρων οδηγεί στην
 κύρια είσοδο η οποία
 στέφεται από ένα
 «ανακουφιστικό»*
 τρίγωνο που
 καλυπτόταν από λίθινη
 επένδυση.
",history,10,7,7.047163986984714,0.0155102701280134,4,4.382350397419941,0.0322101889928859,3,3.001698814912265,0.001009660042825,7,6.9972035097489425,0.0014302857586063,3,3.5429276725044474,0.065596624818519,3,3.0014773777827486,0.0009318723101181,7,7.004381608523033,0.0143251517133836,7.998298373697281,7,6.988525813179706,0.0047194455324982,7.998659497874542,0.5,14.0,40.49593495934959,0.000991378
646,646,281,282,"Η εμφάνιση του Παύλου στο προσκήνιο της χριστιανικής δραστηριότητας σηματοδοτεί το
 αληθινό άνοιγμα του Χριστιανισμού προς τους Έλληνες και μέσω αυτών προς όλους τους
 λαούς της Ρωμαϊκής αυτοκρατορίας. Ο Παύλος, με το εβραϊκό όνομα Σαούλ, γόνος εύπορης
 εξελληνισμένης εβραϊκής οικογένειας της Ταρσού της Κιλικίας*, στην αρχή είχε διακριθεί ως
 φανατικός αντίπαλος του Χριστιανισμού, όμως αργότερα μεταβάλλεται σε φλογερό κήρυκα
 της διδασκαλίας του Χριστού και θέτει ως μοναδικό στόχο της ζωής του τη διάδοσή της στα
 έθνη. Ο Παύλος, Ρωμαίος πολίτης ο ίδιος, στις τρεις διαδοχικές αποστολικές περιοδείες του
 στην Κύπρο, τη Μικρά Ασία και την Ελλάδα (45-60 μ.Χ.), χρησιμοποιεί την ελληνική γλώσσα
 στα κηρύγματα και τις επιστολές του, οικειοποιείται ιδέες της ελληνικής φιλοσοφίας και κάνει
 την ελληνική σκέψη μέσο επικοινωνίας και εργαλείο της προσπάθειάς του για τη διάδοση του
 λόγου του Χριστού στην οικουμένη. Ο Παύλος, δέσμιος, οδηγείται στη Ρώμη το 61 μ.Χ. Εκεί
 θα θανατωθεί το 64 μ.Χ. κατά τον διωγμό των Χριστιανών, όταν αυτοκράτορας της Ρώμης
 ήταν ο Νέρωνας.
",history,10,8,7.991508307663523,0.0040474471368593,7,7.22108097070236,0.0433550975788809,4,3.999800403530344,0.0001592891278079,7,6.965254566839576,0.0121372968501083,4,4.12144655242264,0.0545403698282243,4,3.6225645221157947,0.0532892063514916,8,7.923588367576102,0.0218988955950315,7.017980107749281,7,6.998939194384434,0.0006961177097327,7.997190663769288,5.2,16.4,55.048632218844986,0.001141655
647,647,218,219,"ντυμένοι και άλλοτε γυμνοί. Επίσης πολύ συχνές είναι οι απεικονίσεις
 μυθολογικών μορφών, ανδρικών και γυναικείων, ιδιαίτερα του Ηρακλή, και
 βέβαια οι θεοί του Ολύμπου. Τις κομψές αρχαϊκές κόρες με τα λεπτά ιωνικά
 ενδύματα διαδέχονται ηρωίδες της μυθολογίας με τον βαρύ, μάλλινο και
 απέριττο δωρικό πέπλο.
 Τα αρχαία κείμενα και οι επιγραφές μάς έκαναν γνωστά τα ονόματα
 μεγάλων καλλιτεχνών των κλασικών χρόνων. Ο Αθηναίος Μύρων, ο
 στενός φίλος και συνεργάτης του Περικλή Φειδίας, ο Πολύκλειτος από
 το Άργος, ο Πραξιτέλης και ο Λεωχάρης από την Αθήνα, ο Σκόπας από
 την Πάρο και ο Λύσιππος από τη Σικυώνα, είναι τα μεγαλύτερα ονόματα στον
 χώρο της γλυπτικής.
 Ο Πολύγνωτος από τη Θάσο, ο Μίκων, ο Απολλόδωρος, και ο Νικίας
 από την Αθήνα, ο Παρράσιος από την Έφεσο, ο Ζεύξις από τη Μ. Ελλάδα, ο
 Απελλής από την Κολοφώνα, ο Ευφράνωρ, και πολλοί άλλοι ακόμη λιγότερο
 γνωστοί, ζωγραφίζουν γνωστά μυθολογικά θέματα. Οι μεγάλοι πίνακές τους που
 στόλιζαν δημόσια κτίρια, όπως είναι η Ποικίλη Στοά στην Αγορά της Αθήνας και η
 Λέσχη των Κνιδίων στους Δελφούς, επηρέασαν και τους ζωγράφους
 των ερυθρόμορφων αθηναϊκών αγγείων. Έτσι και την ταπεινότερη
 Ερυθρόμορφο αγγείο (στάμνος) με αναχώρηση
 πολεμιστή. Ο βουβός πόνος των αγαπημένων τέχνη της αγγειογραφίας διαπερνά το μεγαλόπρεπο, εξιδανικευμένο
 προσώπων για τον αποχωρισμό τους εκφράζει αλλά πάντοτε μετρημένο και συγκρατημένο ύφος της κλασικής τέχνης.
 χαρακτηριστικά το πνεύμα της κλασικής τέχνης. Χάρη μάλιστα και στις παραστάσεις των αγγείων μπορούμε σήμερα να
 430 π.Χ. (Μόναχο)
 σχηματίσουμε μία αμυδρή εικόνα για τη μεγάλη ζωγραφική αυτής της
",history,10,8,7.999976594364284,0.0002956004217813,8,7.996393232400294,0.0024420607146366,4,3.9999263937352225,0.0001672973264204,7,6.999989205326855,1.8488335014894373e-05,5,4.971340514806798,0.0543112786366143,3,3.0041408747315472,0.0020588664721673,8,7.999744529474583,0.0004448696257024,7.029306853426078,7,7.000475242326502,0.0003494938383214,7.991351926866628,3.5,13.8,51.51418439716312,0.001165825
648,648,28,29,"Οι Έλληνες, σκορπισμένοι στα παράλια της Μεσογείου και του Εύξεινου Πόντου, κράτησαν ζωντανούς τους δεσμούς που τους ένωναν.
 Φρόντιζαν μάλιστα να τους ανανεώνουν. Μια τέτοια ευκαιρία ήταν οι
 Ολυμπιακοί αγώνες. Στους αγώνες αυτούς, που γίνονταν κάθε τέσσερα χρόνια στην Ολυμπία, έπαιρναν μέρος μόνο Έλληνες.
 Πριν αρχίσουν οι αγώνες, αγγελιαφόροι μετέφεραν το μήνυμα των
 αγώνων σ’ όλες τις πόλεις. Οι πόλεμοι σταματούσαν. Οι αθλητές και
 οι συνοδοί τους μπορούσαν έτσι να πάνε στην Ολυμπία χωρίς να κινδυνεύουν. Οι νικητές των αγώνων στεφανώνονταν με κλαδί ελιάς και
 κέρδιζαν την αγάπη και την εκτίμηση όλων. Πανελλήνιοι αγώνες γίνονταν επίσης στον Ισθμό, τους Δελφούς και τη Νεμέα.
 Οι αρχαίοι Έλληνες τιμούσαν ιδιαίτερα τους νικητές. Οι Ολυμπιονίκες, όταν γύριζαν στην πατρίδα τους, έμπαιναν στην πόλη όχι από την
 κύρια πύλη, αλλά από ένα άνοιγμα που γινόταν στο τείχος. Μ’ αυτόν
 τον τρόπο οι πολίτες πίστευαν ότι σε περίπτωση κινδύνου το κενό θα
 το κάλυπτε με το στήθος του ο αθλητής.
",history,4,6,6.002139750722563,0.0020372113284897,6,5.841282014895114,0.0389478120089638,3,2.9999151434049622,7.086450311595706e-05,4,4.060038166129104,0.0184543824743376,3,3.1790466894182146,0.0421006171308805,3,2.9999177493873748,7.353886822593817e-05,6,5.995639551245318,0.0061196097637389,7.99242210616103,5,4.727053711141707,0.054632263812883,7.0066321764170425,1.2,10.2,44.046816479400746,0.000856623
649,649,192,193,"με το αντιστασιακό ψευδώνυμο Άρης Βελουχιώτης, εμφανίστηκε στο χωριό Δομνίστα της Ευρυτανίας καλώντας σε
 ένοπλο αγώνα. Σύντομα ο Βελουχιώτης έγινε ο αναμφισβήτητος ηγέτης του ΕΛΑΣ. Την ίδια περίπου εποχή έκαναν
 την εμφάνισή τους και ένοπλες ομάδες του ΕΔΕΣ. Τμήματα του ΕΛΑΣ και του ΕΔΕΣ μαζί με Βρετανούς καταδρομείς
 ανατίναξαν, τον Νοέμβριο του 1942, τη γέφυρα του Γοργοπόταμου (νότια της Λαμίας), διακόπτοντας τον εφοδιασμό
 του γερμανικού στρατού της Αφρικής μέσω Ελλάδας.
 Παράλληλα, αναπτύχθηκε η αντίσταση και στις πόλεις. Τον Απρίλιο του 1942 απεργία των υπαλλήλων των τηλεπικοινωνιών, από τις πρώτες στην κατεχόμενη Ευρώπη, υποχρέωσε τις αρχές να προβούν σε παροχές. Επίσης, μεγάλη γενική απεργία, τον Ιανουάριο του 1943, εμπόδισε τις αρχές κατοχής να στείλουν Έλληνες στη Γερμανία για
 εργασία. Την ίδια εποχή, η κηδεία του Κωστή Παλαμά έγινε αφορμή για ένα ακόμη ογκώδες συλλαλητήριο κατά
 των κατακτητών. Σε αυτές τις κινητοποιήσεις ιδιαίτερη υπήρξε η συμμετοχή της νεολαίας κυρίως μετά την ίδρυση,
 με απόφαση του ΕΑΜ, της Ενιαίας Πανελλαδικής Οργάνωσης Νέων (ΕΠΟΝ).
 Πολλές Ελληνίδες πήραν μέρος στον αγώνα εναντίον των κατακτητών. Μερικές, μάλιστα, έγραψαν με αίμα τη δική
 τους ιστορία αντίστασης. Η Ηλέκτρα Αποστόλου, η Λέλα Καραγιάννη, η Ηρώ Κωνσταντοπούλου και η Παναγιώτα Σταθοπούλου είναι μερικά μόνο παραδείγματα γυναικών που θυσιάστηκαν. Επίσης, αρκετές γυναίκες εντάχθηκαν στα
 ένοπλα τμήματα του ΕΛΑΣ.
 Μαζικά αντίποινα και τάγματα ασφαλείας Αντιμέτωποι με την κλιμάκωση της αντίστασης, οι κατακτητές, έκαναν, σε
 ΝΕΟΤΕΡΗ ΚΑΙ ΣΥΓΧΡΟΝΗ ΙΣΤΟΡΙΑ
",history,12,8,7.816058331741857,0.0386774812438437,7,7.075161589089028,0.0219954587073549,4,3.9996726613744613,0.0002505140081942,7,6.999252685722411,0.0004696158452717,4,3.745521536664455,0.0743376530095392,3,3.182685715800389,0.0382638458326128,8,7.808794329147615,0.0404322571655386,7.042083489804327,7,7.000523276062772,0.0005012432171647,7.998668420639213,2.5,14.3,51.381401617250674,0.001019236
650,650,11,12,"από την Αγγλία. Παράλληλα, υπήρχε μια συνέλευση αποίκων
 και η αμερικανική επανάσταση.
 που είχε λόγο στην ψήφιση νόμων και στην έγκριση φόρων. Το
 δικαίωμα του εκλέγειν και εκλέγεσθαι στη συνέλευση αυτή είχαν μόνο ορισμένοι από τους πλούσιους αποίκους. Οι άποικοι δεν εκπροσωπούνταν στο αγγλικό κοινοβούλιο. Επίσης, το εξωτερικό εμπόριο των αποικιών ελεγχόταν πλήρως από
 την Αγγλία.
 Η αποικιακή κρίση και η αμερικανική επανάσταση Η γρήγορη ανάπτυξη των αποικιών έκανε πολλούς αποίκους, ιδίως
 τους πλουσιότερους, να δυσφορούν για την οικονομική κηδεμονία της Αγγλίας.
 Μετά τον Επταετή πόλεμο (βλέπε γλωσσάριο) των ετών 1756-1763, η Αγγλία όχι μόνο απαγόρευσε στους Αμερικανούς
 να εκμεταλλευτούν τον Καναδά και τη Φλόριντα, που μόλις είχε καταλάβει, αλλά και απαίτησε από αυτούς νέους φόρους
 για να καλύψει ένα μέρος των πολεμικών δαπανών.
 Οι άποικοι αντέδρασαν σταματώντας να αγοράζουν αγγλικά προϊόντα. Η Αγγλία κατάργησε τους
 περισσότερους νέους φόρους, αλλά διατήρησε, ίσως
 για λόγους γοήτρου, τον φόρο στο τσάι. Οι άποικοι,
 ωστόσο, ήταν ανένδοτοι: όχι μόνο σταμάτησαν να
 αγοράζουν τσάι από την Αγγλία αλλά και προχώρησαν στην καταστροφή αγγλικών φορτίων τσαγιού.
 Αντιδρώντας, η Αγγλία επέβαλε εμπορικούς περιορισμούς στο λιμάνι της Βοστόνης. Τότε, οι Αμερικανοί
 συγκάλεσαν το Κογκρέσο (συνέλευση) της Φιλαδέλφειας (Σεπτέμβριος 1774), στο οποίο συμμετείχαν
 αντιπρόσωποι όλων των αποικιών. Ενώ, όμως, η πλει2. Η «γιορτή του τσαγιού»: Αμερικανοί πετούν στη θάλασσα αγγλικό
 οψηφία του Κογκρέσου έδειχνε διάθεση συμβιβατσάι στο λιμάνι της Βοστόνης, αντιδρώντας στην επιμονή της Αγγλίας
 σμού, ο Άγγλος βασιλιάς Γεώργιος Γ´ διάλεξε την
 να συνεχίσουν να πληρώνουν φόρους γι’ αυτό το προϊόν.
 ένοπλη σύγκρουση. Η νίκη των αμερικανικών δυνά-
",history,12,8,7.474723926146183,0.0716285538212045,8,7.561822632920524,0.055226403726924,4,3.705786804525303,0.0486567041761711,7,6.303051536358865,0.0815583500525278,4,3.8641181296261493,0.0610054005078632,3,3.437943770890355,0.05510257013293,6,6.246697479343609,0.0437318825401984,7.9706860902534515,7,6.982859744923189,0.0069798361077317,7.998967242095489,2.3,14.2,49.98039215686275,0.000984678
651,651,5,6,"Εισαγωγή
 Οι Νεότεροι Χρόνοι έχουν ως αφετηρία τους τα μέσα του 15ου αιώνα. (Το 1453 καταλήφθηκε η
 Κωνσταντινούπολη από τους Οθωμανούς Τούρκους, ενώ στη Δυτική Ευρώπη τερματίστηκε ο
 Εκατονταετής Πόλεμος, ο οποίος ανέδειξε δύο εθνικά κράτη, την Αγγλία και την Γαλλία). Από
 τότε περίπου άρχισε σταδιακά να αλλάζει η κοινωνία του Μεσαίωνα και να διαμορφώνονται,
 κυρίως στη Δυτική Ευρώπη, βασικά χαρακτηριστικά του σύγχρονου πολιτισμού. Ιδιαίτερα έως
 το 1815 διάφορες ιδεολογικές, πολιτικές, πνευματικές και καλλιτεχνικές αλλαγές, μεγάλοι και
 σκληροί πόλεμοι, εξερευνήσεις μακριά από την ευρωπαϊκή ήπειρο αλλά και επαναστάσεις άλλαξαν ριζικά την κατάσταση. Ανέδειξαν νέες πολιτικές, οικονομικές και κοινωνικές δυνάμεις καθώς
 και νέες αξίες, αρχές και θεσμούς.
 Η πρώτη ενότητα αποτελείται από τρία κεφάλαια.
",history,6,7,6.959410431606329,0.0148683835373766,7,6.533900762239455,0.0684608845517093,4,3.7981893622666405,0.0403876240384516,7,6.0820089304761495,0.089141740911939,4,3.6029150025788113,0.0641577102379672,3,3.0534077447430263,0.0167404105642691,6,6.004646912193666,0.002379106915394,7.966911383699596,7,6.9927769096680805,0.0029066169297754,7.995881088054318,3.5,16.7,55.333333333333336,0.001052217
652,652,276,277,"Μετά την υποταγή της Αιγύπτου (30 π.Χ.) ο Οκταβιανός, μόνος κυρίαρχος στην πολιτική
 σκηνή της Ρώμης, θεμελιώνει έναν νέο τρόπο διακυβέρνησης, την Αυτοκρατορία. Η Σύγκλητος
 και οι εκκλησίες τού προσφέρουν τόσα αξιώματα και τίτλους ώστε γίνεται απόλυτος κυρίαρχος.
 Δέχεται την ονομασία του Αυγούστου (σεβαστός). Συγχρόνως με τη λήψη του αυτοκρατορικού
 αξιώματος καθίσταται αρχηγός του στρατού, νομοθετεί και απονέμει δικαιοσύνη. Τέλος με το
 αξίωμα του ποντίφικα (αρχιερέα) ελέγχει τη θρησκευτική ζωή.
 Αν και τα όργανα του δημοκρατικού καθεστώτος (εκκλησίες, Σύγκλητος, άρχοντες) χάνουν
 την ουσιαστική τους δύναμη, ο Οκταβιανός τα αφήνει να υπάρχουν· φέρεται με ευγένεια προς
 τους συγκλητικούς και δεν τολμά να αναγορευθεί βασιλιάς.
 Μετά τον θάνατο του Οκταβιανού η ισχύς των αυτοκρατόρων αυξάνει. Αυτή στηρίζεται σε
 μια όλο και περισσότερο ανεπτυγμένη αυτοκρατορική διοικητική μηχανή, η οποία, στις γενικές
 της γραμμές, έμεινε αμετάβλητη μέχρι τον 3ο αιώνα μ.Χ.
 Στις αρχές του 2ου αιώνα μ.Χ. ο αυτοκράτορας Τραϊανός (28-117 μ.Χ.) καταλαμβάνει τη
 Δακία* και ορισμένες περιοχές προς την Ανατολή. Αλλά μετά τον θάνατό του οι διάδοχοί του
 δεν επιδιώκουν πια την επέκταση της αυτοκρατορίας. Τεράστια σε έκταση, η αυτοκρατορία
 εκτείνεται γύρω από τη Μεσόγειο και από την Αγγλία προς βορρά μέχρι την Άνω Αίγυπτο
 προς Νότο.
",history,10,7,7.009007618513319,0.0182223356842315,7,6.97804946256602,0.0141253053911035,4,3.9993748301351957,0.0004224353093797,6,6.221425385087002,0.0727338232124961,4,3.848972945199421,0.0585225158881487,4,3.817594962386096,0.0381641787435691,7,6.799256800593781,0.0490483126007153,7.9986724531565585,7,6.9909066798427375,0.0041599241128667,7.994770195687124,1.6,12.7,47.30831826401446,0.000903251
653,653,144,145," Τα «Φυλακισμένα Μνήματα». Έτσι αποκαλείται το κοιμητήριο που βρίσκεται στις
 Κεντρικές Φυλακές Λευκωσιας. Εκεί οι Βρετανοί έθαβαν τους απαγχονισμένους αγωνιστές της Ε.Ο.Κ.Α., συνολικά 13 άτομα, από
 τα οποία εννέα εκτελέστηκαν με απαγχονισμό στις φυλακές, τρία έπεσαν στο πεδίο
 της μάχης και ένα πέθανε σε στρατιωτικό
 νοσοκομείο, μετά τον τραυματισμό του σε
 μάχη. Οι εννέα απαγχονισθέντες, όλοι τους
 νέοι ηλικίας 19-24 ετών, είναι με τη σειρά
 που εκτελέστηκαν: Μιχαλάκης Καραολής, Ανδρέας Δημητρίου, Ιάκωβος Πατάτσος, Στέλιος Μαυρομάτης, Χαρίλαος Μιχαήλ, Μιχαήλ
 Κουτσόφτας, Ανδρέας Ζάκος, Ανδρέας Παναγίδης, Ευαγόρας Παλληκαρίδης. Επίσης, στα «Φυλακισμένα Μνήματα» αναπαύονται
 ακόμη τέσσερις αγωνιστές της Ε.Ο.Κ.Α., οι: Μάρκος Δράκος, Γρηγόρης Αυξεντίου, Στυλιανός Λένας και Κυριάκος Μάτσης.
",history,6,8,7.621748074776777,0.0535187666097455,7,6.751097771008062,0.0607600690803062,3,3.075853626981825,0.0215719226394613,7,6.986932744159219,0.0054133784775835,4,3.886275340701104,0.0543045441797981,3,3.00004966668655,0.0002128332497433,8,7.704706479851048,0.0490682335738987,7.002797693901357,7,6.999977180567512,0.000595706897277,7.9951996914314805,2.1,16.8,61.706569343065695,0.001252701
654,654,37,38,"όπως χαλκό από την Κύπρο και άργυρο από τις Κυκλάδες. Έτσι, μερικοί οικισμοί αποκτούν
 σιγά σιγά μεγαλύτερη έκταση και πλούτο από τους άλλους. Αυτή η εξέλιξη οδηγεί, γύρω στο
 2000 π.Χ., στη μεγαλύτερη αλλαγή στην ιστορία του μινωικού πολιτισμού με την εμφάνιση
 των πρώτων ανακτόρων. Γύρω τους αναπτύσσονται μεγάλοι οικισμοί που μπορούν να
 χαρακτηριστούν πόλεις. Μέχρι σήμερα είναι γνωστά με βεβαιότητα τέσσερα τέτοια ανάκτορα,
 στην Κνωσό, τη Φαιστό, τα Μάλια και τη Ζάκρο. Τα πρώτα ανάκτορα καταστρέφονται
 γύρω στο 1700 π.Χ. από σεισμό, αλλά ξαναχτίζονται πιο επιβλητικά. Η περίοδος των
 δεύτερων, νέων ανακτόρων (1700-1450 π.Χ) είναι αυτή της μεγαλύτερης ακμής του
 μινωικού πολιτισμού. Την εποχή αυτή οι Μινωίτες κυριαρχούν στο Αιγαίο, όπου ιδρύουν
 αποικίες (Κύθηρα, Ρόδος) και έχουν στενές σχέσεις με την ηπειρωτική Ελλάδα, επηρεάζοντας
 έντονα τον μυκηναϊκό πολιτισμό που κάνει τότε την εμφάνισή του.
",history,10,6,6.019203586719627,0.007647182128086,6,6.43495538649961,0.0591232705991478,3,3.0124315362741925,0.0053724075404549,5,4.934428283706268,0.0434772367892836,4,4.227422826191514,0.0594004363353649,3,3.245116753415857,0.0447349815582141,6,6.002869471451049,0.0015937556335861,7.98201251139885,6,5.842423481182323,0.0885834367322144,7.04208075083352,1.0,11.4,39.18729463307777,0.000933291
655,655,196,197,"Οι αναγκαστικές μετακινήσεις πληθυσμών Επίσης, ο πόλεμος προκάλεσε μετακινήσεις περίπου 30.000.000 ανθρώπων.
 Πολλοί από αυτούς εγκατέλειψαν τα σπίτια τους φοβούμενοι την έλευση ξένων στρατευμάτων. Οι περισσότεροι, όμως,
 εξαναγκάστηκαν από τους εμπόλεμους να μετακινηθούν για διάφορους λόγους. Στα 1945 αυτοί οι πληθυσμοί συγκροτούσαν ένα τεράστιο, διάσπαρτο ανθρώπινο πλήθος χωρίς κανένα μέσο διαβίωσης.
 Οι υλικές καταστροφές Η Ευρώπη ήταν ένας σωρός από ερείπια. Στη Σοβιετική Ένωση είχαν καταστραφεί 6.000.000
 σπίτια, στην Πολωνία το 80% της βιομηχανίας, στη Γαλλία είχαν υποστεί σοβαρές ζημιές σχεδόν όλα τα λιμάνια και μεγάλο μέρος του συγκοινωνιακού και σιδηροδρομικού δικτύου, στην Ελλάδα είχαν καεί περίπου 160.000 κτίρια και είχαν
 πυρποληθεί 1.700 χωριά. Πόλεις όπως το Βερολίνο, το Λένινγκραντ (σημερινή Αγία Πετρούπολη), η Δρέσδη, η Χιροσίμα,
 το Ναγκασάκι και εκατοντάδες άλλες είχαν ισοπεδωθεί. Η συνολική βιομηχανική παραγωγή της Ευρώπης έφτανε στα τέλη του Β´ Παγκόσμιου πολέμου μόλις το 50% της προπολεμικής. Η Ελλάδα είχε χάσει σχεδόν το 75% της εμπορικής της
 ναυτιλίας. Τα περισσότερα κράτη είχαν δανειστεί για να προετοιμαστούν για τον πόλεμο και τώρα υποχρεώνονταν να
 το ξανακάνουν για να αρχίσουν την ανοικοδόμηση. Το μεγαλύτερο μέρος των δανείων προερχόταν από τις ΗΠΑ.
 Η κατάρρευση του βιοτικού επιπέδου Το βιοτικό επίπεδο είχε καταρρεύσει, αν και με σοβαρές αποκλίσεις μεταξύ των
 χωρών. Η Βρετανία, αν και δέχτηκε σκληρές επιθέσεις από τους ναζί, κατάφερε να διασώσει μεγάλο μέρος της βιομηχανίας και του εμπορικού της στόλου, ενώ ο ενεργός πληθυσμός της αυξήθηκε χάρη στη μαζική είσοδο γυναικών στην
 αγορά εργασίας. Η χειρότερη κατάσταση επικράτησε στη Γερμανία και στην Αυστρία, που μαστίζονταν από την πείνα,
 τη μαύρη αγορά και τον κίνδυνο επιδημιών.
 Η ηθική καταρράκωση Ο ηθικός απολογισμός της σύγκρουσης ήταν, επίσης, τραγικός. Οι εμπόλεμοι βομβάρδισαν μαζικά
 όχι μόνο στρατιωτικούς στόχους αλλά και μεγάλες πόλεις, με σκοπό να καταρρακώσουν το ηθικό των αμάχων και να εξαναγκάσουν τον εχθρό να συνθηκολογήσει. Ο πόλεμος συνοδεύτηκε από ανήκουστες θηριωδίες, μαζικές εκτελέσεις αμάχων,
 βιασμούς και λεηλασίες, που έγιναν από όλες τις πλευρές. Αναμφίβολα, όμως, τα πρωτεία της φρίκης πρέπει να αποδοθούν
 ΝΕΟΤΕΡΗ ΚΑΙ ΣΥΓΧΡΟΝΗ ΙΣΤΟΡΙΑ
",history,12,8,7.975879132608547,0.0092479049569124,7,7.319896746572681,0.0509278052061572,4,3.9993093392240553,0.0004882899627334,7,6.95590789702419,0.0146531740859097,4,4.83275662394135,0.0913931842204296,4,3.985595814905139,0.0126020030887942,8,7.835917162232363,0.0348288301148596,7.407329474086055,7,6.9989256431188664,0.0006830267716771,7.9984948771532345,2.6,14.5,53.33569739952719,0.001072829
656,656,78,79,"ΑΣΚΗΣΕΙΣ – ΔΡΑΣΤΗΡΙΟΤΗΤΕΣ
 1. Εκτός από τη διαφωνία σχετικά με το ζήτημα
 της δουλείας, ποιοι άλλοι λόγοι οδήγησαν στον
 αμερικανικό εμφύλιο πόλεμο; Πριν απαντήσετε,
 να μελετήσετε την πηγή 1.
 2. Ποιοι παράγοντες επέτρεψαν στους δυτικούς
 να διεισδύσουν στην Κίνα και στην Ιαπωνία;
 Στην απάντησή σας να πάρετε υπόψη σας την
 πηγή 2 και την εικόνα 3.
 3. Διαθεματική δραστηριότητα: Να διαβάσετε το
 λογοτεχνικό έργο Η καλύβα του μπαρμπαΘωμά και να το παρουσιάσετε στην τάξη σας.
",history,12,7,7.180567899430137,0.0390343811299352,8,7.982304951266357,0.0074563802961836,4,3.992423042067088,0.0035775647118598,7,6.9038019042151575,0.026097288557393,,,0.0503986166631158,,,0.0550558262059454,7,7.039432995445203,0.0440093019553148,7.999819267528935,7,6.998792849719848,0.0007542036711587,7.999913637895929,3.4,13.0,39.91472868217054,0.000798098
657,657,24,25,"ο ευγενής:
 αυτός που
 λόγω της
 καταγωγής
 του ή της
 περιουσίας
 του είχε
 περισσότερα
 δικαιώματα.
 ο τύραννος:
 αυτός που
 παίρνει την
 εξουσία με τη
 βία και
 κυβερνάει
 χωρίς να δίνει
 λόγο σε
 κανέναν
 (σήμερα
 λέγεται
 δικτάτορας).
",history,4,5,5.004279595335504,0.00152769217378,4,4.140529016593064,0.0217476957914804,2,2.085098398318962,0.023373210348016,4,4.167285598153285,0.0374999684097974,3,2.943201298066924,0.0452658405528752,3,2.966988849522565,0.0117299328120426,5,5.00250317885002,0.0013868522215972,7.994088729594637,4,4.283837630830021,0.0524483086643846,7.222663133761671,3.2,11.6,49.57142857142857,0.000967086
658,658,118,119,"ΕΝΟΤΗΤΑ 29
 Οι βαλκανικοί πόλεμοι (1912-1913)
 Τα αίτια Λίγο καιρό μετά την επικράτηση των Νεοτούρκων (βλέπε ενότητα 22) έγινε φανερό ότι κύριος στόχος τους
 ήταν ο πλήρης εκτουρκισμός του οθωμανικού κράτους, πράγμα που σήμαινε διώξεις σε βάρος των αλλοεθνών πληθυσμών
 της Οθωμανικής αυτοκρατορίας. Η πολιτική αυτή αναζωπύρωνε τα εθνικά αισθήματα των γειτονικών βαλκανικών λαών
 (Έλληνες, Βούλγαροι, Σέρβοι) που επιδίωκαν όχι μόνο την προστασία των ομοεθνών τους που διέμεναν στο οθωμανικό
 κράτος αλλά και την ενσωμάτωση των οθωμανικών εδαφών στα οποία αυτοί κατοικούσαν.
 Τα πράγματα περιπλέκονταν λόγω και της ανάμειξης των Δυνάμεων. Η Γερμανία είχε διεισδύσει οικονομικά στην Οθωμανική αυτοκρατορία, ήδη από τα τέλη του 19ου αιώνα. Η Ιταλία, έχοντας και αυτή οικονομικά κίνητρα, επιτέθηκε, τον
 Σεπτέμβριο του 1911, εναντίον της Λιβύης (οθωμανική κτήση), ενώ κατέλαβε τα υπό οθωμανική διοίκηση Δωδεκάνησα (Μάιος 1912). Επιπλέον, η Αυστροουγγαρία, η οποία είχε αναλάβει από το 1878 τη διοίκηση της οθωμανικής επαρχίας της Βοσνίας-Ερζεγοβίνης, προχώρησε, το 1908, σε πλήρη προσάρτηση αυτής της περιοχής. Όλα αυτά έπλητταν συμφέροντα των
 άλλων Δυνάμεων (Αγγλία, Γαλλία, Ρωσία) και αποκάλυπταν τις αδυναμίες της Οθωμανικής αυτοκρατορίας.
 Προς τη σύγκρουση – Οι βαλκανικές συμμαχίες Ο Βενιζέλος ακολουθούσε, αρχικά, πολιτική κατευναστική απέναντι
 στις νεοτουρκικές προκλήσεις, εκτιμώντας ότι η Ελλάδα δεν ήταν επαρκώς προετοιμασμένη για πόλεμο. Καθώς, όμως,
 την άνοιξη του 1911 έκρινε ότι μια πολεμική σύγκρουση δεν ήταν μακριά, υιοθέτησε την τακτική της βαλκανικής συνεννόησης. Στο πλαίσιο αυτό, υπογράφτηκαν, την άνοιξη του 1912, συνθήκες συμμαχίας ανάμεσα στη Σερβία, τη Βουλγαρία,
 την Ελλάδα και το Μαυροβούνιο.
 Ο Α´ βαλκανικός πόλεμος (Οκτώ1. Η κήρυξη του Α´ βαλκανικού πολέμου: Το διάγγελμα του Γεώργιου
 βριος 1912-Μάιος 1913) Η ένοπλη
 ΠΡΟΣ ΤΟΝ ΛΑΟΝ ΜΟΥ
 Αι ιεραί υποχρεώσεις προς την φιλτάτην πατρίδα, προς τους υποδούλους αδελφούς
 σύρραξη ξεκίνησε όταν οι Βαλκάνιοι
 μας και προς την ανθρωπότητα επιβάλλουσιν εις το κράτος, μετά την αποτυχίαν των εισύμμαχοι απαίτησαν από τον σουλρηνικών προσπαθειών του προς επίτευξιν και εξασφάλισιν των ανθρωπίνων δικαιωμάτων
 τάνο να σέβεται τα δικαιώματα των
 των υπό τον τουρκικόν ζυγόν Χριστιανών, όπως διά των όπλων θέσει τέρμα εις την δυχριστιανικών εθνοτήτων που ζούσαν
 στυχίαν την οποίαν ούτοι υφίστανται από τόσων αιώνων.
 στην Οθωμανική αυτοκρατορία και
 Η Ελλάς πάνοπλος μετά των συμμάχων αυτής, εμπνεομένων υπό των αυτών αισθημάνα προχωρήσει σε μεταρρυθμίσεις
 των και συνδεομένων διά κοινών υποχρεώσεων, αναλαμβάνει τον ιερόν αγώνα του διπρος όφελός τους (αρχές Οκτωβρίκαίου και της ελευθερίας των καταδυναστευομένων λαών της Ανατολής. [...]
",history,12,8,7.9560275622912116,0.0136241364004446,7,7.500232439696987,0.0559990952948901,4,3.9992945620447244,0.0004748408303712,7,6.982138351547746,0.0070438224219752,6,5.114715521624021,0.0935213778750339,3,3.132969154632974,0.0314833774077286,8,7.942051678418238,0.0178879127058934,7.320818510710751,7,6.998603396801116,0.0008576729521947,7.991415329153369,7.7,21.6,66.42087427990512,0.001282611
659,659,283,284,"Οι κατακόμβες
 της Πρίσκιλας
 Ρώμη,
 3ος αιώνας μ.Χ.
 Κατά τους πρώτους
 αιώνες του Χριστιανισμού
 οι πιστοί της Ρώμης
 θάβονταν σε υπόγεια
 κοιμητήρια, τις
 κατακόμβες.
 Σ’ αυτές τελούσαν και τις
 λατρευτικές τους τελετές.
",history,10,5,5.952544193500955,0.0852603101614156,4,4.004182177991652,0.0014288534301043,3,2.8519531109098395,0.033671932281174,4,4.157452855552151,0.0361731009272126,3,3.093582981405234,0.0392135478355312,3,2.9823957465715694,0.0075003134131004,6,5.911912638802903,0.0337065068005856,7.987567772530156,7,6.753762365852708,0.0488789795422614,7.999441789333559,0.4,10.6,41.20512820512821,0.000859716
660,660,105,106,"Μόνο την επόμενη δεκαετία και έπειτα από ενέργειες του Τρικούπη καθιερώθηκε η
 αρχή της δεδηλωμένης (1875). Σύμφωνα μ’ αυτήν, ο βασιλιάς ήταν υποχρεωμένος να αναθέτει τον σχηματισμό κυβέρνησης στον αρχηγό του κόμματος που τον υποστήριζε η πλειοψηφία της Βουλής. Την εποχή αυτή δύο ήταν οι κυριότεροι πολιτικοί σχηματισμοί που
 εναλλάσσονταν στην εξουσία: το κόμμα του Χαρίλαου Τρικούπη, που υποστήριζε τον εξευρωπαϊσμό της χώρας και το αντίπαλο κόμμα του Θεόδωρου Δηλιγιάννη, που στηριζόταν στα
 πιο φτωχά κοινωνικά στρώματα.
 Τα χρήματα που δανείστηκε η Ελλάδα από το εξωτερικό στη δεκαετία του 1880, εξαντλήθηκαν γρήγορα. Την οικονομική κρίση επιδείνωσε και η κατάρρευση του εμπορίου της
 σταφίδας σε παγκόσμιο επίπεδο, καθώς η σταφίδα αποτελούσε το βασικό γεωργικό προϊόν
 που εξήγε η χώρα. Έτσι, η πτώχευση του ελληνικού κράτους το 1893 ήταν αναπόφευκτη.
 Εκτός από τα οικονομικά προβλήματα, το ελληνικό κράτος είχε να αντιμετωπίσει και το
 φαινόμενο της ληστείας. Συμμορίες ληστών, που ζούσαν συνήθως στην ύπαιθρο ανάμεσα
 σε νομάδες κτηνοτρόφους, δρούσαν ως τα προάστια της πρωτεύουσας ενώ δημιουργούσαν
 ταραχές και στα σύνορα της χώρας. Το 1870, μάλιστα, ληστές απήγαγαν και δολοφόνησαν
 Άγγλους περιηγητές στο χωριό Δήλεσι της Βοιωτίας, δυσφημίζοντας την Ελλάδα στο εξωτερικό.
 Στο μεταξύ στην Κρήτη ξέσπασε ξανά επαναστατικό κίνημα, που ενισχύθηκε με στρατό και στόλο από την ελεύθερη Ελλάδα. Τότε η Τουρκία κήρυξε τον πόλεμο εναντίον της
 Ελλάδας. Καλά οργανωμένες τουρκικές δυνάμεις εισέβαλαν το 1897 στη Θεσσαλία καιστη
 συνέχεια στη Στερεά Ελλάδα, νικώντας τον ελληνικό στρατό. Ο Ελληνοτουρκικός Πόλεμος
 του 1897 τερματίστηκε μετά από παρέμβαση των Μεγάλων Δυνάμεων. Η Ελλάδα υποχρεώθηκε να πληρώσει στην Τουρκία μεγάλη χρηματική αποζημίωση. Για τον λόγο αυτό, πήρε
 νέο δάνειο από τις Μεγάλες Δυνάμεις, με τον όρο αυτές να διαχειρίζονται ορισμένα από τα
 έσοδα του κράτους.
 Την εποχή αυτή κυριάρχησε το γλωσσικό ζήτημα, η διαμάχη για το είδος της γλώσσας
 που έπρεπε να χρησιμοποιείται επίσημα από το κράτος (δημοτική ή καθαρεύουσα). Μετά το
 1880, στη λογοτεχνία χρησιμοποιήθηκε η δημοτική γλώσσα και παρουσιάζονταν συχνότερα
 τα θέματα της καθημερινής ζωής. Σημαντικοί λογοτέχνες του 19ου αιώνα ήταν ο Κωστής Παλαμάς και ο Κωνσταντίνος Καβάφης στην ποίηση, ο Γεώργιος Βιζυηνός και ο Αλέξανδρος
 Παπαδιαμάντης στην πεζογραφία. Στη γλυπτική ξεχώρισε ο Γιαννούλης Χαλεπάς ενώ στη
 ζωγραφική διακρίθηκαν ο Νικηφόρος Λύτρας, ο Νικόλαος Γύζης, ο Κωνσταντίνος Βολανάκης και ο Γεώργιος Ιακωβίδης. Την ίδια εποχή ο δημοτικιστής Γιάννης Ψυχάρης έγραφε:
 «Ένα έθνος, για να γίνει έθνος, θέλει δυο πράματα. Να μεγαλώσουνε τα συνορά του και
 να κάμη φιλολογία δική του».
",history,6,8,7.373727944325722,0.0771495783071725,7,6.623309254963658,0.0536449838281137,4,4.000540390603419,0.0004921443189452,7,6.930235505125125,0.0206957755513428,4,4.533657316063227,0.0750522521095745,3,3.2689517347123456,0.0467596311443709,8,7.342568497348108,0.0769465633918488,7.294206595371747,7,6.995538711852987,0.0022993299871203,7.998671823876066,3.5,14.9,54.36904761904762,0.001077142
661,661,92,93,"ε την έναρξη της Επανάστασης του 1821, συγκροτήθηκαν τοπικές κυβερνήσεις ή αλλιώς «Τοπικοί Οργανισμοί» για την οργάνωση του Αγώνα: η Πελοποννησιακή Γερουσία στην Πελοπόννησο, η Γερουσία στη Δυτική Στερεά και ο Άρειος Πάγος στην Ανατολική
 Στερεά Ελλάδα. Επειδή όμως οι τοπικές κυβερνήσεις αδυνατούσαν να συντονίσουν συνολικά την Επανάσταση, κρίθηκε απαραίτητη η ύπαρξη κεντρικής πολιτικής διοίκησης.
 Έτσι, τα τρία πρώτα χρόνια της Επανάστασης πραγματοποιήθηκαν δύο Εθνοσυνελεύσεις, με τη συμμετοχή παραστατών (αντιπροσώπων) από τις επαναστατημένες περιοχές.
 Η Α΄ Εθνοσυνέλευση πραγματοποιήθηκε στην Επίδαυρο τον Δεκέμβριο του 1821. Κατά
 τη διάρκειά της ψηφίστηκε για πρώτη φορά Σύνταγμα. Το πρώτο Σύνταγμα της Επανάστασης, περισσότερο γνωστό ως «Προσωρινό Πολίτευμα της Ελλάδος», ήταν βασισμένο
 σε αμερικανικά και γαλλικά πρότυπα. Διακηρύχθηκε επίσης η ανεξαρτησία των Ελλήνων
 και σχηματίσθηκαν δύο σώματα, το Βουλευτικό και το Εκτελεστικό, για την άσκηση της
 κεντρικής διοίκησης. Πρωτεύουσα του νέου κράτους ορίστηκε η Κόρινθος. Οργανώθηκαν
 επίσης Υπουργεία και ρυθμίστηκε η απονομή δικαιοσύνης με διαφορετικό τρόπο από ό,τι
 συνέβαινε κατά την Τουρκοκρατία. Παρά τα προβλήματα, το κράτος απέκτησε σταδιακά μια
 διοικητική δομή ανάλογη περίπου με τη σημερινή.
 Η Β΄ Εθνοσυνέλευση (1823) συνήλθε στο Άστρος της Αρκαδίας. Στην Εθνοσυνέλευση
 αυτή ψηφίστηκε νέο Σύνταγμα και αποφασίστηκε να καταργηθούν τα τοπικά κέντρα εξουσίας, προκειμένου να ενισχυθεί η κεντρική διοίκηση. Οι διαμάχες ανάμεσα στους προκρίτους
 και τους στρατιωτικούς για τον έλεγχο της εξουσίας οδήγησαν στη δημιουργία τριών πολιτικών κομμάτων: του Αγγλικού, που το υποστήριζαν ο Αλέξανδρος Μαυροκορδάτος και οι
 Υδραίοι, του Γαλλικού, με τον Ηπειρώτη γιατρό Ιωάννη Κωλέττη και τους Ρουμελιώτες και
 του Ρωσικού, υπό την επιρροή του Κολοκοτρώνη και των οπλαρχηγών της Πελοποννήσου.
 Το 1827, καθώς οι πολιτικές αντιπαραθέσεις συνεχίζονταν και οι στρατιωτικές επιχειρήσεις βρίσκονταν σε κρίσιμο σημείο, συγκλήθηκε νέα Εθνοσυνέλευση στην Τροιζήνα. Η Γ’
 Εθνοσυνέλευση ψήφισε καινούργιο Σύνταγμα, δημοκρατικότερο από τα προηγούμενα και
 όρισε το Ναύπλιο πρωτεύουσα του ελληνικού κράτους. Ο Ιωάννης Καποδίστριας εκλέχθηκε
 Κυβερνήτης της Ελλάδας, ενώ για την αποτελεσματική αντιμετώπιση των τουρκοαιγυπτιακών στρατευμάτων ορίστηκαν αρχηγοί των ελληνικών ενόπλων δυνάμεων οι Άγγλοι αξιωματικοί σερ Ρίτσαρντ Τσωρτς στην ξηρά και ο λόρδος Τόμας Κόχραν στη θάλασσα.
",history,6,8,7.99472238714813,0.0027463292591481,6,6.321435582091684,0.0508956502090773,4,3.999813281050592,0.0001713843649658,7,6.881560668930234,0.0262589801373059,4,3.754111954787504,0.0533343564091658,3,3.1480492583946216,0.0336767043163167,6,6.888232100045634,0.0756680169531789,7.957911355811348,7,6.9888166575474315,0.0047907233201976,7.998826649751209,4.2,18.7,62.55454244,0.001223442
662,662,124,125,"Η αρχαϊκή περίοδος σφραγίζεται από δύο κορυφαίες δημιουργίες: α) την ανέγερση
 λίθινων ναών και β) τη δημιουργία λίθινων αγαλμάτων σε φυσικό και υπερφυσικό
 μέγεθος. Αξιοσημείωτη είναι επίσης η επίδραση της τέχνης της Ανατολής και της
 Αιγύπτου στην ελληνική αρχαϊκή τέχνη.
 Την εποχή αυτή οικοδομούνται οι πρώτοι πραγματικά μνημειακοί ναοί της αρχαίας Ελλάδας
 που θα επηρεάσουν την αρχιτεκτονική όλου του κόσμου μέχρι και τις ημέρες μας. Ο ελληνικός
 ναός χτίζεται τώρα από πέτρα και συχνά από μάρμαρο. Στο βασικό σχήμα του θυμίζει το
 μυκηναϊκό μέγαρο, αφού αποτελείται συνήθως από έναν ανοικτό προθάλαμο –πρόναο–
 με δύο κίονες, και ένα κυρίως δωμάτιο, τον σηκό. Όταν μάλιστα προστεθεί ένα παρόμοιο
 ανοικτό δωμάτιο πίσω –ο οπισθόδομος– και ακόμη περισσότερο, μία κιονοστοιχία γύρω
 από το κτίριο –το πτερό–, οι ναοί γίνονται μεγαλοπρεπέστεροι και εντυπωσιακότεροι. Οι
 ναοί της αρχαϊκής περιόδου χτίζονται σε δύο ρυθμούς, τον δωρικό που διαμορφώθηκε στα
 δωρικά κέντρα της Πελοποννήσου και τον ιωνικό που αποκρυσταλλώθηκε στα ιωνικά κέντρα
 του Αιγαίου και της Μικράς Ασίας. Οι ρυθμοί ξεχωρίζουν προπάντων από τους κίονες. Ο
 δωρικός είναι πιο κοντός, βαρύς και αυστηρός, ενώ ο ιωνικός είναι ψηλότερος, κομψότερος
 με πλούσια διακόσμηση στην επάνω απόληξή του –στο κιονόκρανο–, που αναγνωρίζεται
 εύκολα από τις έλικες στις οποίες καταλήγει. Ανάγλυφα και ολόγλυφα λιοντάρια και
 μυθολογικά τέρατα, καθώς και μυθολογικά θέματα διακοσμούν συχνά το επάνω μέρος των
 ναών· πρόκειται για τα αρχιτεκτονικά γλυπτά.
 Την εποχή αυτή δημιουργούνται
 τα πρώτα μεγάλα αγάλματα από
 ασβεστόλιθο στην Κρήτη και από
 μάρμαρο στη Νάξο. Τα εμπορικά
 ταξίδια στην Αίγυπτο και η αφθονία
 μαρμάρου στη Νάξο έπαιξαν
 αποφασιστικό ρόλο στη γέννηση
",history,10,8,7.904548296085586,0.0253347345726086,8,7.958035615554829,0.0141108720190144,4,3.982014153922222,0.0072353565722095,7,6.952515088294604,0.0155128655503365,5,4.935252882241912,0.0605863564710443,3,3.0031708907586108,0.0017216597568044,8,7.920731632417301,0.0225884857847151,7.132960803825597,7,6.999424614624218,0.0004181516360331,7.979619327994442,4.5,16.0,54.18713956170704,0.001214366
663,663,203,204,"Η κλασική τέχνη υπήρξε για πολλούς αιώνες το πρότυπο και το μέτρο σύγκρισης κάθε
 καλλιτεχνικού έργου. Η λέξη κλασικός στην ελληνική και στις ξένες γλώσσες σημαίνει εκείνο
 που είναι αξεπέραστο και έχει αιώνια, διαχρονική αξία, ισχύ και αναγνώριση. Βασικά γνωρίσματα
 της κλασικής τέχνης είναι το μέτρο, η αρμονία και το κάλλος. Η κλασική τέχνη αποφεύγει κάθε
 υπερβολή στις στάσεις, τις κινήσεις, τις χειρονομίες, την έκφραση του προσώπου. Οι μορφές
 είναι αρμονικές και συμμετρικές, οι χειρονομίες συγκρατημένες, το βλέμμα βαθύ και στοχαστικό,
 η εκδήλωση έντονων συναισθημάτων αποφεύγεται. Θεοί, ήρωες και άνθρωποι παριστάνονταν
 σαν τέλεια όντα, με ιδανική ομορφιά, με συγκρατημένη εκδήλωση του ψυχικού τους κόσμου,
 μεγαλόπρεποι, σε μια εικόνα μακριά από την καθημερινότητα, την ασχήμια, τον πόνο και τα
 βάσανα της ζωής και της πραγματικότητας, δηλαδή εξιδανικευμένα.
 Η τέχνη της κλασικής
 εποχής διακρίνεται σε
 τρεις περιόδους που ξεχωρίζουν καθαρά μεταξύ τους, παρόλα τα κοινά γνωρίσματά τους που
 αναφέρθηκαν παραπάνω.
 Στην πρώιμη κλασική
 τέχνη ή τέχνη του αυστηρού ρυθμού* (480450 π.Χ.) οι μορφές είναι
 πιο βαριές και στιβαρές
 και μερικές φορές σε
 έντονη στιγμιαία κίνηση.
 Αντίθετα, κατά την ώριμη
 κλασική περίοδο (450390 π.Χ.) οι μορφές παριστάνονται σε ήρεμες στάσεις, ενώ στα γυναικεία
 αγάλματα τα ενδύματα
 αρχίζουν να ελαφραίνουν
 και να αναδεικνύουν την
 ομορφιά των σωμάτων.
 Στην ύστερη κλασική
",history,10,8,7.932426641180129,0.0199474455338958,8,7.622565260807278,0.0535350834280018,4,3.999938658087558,9.348208599007736e-05,7,6.983442957727675,0.0064001870025117,4,3.681848025371437,0.0751456777404175,3,3.5400222933768646,0.072786449618107,8,7.973336196349116,0.0099510208986612,7.132958284435688,7,6.999138030168524,0.0005976869313859,7.9995015403791285,2.9,14.4,49.02185792349727,0.001099315
664,664,202,203,"Ανάγλυφη μετόπη
 από τον περίφημο
 ναό του Δία στην
 Ολυμπία. Ο Ηρακλής
 με τη συμπαράσταση
 της θεάς Αθηνάς κρατεί
 στους ώμους του τον
 ουρανό και ο Άτλαντας
 του φέρνει τα μήλα
 των Εσπερίδων.
 470-460 π.Χ.
 (Μουσείο Ολυμπίας)
",history,10,7,6.950948284117743,0.0289758811483915,4,4.001821525431296,0.0007707224154255,3,2.562159936632895,0.0550491587586497,7,6.177872348765732,0.0769262642935136,3,2.683172580331302,0.0519019752568685,3,2.997203604675917,0.0015517687842619,6,6.497928328675442,0.057668469975829,7.962673130441857,7,6.9983225950570045,0.0010127665623172,7.999310871083054,3.4,11.0,31.25,0.000674851
665,665,99,100,"ΕΝΟΤΗΤΑ 23
 Η ελληνική οικονομία και κοινωνία κατά τον 19ο αιώνα
 Η έκταση της Ελλάδας ήταν σχετικά μικρή, αν και στη διάρκεια του 19ου αιώνα το ελληνικό κράτος μεγάλωσε δύο φορές περιλαμβάνοντας στα σύνορά του τα Επτάνησα (1864), τη Θεσσαλία και την περιοχή της Άρτας (1881).
 Ο πληθυσμός, περίπου 750.000 άνθρωποι το 1830, γνώρισε ομαλή αύξηση σε όλο τον 19ο αιώνα. Παράλληλα, περίπου
 διπλάσιοι Έλληνες ζούσαν έξω από τα σύνορα. Σημαντικά αστικά κέντρα ήταν η Αθήνα ―πρωτεύουσα του κράτους από
 το 1834, που ο πληθυσμός της δεκαπλασιάστηκε την περίοδο 1840-1907―, η Πάτρα και η Σύρος, ενώ προς τα τέλη του
 αιώνα άρχισε να αναπτύσσεται και ο Πειραιάς.
 Ο αγροτικός τομέας δέσποζε στην ελληνική οικονομία. Μεγάλο τμήμα των καλλιεργήσιμων εκτάσεων, περίπου
 5.000.000 στρέμματα, αποτελούσαν οι εθνικές γαίες (ή εθνικά κτήματα), δηλαδή εκτάσεις γης που ήταν προεπαναστατικά οθωμανικές ιδιοκτησίες και πέρασαν μετά την επανάσταση σε ελληνικό έλεγχο. Το ελληνικό κράτος, όμως, δεν τόλμησε, τουλάχιστον αρχικά, ούτε να μοιράσει δωρεάν τις εθνικές γαίες στους αγρότες, που τις καλλιεργούσαν και τις
 διεκδικούσαν, ούτε να τις πουλήσει,
 όπως ζητούσαν οι πρόκριτοι. Καθώς
 1. Αγρότες και αγροτικό ζήτημα στη Θεσσαλία του 19ου αιώνα
 Οι κολίγοι δεν αποδέχθηκαν αδιαμαρτύρητα την επιδείνωση της θέσης τους. Ευτο θέμα παρέμενε για πολλά χρόνια
 θύς εξαρχής αντέδρασαν αρνούμενοι να υπογράφουν τα μισθωτήρια κολιγικά συμσε εκκρεμότητα, μεγάλο μέρος τους
 βόλαια με αποτέλεσμα να έρχονται σε συνεχείς προστριβές με τους επιστάτες και
 καταπατήθηκε και μετατράπηκε σε
 τους ανθρώπους των τσιφλικούχων, που κατέληγαν σε έντονους διαπληκτισμούς ή
 ιδιοκτησίες. Στα 1871 ο πρωθυπουρακόμη και σε αιματηρές συμπλοκές. Οι γαιοκτήμονες, από τη μεριά τους, έχοντας
 γός Αλέξανδρος Κουμουνδούρος διέτην κυβερνητική υποστήριξη και βοηθούμενοι από τη χωροφυλακή και το στρατό,
 νειμε όσες εθνικές γαίες είχαν αποεπιχειρούσαν να τρομοκρατήσουν τους αγρότες, επισείοντας την απειλή της επιμείνει.
 κείμενης έξωσης.
 Μετά την ενσωμάτωση της ΘεσσαΚ. Αρώνη-Τσίχλη, «Το αγροτικό ζήτημα», Ιστορία του νέου ελληνισμού, Ελληνικά Γράμματα, Αθήνα 2003, τόμ. 5, σ. 86.
 λίας (1881) προέκυψε το πρόβλημα
 των τσιφλικιών, δηλαδή των μεγάλων
 κτημάτων που ανήκαν έως τότε σε Τούρκους γαιοκτήμονες και καλλιεργούνταν από κολίγους (ακτήμονες Έλληνες αγρότες). Οι κολίγοι θεώρησαν ότι η γη θα μοιραζόταν σε αυτούς. Όμως, καθώς η Ελλάδα είχε δεσμευτεί με διεθνή συνθήκη
 να σεβαστεί τα περιουσιακά δικαιώματα των Τούρκων ιδιοκτητών, τα τσιφλίκια πουλήθηκαν από τους Τούρκους κατόχους
",history,12,8,7.863625539537509,0.032814559824798,7,7.050647792564291,0.018189613499424,4,3.9994526330019653,0.0003831310471066,7,6.669487047472103,0.0559633122109113,5,5.082935757789528,0.08977985343065,3,3.008577247381268,0.0039641193022953,8,7.910813534080432,0.021078052900149,7.2018080905737065,7,6.97157752113344,0.0103023356608739,7.946560667147423,4.2,16.2,54.807780320366135,0.001045105
666,666,81,82,"2. Διονύσιος Σολωμός, Οι Ελεύθεροι Πολιορκημένοι. Σχεδίασμα Β΄
 «Άκρα του τάφου σιωπή στον κάμπο βασιλεύει.
 Λαλεί πουλί, παίρνει σπυρί, κι η μάνα το ζηλεύει.
 Τα μάτια η πείνα εμαύρισε· Στα μάτια η μάνα μνέει*
 Στέκει ο Σουλιώτης ο καλός παράμερα και κλαίει:
 «Έρμο τουφέκι σκοτεινό, τι σ’ έχω γω στο χέρι;
 Οπού συ μούγινες βαρύ κι ο Αγαρηνός* το ξέρει»».
 Διονυσίου Σολωμού. Άπαντα, τόμ. 1, Ποιήματα, Αθήνα 1993, στ΄ έκδοση, σ. 215.
 * μνέει = ορκίζεται
 * Αγαρηνός = Τούρκος
",history,6,8,8.11722765636486,0.0242899293076361,8,7.761866987624671,0.0465289460834505,4,4.020101538837878,0.0081454768889524,7,7.000038146117982,8.211651221095826e-05,4,4.487752297660336,0.096941725687376,3,3.014706258512888,0.0061874509203125,8,8.232931762304418,0.0471064293452381,7.000198685317628,7,7.0292951540857445,0.010643673782414,7.997247297675884,1.2,9.1,30.244444444444444,0.000668523
667,667,1,2,"Στους μικρούς μας φίλους, μαθητές της ΣΤ΄ Δημοτικού
 Αγαπητά μας παιδιά, στη διάρκεια της περσινής χρονιάς γνωρίσατε την ιστορία της Βυζαντινής Αυτοκρατορίας, που ολοκληρώθηκε με την Άλωση της Κωνσταντινούπολης το 1453. Στους 11 περίπου αιώνες
 που κράτησε η κυριαρχία των Βυζαντινών διδαχθήκατε στοιχεία από την πολιτική ζωή, την οικονομία, τον
 πολιτισμό και την καθημερινή ζωή της αυτοκρατορίας που ξεκίνησε ως ρωμαϊκό και κατέληξε ως ελληνικό
 κράτος. Φέτος θα συνεχίσουμε το συναρπαστικό μας ταξίδι στην Ιστορία με το βιβλίο «Ιστορία του νεότερου
 και σύγχρονου κόσμου». Είναι μια περίοδος πολύ σημαντική, η οποία ξεκινά από την Άλωση της Κωνσταντινούπολης και φτάνει μέχρι τις μέρες μας. θα μας απασχολήσει κυρίως η ιστορία της πατρίδας μας, η ελληνική
 Ιστορία. θα μιλήσουμε όμως και για τις εξελίξεις όχι μόνο στην Ελλάδα αλλά και στην Ευρώπη και στον κόσμο
 ολόκληρο.
 Για την περίοδο της ελληνικής ιστορίας, από την Άλωση έως την Επανάσταση του 1821 με την οποία δημιουργήθηκε το σύγχρονο ελληνικό κράτος, θα αναφερθούμε στις εξελίξεις στις ιστορικές ελληνικές χώρες.
 Με τον όρο αυτό εννοούμε τις περιοχές που αποτελούν την ελληνική χερσόνησο, τα νησιά του Αιγαίου και
 του Ιονίου πελάγους, τη Μικρά Ασία, τον Πόντο, την Ανατολική Θράκη καθώς και την Κύπρο. Αυτές ήταν οι
 περιοχές όπου άκμασε ανέκαθεν ο ελληνικός πολιτισμός και όπου κατοικούσαν Έλληνες.
 Στόχος μας είναι να σας μιλήσουμε για πρόσωπα και γεγονότα, μεγάλες μάχες και καταστροφικούς πολέμους μα και για τα ειρηνικά έργα των ανθρώπων, τον πολιτισμό που δημιούργησαν. Πιστεύουμε ότι έτσι
 θα σας βοηθήσουμε να καταλάβετε ότι η Ιστορία είναι τελικά η ίδια η ανθρώπινη ζωή, με τις καλές και τις
 άσχημες στιγμές της, και γι’ αυτό πρέπει να την αντιμετωπίζουμε με σεβασμό.
 Ελπίζουμε ότι ολοκληρώνοντας τη φετινή σχολική χρονιά σας, θα έχετε αποκτήσει περισσότερες ιστορικές γνώσεις αλλά κυρίως κριτική σκέψη και αγάπη για το παρελθόν, που είναι χρήσιμες για να σχεδιάσετε το
 μέλλον.
 Καλή σχολική χρονιά!
 Οι συγγραφείς του βιβλίου
",history,6,6,5.999991011540217,1.1473197538248747e-05,6,5.974260799346894,0.0097690254340187,3,2.5926668975196314,0.054274547846559,4,4.111840018067824,0.0289350986755395,3,3.0085959848318,0.0229705884301285,3,2.9990910127343575,0.0005875814320036,6,5.9999852993998815,1.4611072821194653e-05,7.999841724928672,4,4.380592418222022,0.0590183432627402,7.075843633243494,4.8,15.2,54.48307184145335,0.001049665
668,668,16,17,"ΣΥΝΟΨΗ ΤΟΥ ΚΕΦΑΛΑΙΟΥ
 Η Προϊστορία αρχίζει με την εμφάνιση του ανθρώπου, εδώ και
 περίπου 2,5 εκατομμύρια χρόνια. Ο άνθρωπος, για να φθάσει
 στη σημερινή του μορφή, πέρασε διαδοχικά 4 φάσεις εξέλιξης.
 Η Παλαιολιθική εποχή διαρκεί από την εμφάνιση του ανθρώπου
 μέχρι το 6500 περίπου π.Χ. Ο άνθρωπος κατά τη μακρά αυτή
 περίοδο επεξεργάζεται τον λίθο, ζει από το κυνήγι και την
 καρποσυλλογή και είναι νομάς. Η Νεολιθική εποχή αρχίζει
 περίπου το 6500 π.Χ. Ο άνθρωπος τώρα βελτιώνει τα εργαλεία
 του, ασχολείται με τη γεωργία και την κτηνοτροφία και διαμένει
 σε μόνιμη κατοικία. Στην Ελλάδα έχουμε πολλούς νεολιθικούς
 οικισμούς.
",history,10,6,5.971530157090456,0.0111562894351028,6,5.989944211796228,0.0032819435365718,3,2.995929863560036,0.0021252814328067,4,4.003508236292419,0.0056824019587533,3,2.828307067850119,0.0419787651041373,3,2.994089564408114,0.0029096927864289,6,5.998554595826136,0.00095343314687,7.99908860958044,5,4.650208186569785,0.0602781078900762,7.020294261776144,1.7,10.7,46.35714285714286,0.000953282
669,669,137,138,"Όσο μεγάλωνε η επιρροή του δημοκρατικού
 κόμματος και πήρε στα χέρια του την
 αρχηγία ο Εφιάλτης, πολιτικός που είχε
 τη φήμη του αδωροδόκητου και του
 δίκαιου, άρχισε πόλεμο με τον Άρειο Πάγο.
 Και στην αρχή καθαίρεσε πολλούς από
 τους Αρειοπαγίτες κατηγορώντας τους
 για κακή διαχείριση. Έπειτα αφαίρεσε
 από τη βουλή του Αρείου Πάγου όλα τα
 πρόσθετα προνόμια, με τα οποία αυτή ήταν
 ουσιαστικά ο φρουρός του πολιτεύματος,
 και άλλες από τις εξουσίες τις παραχώρησε
 στη βουλή των Πεντακοσίων, άλλες στην
 Εκκλησία του Δήμου και στα δικαστήρια.
 Αριστοτέλης, Αθηναίων Πολιτεία, XXV, 1-2
 (μετ. Β.Σ.)
 Ποια φράση του κειμένου δείχνει τη συμπάθεια του Αριστοτέλη προς τον Άρειο Πάγο;
",history,10,8,7.970721337295174,0.0106723993279596,8,7.961897515915211,0.0133670089040719,4,3.9988405438998598,0.0007380988004261,7,6.380592915007128,0.0774915661817423,,,1.815070169577742e-06,,,8.3102420339859e-07,8,7.966803860432755,0.0117794624205247,7.033081579006193,,,1.7396816252065282e-05,,4.5,14.2,50.61626016260163,0.000947213
670,670,15,16,"Μετά την κάθοδο των Δωριέων σταμάτησε να αναπτύσσεται η μυκηναϊκή τέχνη. Η παλιά γραφή, δύσκολη όπως ήταν, μετά από τόσες
 αλλαγές που έγιναν στον ελληνικό χώρο, ξεχάστηκε. Οι άνθρωποι
 όμως δεν έπαψαν να κτίζουν σπίτια ή να κατασκευάζουν διάφορα
 αντικείμενα που τους ήταν απαραίτητα στην καθημερινή ζωή.
 Από τις ανασκαφές που έχουν γίνει βγάζουμε το συμπέρασμα ότι
 τα κτίρια ήταν μικρά και απλά. Τα θεμέλια τα έκτιζαν με πέτρες, ενώ
 για το υπόλοιπο μέρος χρησιμοποιούσαν άλλα υλικά. Από ένα πήλινο
 κατασκεύασμα του 8ου π.Χ. αιώνα που βρέθηκε στην περιοχή του
 Άργους μπορούμε να πάρουμε μια ιδέα για τα κτίρια της εποχής.
 Τα πρώτα αγάλματα ήταν ξύλινα και παρίσταναν θεούς. Απ’ αυτά δε
 σώθηκε κανένα. Και είναι φυσικό αυτό, αφού το ξύλο καταστρέφεται
 εύκολα. Αργότερα άρχισαν να φτιάχνουν μικρά αγάλματα από μέταλλο.
 Όλες τότε οι οικογένειες χρησιμοποιούσαν διάφορα αγγεία για τις
 καθημερινές τους ανάγκες. Σ’ αυτά αποθήκευαν λάδι, κρασί και άλλα
",history,4,7,6.682800137538891,0.0517996565053684,6,6.040820222387893,0.0184634060242401,3,3.001324851451196,0.0008119367107905,5,5.2799436220466305,0.0625624480867671,3,3.446442590244942,0.0584772174522505,3,2.9998559293789224,0.0001707521121903,6,6.253688750921356,0.0472043350411698,7.9740413011394935,7,6.934200439627034,0.0191459111537232,7.981772630242631,0.7,9.3,37.130454340980656,0.000828608
671,671,72,73,"Ο Ξέρξης, μετά την ήττα στη Σαλαμίνα, αναχώρησε βιαστικά για την
 πατρίδα του. Δεν εγκατέλειψε όμως το σχέδιό του να υποδουλώσει την
 Ελλάδα. Για τον λόγο αυτό άφησε πίσω τον γαμπρό του Μαρδόνιο με
 αρκετές χιλιάδες στρατό. Ο Μαρδόνιος, επειδή ερχόταν ο χειμώνας,
 έφυγε από την Αττική και πήγε στη Θεσσαλία. Εκεί ήταν πιο εύκολο να
 βρει τροφή για τον στρατό και το ιππικό του. Στο διάστημα αυτό ετοίμαζε τα σχέδιά του. Έστειλε μάλιστα αγγελιαφόρους στην Αθήνα και
 ζήτησε συμμαχία. Οι Αθηναίοι όμως δε δέχτηκαν τις προτάσεις του.
 Μόλις άρχιζε το καλοκαίρι (479 π.Χ.), ο Μαρδόνιος ξεκίνησε για
 την Αθήνα, αλλά και τούτη τη φορά η πόλη ήταν άδεια. Οι κάτοικοί
 της την είχαν εγκαταλείψει αναζητώντας άλλο μέρος με περισσότερη
 ασφάλεια. Στο μεταξύ, ο πελοποννησιακός στρατός με αρχηγό τον
 Παυσανία έφτασε στην Αττική. Ο Μαρδόνιος, μόλις έμαθε τον ερχομό
 των Πελοποννησίων, κινήθηκε προς τις Πλαταιές, όπου και στρατοπέδευσε. Αποφάσισε να δώσει τη μάχη σε μια περιοχή κοντά στον Ασωπό ποταμό. Διάλεξε ειδικά ένα πεδινό μέρος, για να μπορεί να χρησιμοποιήσει άνετα το ιππικό του.
 Οι Πέρσες επιτέθηκαν πρώτοι με όλες τους τις δυνάμεις. Συνάντη-
",history,4,7,7.372474802189224,0.0549957138796092,6,6.3758813252690345,0.0578341462290181,4,3.9796693311373588,0.0079782594167904,5,5.061354814101435,0.019922640045303,4,4.183749336552864,0.081429375871028,3,3.0002260166866535,0.0001787827283293,7,6.757664135659638,0.0654971013213052,7.998673205622026,7,6.776310688476656,0.0410583271161262,7.992414710362482,0.7,8.6,33.616272677295214,0.000776094
672,672,19,20,"Η Νομοθετική συνέλευση, που προήλθε από τις εκλογές του Σεπτεμβρίου του 1791, ελεγχόταν από τους Γιρονδίνους
 (βλέπε γλωσσάριο) και είχε να λύσει σοβαρά προβλήματα. Ο βασιλιάς και ορισμένοι αριστοκράτες σχεδίαζαν, σε συνεννόηση με τους βασιλείς της Αυστρίας και της Πρωσίας, επέμβαση εναντίον του επαναστατικού καθεστώτος. Την ίδια
 στιγμή ριζοσπαστικά τμήματα των λαϊκών στρωμάτων, οι sans-culottes (σαν-κιλότ· ο όρος αποδόθηκε παλαιότερα στα
 ελληνικά «αβράκωτοι», επειδή οι άνθρωποι αυτοί δεν φορούσαν τα εφαρμοστά παντελόνια, που συνήθιζαν να φορούν
 τότε οι αριστοκράτες και οι αστοί, αλλά απλά παντελόνια, όμοια με τα σημερινά), αξίωναν την έκπτωση του βασιλιά.
 Οι Γιρονδίνοι, που εκτιμούσαν ότι μια πολεμική σύγκρουση θα συσπείρωνε τον λαό γύρω από το επαναστατικό καθεστώς,
 ώθησαν στην κήρυξη πολέμου εναντίον της Αυστρίας και της Πρωσίας (20 Απριλίου 1792). Οι πρώτες αποτυχίες του γαλλικού στρατού, η ύποπτη στάση του βασιλιά και η πείνα ώθησαν τα λαϊκά στρώματα σε επαναστατική δράση.
 Ο λαός του Παρισιού κατέλαβε τα ανάκτορα του Κεραμεικού (10 Αυγούστου 1792). Ο βασιλιάς κατέφυγε στη Νομοθετική,
 η οποία, όμως, τον έθεσε υπό περιορισμό και ανέθεσε την εκτελεστική εξουσία σε συμβούλιο με επικεφαλής τον Δαντόν,
 στέλεχος της πολιτικής λέσχης των Κορδελιέρων.
 Οι εξελίξεις ήταν ραγδαίες. Η Νομοθετική αναγνώρισε σε όλους τους άνδρες πολιτικά δικαιώματα (θέσπιση της καθολικής
 ψηφοφορίας), δήμευσε τις περιουσίες των αριστοκρατών που είχαν διαφύγει στο εξωτερικό, θέσπισε τον διαχωρισμό της
 εκκλησίας από το κράτος και κήρυξε την πατρίδα σε κίνδυνο. Η νίκη κατά των Πρώσων στο Βαλμί (20 Σεπτεμβρίου 1792)
 έσωσε, στην κυριολεξία την τελευταία στιγμή, την επανάσταση.
 Η δεύτερη φάση της γαλλικής επανάστασης, Σεπτέμβριος 1792-Ιούλιος 1794
 Μετά από εκλογές με καθολική ψηφοφορία, αναδείχτηκε η Συμβατική συνέλευση, η οποία, ύστερα από πρόταση των
 Ορεινών (βλέπε γλωσσάριο) και παρά τη διαφωνία των Γιρονδίνων, κατάργησε τη μοναρχία (21 Σεπτεμβρίου 1792) και
 εγκαθίδρυσε, για πρώτη φορά στην Ευρώπη, το πολίτευμα της αβασίλευτης δημοκρατίας. Ακόμη, υιοθετήθηκε νέο ημερολόγιο. Έτσι άρχισε το έτος Ι της Δημοκρατίας (1793). Ο βασιλιάς και η βασίλισσα καταδικάστηκαν και αποκεφαλίστηκαν
 (1793).
 Παράλληλα, η Συμβατική αποφάσισε τη
 συνέχιση του πολέμου για να καταληφθούν εδάφη που θεωρούνταν γαλλικά
 στο Βέλγιο και στις όχθες του ποταμού
 Ρήνου. Η απόφαση αυτή συσπείρωσε εναντίον της Γαλλίας πολλά ευρωπαϊκά κράτη.
 Την ίδια στιγμή, στο εσωτερικό ξεσπούσαν
 αντεπαναστατικές εξεγέρσεις (1793: εξέγερση στην επαρχία της Βανδέας στη δυτική Γαλλία) και η οικονομική κατάσταση
 επιδεινωνόταν, ιδίως για τα ασθενέστερα
",history,12,8,7.991179076529079,0.0134137851392182,7,7.319237153326668,0.0511941201864381,4,4.004499474198383,0.0024490635086847,7,6.998681432763078,0.0007934191981682,5,5.30943496312193,0.0735003499045707,3,3.0010320475618073,0.0006532821728646,8,7.975740115603685,0.0081697032238318,7.377533675963264,7,6.99979118186593,0.0002569724807658,7.999510845860037,4.9,17.6,60.406322881575534,0.001163879
673,673,131,132,"B Οι πηγές αφηγούνται...
 1. Ο Γάλλος φιλόσοφος Αλμπέρτ Καμύ δήλωσε για την αντίσταση των Ελλήνων:
 «Την ιδέα που έχουμε για την ελευθερία την οφείλουμε στην Ελλάδα, μαζί με πολλές άλλες, που κάνουν
 τον άνθρωπο περήφανο. Γι’ αυτό βεβαίως η είσοδος των Γερμανών στην Αθήνα υπήρξε γι’ αυτούς που
 με περιβάλλουν και για μένα τον ίδιο το πιο σπαρακτικό σύμβολο των όσων υποφέραμε πέντε ολόκληρα χρόνια. Αλλά ταυτόχρονα διατηρήσαμε στην καρδιά μας την ανάμνηση και το παράδειγμα του
 εκπληκτικού Αλβανικού Πολέμου. Η Ελλάδα, μετά την Ισπανία, μας δίδαξε, μέσα στην οργή και στην
 πίκρα, πως μπορείς να έχεις δίκιο και να νικηθείς. Αλλά η Ελλάδα είναι η πρώτη που έκανε να κατανοήσει ο κόσμος πως οι άνθρωποι της ελευθερίας μπορούσαν να είναι επίσης και οι άνθρωποι του θάρρους
 και πως καμιά ήττα δεν ήταν αιώνια. Αυτός ο μικρός λαός αποδείχτηκε ισάξιος με το καταπληκτικό
 παρελθόν του».
 Roger Milliex (επιμ.), Κείμενα και μαρτυρίες Γάλλων, απόδοση κειμένων στα ελληνικά Τ. Δρακοπούλου, απόδοση ποιημάτων Τ. Πατρίκιος, Αθήνα 1980, σσ. 201-202.
",history,6,8,7.985945755838188,0.0059540112894576,6,6.232356925344789,0.0664787237879815,4,4.000079825665125,7.580689463326302e-05,7,6.930574280752353,0.0204570972118985,4,4.00151455264313,0.0550870143513715,4,3.973857414899797,0.0122728080496584,8,7.982003428827738,0.0073152313224171,7.003169302773813,7,6.99507859721416,0.0024926294194119,7.99535962189475,2.1,10.6,43.53737373737374,0.000898127
674,674,225,226,"Ο φάρος της
 Αλεξάνδρειας ήταν
 κτισμένος πάνω στο
 νησάκι Φάρος. Είχε
 ύψος 120 μ.
 Την ημέρα φαινόταν ο
 καπνός και τη
 νύχτα η φωτιά.
 Το κράτος της
 Συρίας
",history,10,5,4.996495227427431,0.0011458550236769,4,3.999888648181901,0.0001105201914349,2,1.9999547353108937,6.311701809364988e-05,4,4.013675229914952,0.0149083403572074,2,2.4552207783508493,0.0600292728218727,2,2.0042305518104513,0.0026301509045787,5,4.997736176827516,0.0008985514520829,7.9953904867459755,7,6.620531859640323,0.0455744193950518,7.999256097550244,-1.2,2.7,17.42741935483871,0.000724602
675,675,21,22,"Ματιά στο παρελθόν
 Έλληνες λόγιοι στη Δύση
 Από τα μέσα του 14ου αιώνα και ιδίως μετά
 την Άλωση (1453), οι Έλληνες λόγιοι εγκαταλείπουν τη Βυζαντινή Αυτοκρατορία και
 καταφεύγουν στη Δυτική Ευρώπη. Μαζί τους
 μεταφέρουν πλήθος από χειρόγραφα της
 κλασσικής και της βυζαντινής γραμματείας. Ο Ιανός Λάσκαρης, Αθήνα, Ο Μανουήλ Χρυσολωράς Ο Μάρκος Μουσούρος,
 σε σκίτσο του 15ου αιώνα,
 Αθήνα, Γεννάδειος ΒιβλιΣτις νέες πατρίδες τους οι Έλληνες λόγιοι Γεννάδειος Βιβλιοθήκη
 Παρίσι, Μουσείο Λούβρου
 οθήκη
 συνεισέφεραν στην άνθιση των ευρωπαϊκών
 γραμμάτων την περίοδο της Αναγέννησης. Ο Γεώργιος Τραπεζούντιος, ο Καρδινάλιος Βησσαρίων, ο Μανουήλ
 Χρυσολωράς, ο Ανδρόνικος Κάλλιστος, ο Ιωάννης Αργυρόπουλος, ο Δημήτριος Χαλκοκονδύλης, ο Μάρκος
",history,6,8,7.848056711631834,0.0348182880813573,8,7.551156313122192,0.0580537986510179,4,3.9859379454132977,0.0059391262014041,7,6.998520403478324,0.0007754764268021,4,4.2509723001703605,0.0763993445013825,4,3.9153836733217986,0.0236745593415636,8,7.044190077290931,0.0878215384834527,7.037323640313048,7,7.0016445107647485,0.0010539050232471,7.995826438853939,6.3,20.1,64.13429752066116,0.001438145
676,676,262,263,"Ερωτήσεις-Δραστηριότητες
 1. Τ ι σημαίνει η έκφραση: «Αυτός ο άνθρωπος έχει πολλές
 περγαμηνές»;
 2. Α ναζητήστε τις διαφορές ανάμεσα στο «Μουσείον» της
 Αλεξάνδρειας και τα σύγχρονά μας μουσεία.
 3. Να συγκριθούν αγάλματα των κλασικών και των ελληνιστικών
 χρόνων και να σημειωθούν οι ομοιότητες και οι διαφορές: π.χ.
 η πλάκα της παρθενώνειας ζωφόρου με την πλάκα της μεγάλης
 ζωφόρου του βωμού της Περγάμου ή το άγαλμα της Νίκης του
 Παιωνίου με το άγαλμα της Νίκης της Σαμοθράκης.
 4. Αναζητήστε την ετυμολογία των λέξεων μωσαϊκό και ψηφιδωτό.
 Συγκεντρώστε πληροφορίες για τις τεχνικές κατασκευής των
 ψηφιδωτών και προσπαθήστε να εντοπίσετε τις διαφορές
 ανάμεσα στη μεγάλη ζωγραφική και την τέχνη του ψηφιδωτού.
 5. Πώς αντιλαμβάνεστε την απομίμηση των μεταλλικών αγγείων
 από τα πήλινα της ελληνιστικής εποχής;
 Ψηφιδωτό δάπεδο της οικίας των Προσωπείων στη Δήλο. Ο θεός
 Διόνυσος με τύμπανο και θύρσο στα χέρια παριστάνεται καθισμένος στην
 πλάτη άγριου πάνθηρα.
",history,10,8,7.992452559807731,0.0036065250898769,8,7.730651956894775,0.0469421076416431,4,3.999996634272975,1.95215511478184e-05,7,6.789335320702193,0.0445301430266523,4,3.7324204431206454,0.0680509250913205,3,3.025938562257579,0.0096990573234666,8,7.989029891139907,0.0048766669192606,7.075856420351272,7,6.999562775771693,0.0003190288497692,7.999368996498106,3.3,14.1,46.25199600798403,0.000834436
677,677,228,229,"Η Αντιόχεια, η
 πολυάνθρωπη
 πρωτεύουσα του
 κράτους της Συρίας.
 Ιδρύθηκε το 300 π.Χ.
 από τον Σέλευκο Α΄στις
 εκβολές του Ορόντη
 ποταμού. Αργότερα
 αποτέλεσε κέντρο
 για τη διάδοση του
 Χριστιανισμού. Εκεί οι
 οπαδοί του Χριστού
 πήραν για πρώτη
 φορά την ονομασία
 Χριστιανοί. Σήμερα η
 «Αντάκια» είναι μια
 μικρή επαρχιακή πόλη
 της Τουρκίας.
",history,10,6,5.743551245335993,0.0763681707151393,4,4.000241754261651,0.0010654243038534,3,2.9968293189240285,0.0017224225884001,5,4.601744900593303,0.0573521611068165,3,2.5894312386585625,0.0616060403453984,2,2.1191999275019384,0.0293405780708395,6,5.963083024490061,0.0130699676654174,7.98901288798163,5,5.528482108919889,0.0803711423767748,7.0419457044044975,-0.6,8.7,39.67486338797814,0.000653083
678,678,179,180,"1. Μελετήστε το παράθεμα «Πνευματικός βίος»
 και αναφέρετε τους στόχους της πολιτικής
 των πρώτων Μακεδόνων βασιλέων στον
 πνευματικό τομέα.
 2. Αναζητήστε στοιχεία για τις ανασκαφές στη
 Βεργίνα και το Δίο και, αφού σχολιάσετε
 τα ευρήματα, αξιολογήστε τη συμβολή της
 αρχαιολογίας στη γνώση του παρελθόντος.
 Να αξιοποιήσετε γι’ αυτό το σκοπό και τις
 σχετικές εικόνες του βιβλίου.
",history,10,8,7.997823539108381,0.0012560426074484,7,7.106684622874127,0.0339723287822509,4,3.999996022905407,1.00689610576732e-05,7,6.999948910677574,5.906546150071861e-05,2,1.6957956105470657,0.0762113157866925,3,3.066772590733308,0.0204468208232812,8,7.999629899563928,0.0005180136210707,7.00169736724547,7,7.0001894183765785,0.0001682711706971,7.999659243319456,3.5,14.9,48.04848484848485,0.000702157
679,679,63,64,"τική τάξη θα έπρεπε να οργανωθεί σ’ ένα δικό της πολιτικό κόμμα, να ανατρέψει τον καπιταλισμό και να πάρει στα χέρια
 της τα μέσα παραγωγής. Έτσι, θα δημιουργούνταν μια νέα κοινωνία δίχως τάξεις (αταξική κοινωνία), όπου δεν θα υπήρχε
 εκμετάλλευση ανθρώπου από άνθρωπο. Οι θέσεις αυτές έγιναν γνωστές ως μαρξισμός.
 Η ανάπτυξη του συνδικαλισμού (βλέπε γλωσσάριο)
 2. Το εργατικό κίνημα ως τρόπος ζωής
 Οι άθλιες συνθήκες ζωής έκαναν τους εργάτες να ξεΤο εργατικό κίνημα ήταν οργάνωση αυτοάμυνας, διαμαρτυρίας,
 σηκώνονται αυθόρμητα. Όμως, μόνο μετά το 1830, άρεπανάστασης. Αλλά για τους φτωχούς εργαζομένους ήταν κάτι περισχισαν να διεκδικούν οργανωμένα την ικανοποίηση αιτησότερο από όργανο πάλης: ήταν επίσης και τρόπος ζωής. […] Ο τρόπος
 μάτων, όπως η οκτάωρη εργασία. Το 1838 η αγγλική
 ζωής που οι ίδιοι σφυρηλατούσαν για τον εαυτό τους ―ζωή συλλογική,
 Ένωση Εργατών δημοσίευσε τη Χάρτα του Λαού, με
 μαχητική, ιδεαλιστική και απομονωμένη― προϋπέθετε το κίνημα, γιατί
 την οποία οι χαρτιστές, όπως ονομάστηκαν τα μέλη
 ο αγώνας ήταν η πεμπτουσία της. Με τη σειρά του το κίνημα τής έδινε
 συνοχή και λόγο ύπαρξης.
 της, διατύπωναν πολιτικά αιτήματα (θέσπιση της καθοE.J. Hobsbawm, Η εποχή των επαναστάσεων, μτφρ. Μ. Οικονομοπούλικής ψηφοφορίας για τους άνδρες κ.ά.).
 λου, ΜΙΕΤ, Αθήνα 1990, σ. 279.
 Κύριος τρόπος διεκδίκησης ήταν οι απεργίες, που
 συχνά καταστέλλονταν βίαια. Την 1η Μαΐου 1886 μια εργατική απεργία στο Σικάγο των ΗΠΑ με αίτημα την καθιέρωση οκτάωρης εργασίας πνίγηκε στο αίμα. Έτσι, από το 1890 τα
 σοσιαλιστικά κόμματα και τα συνδικάτα άρχισαν να γιορτάζουν την Πρωτομαγιά ως παγκόσμια μέρα των εργατών, πράγμα
 που συμβαίνει και σήμερα σε όλο τον κόσμο.
 Στα τέλη του 19ου αιώνα, το εργατικό κίνημα είχε πετύχει τη μείωση των ωρών εργασίας σε δέκα, τη δημιουργία ταμείων
 ασφάλισης που στήριζαν οικονομικά τους εργάτες σε περίπτωση εργατικού ατυχήματος, ασθένειας ή απόλυσης και την υπογραφή συλλογικών συμβάσεων εργασίας με τους εργοδότες που όριζαν τις κατώτερες αμοιβές προστατεύοντας τους εργάτες, σε κάποιο βαθμό, από την υπερεκμετάλλευση.
 Η πολιτική οργάνωση των εργατών Το 1864 ιδρύθηκε στο Λονδίνο η πρώτη Διεθνής Ένωση Εργατών (πρώτη Διεθνής),
 που διαλύθηκε, ωστόσο, το 1876 εξαιτίας διαφωνιών μεταξύ των σοσιαλιστών. Το 1889, στο Παρίσι, ιδρύθηκε η δεύτερη Διεθνής, με τη συμμετοχή μόνο πολιτικών κομμάτων που δέχονταν, τουλάχιστον θεωρητικά, τον μαρξισμό. Τα επόμενα χρόνια
 δημιουργήθηκαν σε διάφορες ευρωπαϊκές χώρες σοσιαλιστικά και εργατικά κόμματα. Πολλά από αυτά επιδίωκαν να ανέλθουν στην κυβέρνηση μέσα από εκλογές. Με την τακτική αυτή διαφωνούσαν οι Καρλ Λίμπκνεχτ και Ρόζα Λούξεμπουργκ στη
 Γερμανία, ο Λένιν στη Ρωσία και άλλοι σοσιαλιστές, που πίστευαν ότι έπρεπε να επιδιώκεται η ανατροπή του καπιταλισμού
",history,12,8,8.018827371946827,0.0108989190292181,7,7.438050687085223,0.0558170160683469,4,4.000089336674591,8.56414298758817e-05,7,6.998963648022482,0.0006556138947754,6,5.914497721156295,0.0621626597143204,4,3.8520012465669424,0.0337093834235753,8,8.000773148902226,0.0049325435857682,7.053395025529426,7,6.999371840862295,0.0004356067560836,7.999445047861855,3.2,14.0,50.554303095365896,0.000978968
680,680,13,14,"τις αντιθέσεις μεταξύ των ευρωπαϊκών δυνάμεων, σύναψαν συμμαχίες με τη Γαλλία, την Ισπανία και την Ολλανδία, οι
 οποίες επιδίωκαν τον περιορισμό της Αγγλίας. Η άφιξη γαλλικών στρατευμάτων στην Αμερική επηρέασε την έκβαση της
 σύγκρουσης. Η ήττα των Άγγλων στη μάχη του Γιόρκταουν (Οκτώβριος 1781) σήμανε και το τέλος του πολέμου.
 Ανεξαρτησία και νέο κράτος Η Αγγλία υποχρεώθηκε να αναγνωρίσει τις 13 αποικίες (συνθήκη των Βερσαλιών, 1783)
 ως ανεξάρτητο κράτος με το όνομα Ηνωμένες Πολιτείες της Αμερικής (ΗΠΑ). Το σύνταγμα των ΗΠΑ (1787), που ισχύει
 κατά βάση μέχρι σήμερα, ανακήρυξε τη χώρα ένωση (ομοσπονδία) πολιτειών και βασίστηκε στην αρχή της διάκρισης
 των εξουσιών. Η κεντρική κυβέρνηση αποφασίζει για την οικονομία, την άμυνα και την εξωτερική πολιτική. Οι πολιτείες
 ρυθμίζουν μόνες τους ζητήματα τοπικής αυτοδιοίκησης, δικαιοσύνης, εκπαίδευσης και αστυνόμευσης. Η νομοθετική εξουσία ασκείται από το Κογκρέσο (Γερουσία, Βουλή των Αντιπροσώπων). Κάθε πολιτεία εκπροσωπείται στη Γερουσία από
 δύο γερουσιαστές, ανεξαρτήτως του πληθυσμού της. Στη Βουλή των Αντιπροσώπων, ωστόσο, οι πολιτείες εκπροσωπούνται από αριθμό βουλευτών ανάλογο προς τον πληθυσμό τους. Η εκτελεστική εξουσία ασκείται από τον Πρόεδρο,
 που εκλέγεται κάθε τέσσερα χρόνια από ένα σώμα εκλεκτόρων και μπορεί να επανεκλεγεί μόνο μία φορά. Πρώτος Πρόεδρος των ΗΠΑ εκλέχτηκε, το 1789, ο Τζορτζ Ουάσινγκτον (προς τιμήν του η πρωτεύουσα των ΗΠΑ πήρε αργότερα το
 όνομά του). Τέλος, η δικαστική εξουσία ορίστηκε να είναι ανεξάρτητη και αιρετή.
",history,12,8,7.611855379932404,0.0564130466081465,7,6.902632130296126,0.0370120242266603,4,3.999577521823994,0.0003107019072096,6,5.715473010121286,0.0803426346121711,3,3.4518401527673177,0.0592994338423044,3,3.0109868329351883,0.0048580792560465,7,7.290133239596699,0.0728094961067851,7.9964031660561545,7,6.724521235560175,0.0521506284420876,7.999370977416675,2.8,14.5,52.08272859216255,0.001066527
681,681,54,55,"2. Τα κοινά χαρακτηριστικά
 των επαναστάσεων του 1848
 Πρώτα απ’ όλα, όλες [οι επαναστάσεις] πέτυχαν
 και απέτυχαν γρήγορα και, στις περισσότερες περιπτώσεις, ολοκληρωτικά. Στους πρώτους λίγους
 μήνες όλες οι κυβερνήσεις στην επαναστατημένη
 ζώνη σαρώθηκαν ή παρέλυσαν. Όλες κατέρρευσαν ή παραιτήθηκαν ουσιαστικά χωρίς αντίσταση.
 Ωστόσο, μέσα σε σχετικά σύντομο χρονικό διάστημα η επανάσταση είχε χάσει την πρωτοβουλία
 σχεδόν παντού. [...] Όλες οι επαναστάσεις είχαν
 και ένα άλλο κοινό σημείο, που σε μεγάλο βαθμό
 εξηγεί την αποτυχία τους. Ήταν, πραγματικά ή εν
 σπέρματι, κοινωνικές επαναστάσεις των φτωχών
 εργαζομένων.
 E.J. Hobsbawm, Η εποχή του κεφαλαίου, 18481875, γ´ ανατύπωση, μτφρ. Δ. Κούρτοβικ, ΜΙΕΤ,
 Αθήνα 2003, σ. 31-34.
 2. Το επαναστατικό κύμα του 1848 στην Ευρώπη.
",history,12,8,7.532761372499607,0.0615566303967744,8,7.815550743312997,0.0388297005493861,4,3.9968297552802596,0.0017230976195748,7,6.928140712724797,0.0210943457864336,4,4.537190943661699,0.0765140935189463,,,5.815725822254464e-07,7,7.173648508989388,0.0484410340342503,7.9859297574550965,7,6.984649421496215,0.0063729931031503,7.996788350632414,1.0,12.9,37.60057471264368,0.000636802
682,682,132,133,"Μετά τη νίκη των Ελλήνων εναντίον των Περσών, οι πόλεις του Αιγαίου ζουν με τον τρόμο
 μιας νέας περσικής εισβολής. Αρχικά στρέφονται προς τη Σπάρτη για να αναζητήσουν
 στήριγμα. Όμως, η μεγάλη δωρική πόλη, συγκλονισμένη από τη συμπεριφορά του Παυσανία,
 ο οποίος κατηγορήθηκε για συνεννοήσεις με τον Ξέρξη, δείχνει απρόθυμη να αναλάβει
 τις ευθύνες και αφήνει ελεύθερο το πεδίο στους Αθηναίους. Έτσι, με πρωτοβουλία του
 Αριστείδη οι πόλεις του Αρχιπελάγους και των ιωνικών παραλίων συνάπτουν με την Αθήνα
 μία Συμμαχία με έδρα το νησί της Δήλου (478 π.Χ., Συμμαχία της Δήλου). Όλα τα μέλη της
 Συμμαχίας διαθέτουν από μία ψήφο στο συνέδριο, το οποίο συνέρχεται μία φορά τον χρόνο
 στη Δήλο. Είναι φυσικό η Αθήνα, που διαθέτει την ισχυρότερη ναυτική δύναμη, να επηρεάζει
 τις άλλες πόλεις και, ουσιαστικά, να κυριαρχεί στη Συμμαχία. Οι πόλεις που δεν επιθυμούσαν
 ή δεν είχαν τη δυνατότητα να συνεισφέρουν πλοία και άνδρες μπορούσαν να περιορίσουν
 τη συμβολή τους στην καταβολή ενός χρηματικού ποσού, του φόρου. Δέκα Αθηναίοι, που
 έφεραν τον τίτλο του «Ελληνοταμία», συγκέντρωναν τα χρήματα, τα κατέθεταν στο κοινό
 ταμείο της Συμμαχίας στη Δήλο και, κάθε φορά που παρουσιαζόταν ανάγκη, απέσυραν τα
 αναγκαία ποσά για τις δαπάνες της συντήρησης του στόλου. Ο Αριστείδης, πρώτος, καθόρισε
 το ποσό της εισφοράς για κάθε πόλη με τόσο δίκαιο τρόπο, ώστε οι σύμμαχοι τον ονόμασαν
 «τον δικαιότερο από όλους τους ανθρώπους».
 Η Συμμαχία αναγνώριζε στους Αθηναίους την ηγεμονία, δηλαδή τη δυνατότητα να
 σχεδιάζουν και να εκτελούν τις πολεμικές επιχειρήσεις, όμως η αυτονομία των πόλεων ήταν
 απόλυτα εγγυημένη.
 Μετά τον θάνατο του Αριστείδη και την εξορία του Θεμιστοκλή με την κατηγορία του
 μηδισμού* (471 π.Χ.), ο Κίμων, γιος του Μιλτιάδη και ηγέτης του αριστοκρατικού κόμματος,
",history,10,8,7.952040312248867,0.01554544773311,7,7.017371725135725,0.0134762775001328,4,3.9914226392616,0.0039641333623286,6,5.637062877867379,0.0600713356552068,6,5.365839429527114,0.0861664799079419,3,3.1649142084327195,0.0360614917843264,8,7.645931992889018,0.0537668837188001,7.0953465852050215,7,6.916846631291264,0.0234923508823737,7.998070606433203,4.5,14.5,50.53846153846154,0.00114706
683,683,124,125,"μοψήφισμα η αβασίλευτη Δημοκρατία. Ο Αλέξανδρος Παπαναστασίου υπήρξε ο πρώτος πρωθυπουργός της αβασίλευτης Δημοκρατίας.
 Η Ελλάδα, κλονισμένη από τη στρατιωτική ήττα, διχασμένη πολιτικά και έχοντας οικονομικές δυσκολίες, δέχτηκε περισσότερο από ένα εκατομμύριο πρόσφυγες από την Ανατολική
 Θράκη, τον Πόντο και τη Μικρά Ασία. Αυτοί ήρθαν να προστεθούν στους 100.000 περίπου, που
 είχαν εγκαταλείψει τη Βουλγαρία και τη Σοβιετική Ένωση, όπου είχαν κυριαρχήσει οι Μπολσεβίκοι.
 Στο διάστημα που μεσολάβησε ανάμεσα στους δύο Παγκοσμίους Πολέμους (Μεσοπόλεμος), το ελληνικό κράτος είχε να αντιμετωπίσει πολλά και μεγάλα προβλήματα, τα οποία αυξήθηκαν μετά τη διεθνή οικονομική κρίση του 1929. Κύριο μέλημα ήταν να βρεθεί στέγη και
 απασχόληση για τους Έλληνες πρόσφυγες.
 Η πλειονότητα των προσφύγων εγκαταστάθηκε κυρίως στη Μακεδονία και τη Δυτική Θράκη, ενισχύοντας το ελληνικό στοιχείο των περιοχών αυτών. Οι πρόσφυγες έμεναν προσωρινά σε
 καταυλισμούς, ενώ αργότερα δημιουργήθηκαν οικισμοί για τη στέγασή τους. Η παρουσία των
 προσφύγων στο ελληνικό κράτος τόνωσε τόσο τον πληθυσμό των πόλεων όσο και τον αγροτικό
 πληθυσμό, συμβάλλοντας σημαντικά στην οικονομική και την πνευματική ανάπτυξη της χώρας.
 Κατά τον Μεσοπόλεμο η Ελλάδα ταλανιζόταν από εσωτερική πολιτική αστάθεια. Τα πολιτικά κόμματα εναλλάσσονταν συχνά στην εξουσία, ενώ δεν έλειψαν και τα πραξικοπήματα που
 οργάνωναν αξιωματικοί του στρατού. Με την άνοδο του φασιστικού κόμματος στην Ιταλία και
 του ναζιστικού κόμματος στη Γερμανία φάνηκαν και πάλι τα σύννεφα του πολέμου πάνω από
 την Ευρώπη. Καθώς τα πολιτικά κόμματα έριζαν μεταξύ τους και στη χώρα επικρατούσε κοινωνική αναταραχή που εκφραζόταν με πορείες, διαδηλώσεις και απεργίες, ανέλαβε την εξουσία ο
 υπουργός των Στρατιωτικών Ιωάννης Μεταξάς.
 Στις 4 Αυγούστου του 1936 ο Μεταξάς, στον οποίο είχε αναθέσει την πρωθυπουργία ο
 βασιλιάς Γεώργιος Β΄, διέλυσε τη Βουλή και επέβαλε δικτατορία. Ο Μεταξάς άσκησε διώξεις
 εναντίον των πολιτικών του αντιπάλων και προσπάθησε, χωρίς ουσιαστικό αποτέλεσμα, να προσεγγίσει τους αγρότες και τους εργάτες με διάφορα κοινωνικά μέτρα. Ως έμπειρος στρατιωτικός,
 φρόντισε να προετοιμάσει τη χώρα για τον πόλεμο που ερχόταν. Παράλληλα, ενώ επικαλούνταν
 την ουδετερότητα, ακολούθησε σταθερή πολιτική φιλίας με τη Βρετανία, τη μεγαλύτερη ναυτική
 δύναμη της εποχής.
",history,6,8,7.980515037367695,0.0078004951247319,6,6.011880808699971,0.0057494533602632,4,3.9399210955730837,0.018252942282747,7,6.454027682742321,0.0732179526393556,4,4.179742116662169,0.0462708014782836,3,3.0097049116528183,0.0043948457310646,8,7.76486942565208,0.0437049494993278,7.164511220949635,7,6.990613300516998,0.0041793502925367,7.998068766758479,3.3,16.1,59.91726446676232,0.001102999
684,684,193,194,"πολλές περιοχές της Ελλάδας, μαζικές εκτελέσεις
 αμάχων ως αντίποινα. Τον Δεκέμβριο του 1943, οι
 Με την είσοδο του 1944, η πρακτική των μαζικών εκτελέσεων γενιναζί έκαψαν τα Καλάβρυτα και εκτέλεσαν περίπου
 κεύτηκε. [...] Πολύ δύσκολα βρίσκεται περιοχή της Ελλάδας που να μην
 1.100 κατοίκους τους ενώ τον Αύγουστο του 1944,
 έχει τη δική της μερίδα σε αυτή τη θανατηφόρα λαίλαπα. Ο συνολικός
 μετά από μπλόκο, εκτέλεσαν δεκάδες κατοίκους
 αριθμός των θυμάτων είναι ακόμα δύσκολο να προσδιοριστεί με ακρίστην Κοκκινιά του Πειραιά. Επιπλέον, οι κατακτητές,
 βεια. Οι διαρκείς εκτελέσεις σε μικρή κλίμακα δεν καταγράφονταν,
 όπως δεν καταγραφόταν μεγάλο ποσοστό του «μεριδίου» των ταγμάσε συνεργασία με τις κυβερνήσεις δωσιλόγων, δητων ασφαλείας και των άλλων παραστρατιωτικών, αστυνομικών ή άλμιούργησαν τα τάγματα ασφαλείας, ένοπλα σώμαλων σχηματισμών των συνεργατών του κατακτητή, εξαιρετικά θανατητα Ελλήνων που χρησιμοποιήθηκαν εναντίον του
 φόρων στις επιδρομές τους.
 ΕΑΜ, του ΕΛΑΣ και αμάχων.
 Γ. Μαργαρίτης, «Η ένοπλη Αντίσταση», Ιστορία του νέου ελληνισμού,
 Η «ελεύθερη Ελλάδα» Οι περιοχές της Ελλάδας
 Ελληνικά Γράμματα, τόμ. 8ος, σ. 141-142.
 που χάρη στην Αντίσταση δεν ελέγχονταν από
 τους κατακτητές ονομάστηκαν «ελεύθερη Ελλάδα». Εκεί, με πρωτοβουλία του ΕΑΜ, η τοπική αυτοδιοίκηση πέρασε στον έλεγχο των κατοίκων, ιδρύθηκαν λαϊκές επιτροπές για την εκπαίδευση, την κοινωνική πρόνοια και την ασφάλεια, λαϊκά δικαστήρια με αιρετούς δικαστές, οργανώθηκαν
 θεατρικές παραστάσεις και εκδόθηκαν εφημερίδες και άλλα έντυπα.
 Τον Μάρτιο του 1944 το ΕΑΜ δημιούργησε την Πολιτική Επιτροπή Εθνικής Απελευθέρωσης (ΠΕΕΑ), γνωστότερη ως κυβέρνηση του βουνού, η οποία ανέλαβε τη διοίκηση των απελευθερωμένων περιοχών. Λίγο καιρό αργότερα οργανώθηκαν,
 όπου ήταν εφικτό, εκλογές για την ανάδειξη Εθνικού Συμβουλίου (εθνοσυνέλευση). Τότε ψήφισαν για πρώτη φορά στην
 Ελλάδα γυναίκες αλλά και νέοι από 18 ετών. Το Εθνικό Συμβούλιο, στο οποίο εκλέχτηκαν και πέντε γυναίκες, συνήλθε
 στο χωριό Κορυσχάδες της Ευρυτανίας.
 Η Απελευθέρωση Καθώς όλα έδειχναν ότι ο πόλεμος τελείωνε, όλες οι ελληνικές πολιτικές και αντιστασιακές δυνάμεις, καθώς και η ελληνική κυβέρνηση που βρισκόταν στην Αίγυπτο (κυβέρνηση του Καΐρου) υπέγραψαν τη συμφωνία του Λιβάνου (20 Μαΐου 1944), η οποία προέβλεπε τον σχηματισμό, μεταπολεμικά, κυβέρνησης εθνικής ενότητας
 (βλέπε γλωσσάριο). Μετά την Απελευθέρωση (12 Οκτωβρίου 1944), αυτή η κυβέρνηση, με πρωθυπουργό τον Γεώργιο
 Παπανδρέου, εγκαταστάθηκε στην Αθήνα και ανέλαβε την εξουσία.
 3. Οι μαζικές εκτελέσεις και τα τάγματα ασφαλείας
",history,12,8,8.0290901013866,0.0103963093338671,7,7.153732589813444,0.0466097308468793,4,4.000485803568154,0.0005321999703401,7,6.999984861198527,3.3515403463234386e-05,4,3.9273297381587327,0.0618584604229518,4,3.9640137385507614,0.013721022594385,8,8.002917876075912,0.0016624424862071,7.095347593874806,7,7.348737558358835,0.0519811135006493,7.999373386689285,4.0,17.1,57.19739229024944,0.001003437
685,685,106,107,"Το γεγονός αυτό, σε συνδυασμό με
 τη βαριά φορολογία και τη στέρηση
 της ελευθερίας, οδήγησε τους
 Μικρασιάτες Έλληνες, το 499 π.Χ.,
 σε επανάσταση. Για να μπορέσουν
 όμως να αντιμετωπίσουν τις πολλαπλάσιες περσικές δυνάμεις,
 ζήτησαν βοήθεια από την Ελλάδα.
 Ανταποκρίθηκαν μόνο οι Αθηναίοι και οι Ερετριείς, στέλνοντας
 25 πλοία. Οι επαναστάτες, παρά τις αρχικές επιτυχίες τους,
 δεν μπόρεσαν να κάμψουν την
 Αθηναίος
 οπλίτης
 περσική αντίσταση. Το 494
 (Αθήνα, Εθνικό
 π.Χ., στη ναυμαχία της Λάδης,
 Αρχαιολογικό
 ηττήθηκε και ο στόλος τους.
 Μουσείο)
",history,10,7,6.762041477531568,0.047302805531632,8,7.957937239751118,0.0141373491558255,3,3.0009107712920766,0.0005861096157484,5,4.861297324192492,0.0600119460744138,4,4.491483551333431,0.0812102164476438,3,3.5000549675155526,0.0556937041913344,6,6.014368344971899,0.0060643825511114,7.977021850516394,5,5.793957686600606,0.0893596271544326,7.001437669794541,1.4,12.3,45.10294117647059,0.000873133
686,686,30,31,"μετανάστευση των Ελλήνων στο εξωτερικό, κατά τη διάρκεια της Τουρκοκρατίας, πραγματοποιήθηκε κυρίως σε δύο χρονικές περιόδους. Την πρώτη περίοδο, από τον 15ο
 έως τον 16ο αιώνα, η μετανάστευση ήταν συνήθως υποχρεωτική. Κατά τη διάρκειά της λόγιοι, ευγενείς και στρατιώτες, άλλοτε μόνοι και άλλοτε συνοδευόμενοι από τις οικογένειές
 τους, εγκατέλειψαν την υπόδουλη Ελλάδα εξαιτίας των πολεμικών συγκρούσεων και της
 επέκτασης των Τούρκων.
 Οι περισσότεροι πρόσφυγες κατάγονταν από νησιά (Κύπρος, Κρήτη) ή παραθαλάσσια
 μέρη (Μονεμβασιά, Μάνη, Ναύπλιο, Ήπειρος). Εγκαταστάθηκαν κυρίως σε παραθαλάσσιες πόλεις της Ιταλίας καθώς και σε άλλα μέρη της Ευρώπης, ιδρύοντας παροικίες.
 Οι Έλληνες μετανάστες εξασκούσαν συνήθως το επάγγελμα του στρατιώτη, του ναυτικού, του τεχνίτη, του εμπόρου, του αντιγραφέα χειρογράφων καθώς και του δασκάλου σε
 ανώτατα εκπαιδευτικά ιδρύματα.
 Η δεύτερη περίοδος της μετανάστευσης, κατά τον 17ο και 18ο αιώνα, ήταν εθελοντική
 και ειρηνική, με οικονομικά κυρίως αίτια. Τα εμπορεύματα μεταφέρονταν από την Οθωμανική Αυτοκρατορία προς την Κεντρική Ευρώπη και τη Ρωσία διά ξηράς από συγκεκριμένους
 δρόμους, με καραβάνια που διέσχιζαν τα Βαλκάνια. Σε αρκετές πόλεις κατά μήκος αυτών
 των δρόμων εγκαταστάθηκαν Έλληνες.
 Την ίδια περίοδο, Έλληνες από τον Πόντο μετακινήθηκαν στον Καύκασο και την
 Κριμαία ιδρύοντας παροικίες, με γνωστότερη την Οδησσό. Οι Έλληνες από τη Μακεδονία εγκαταστάθηκαν κυρίως στη Βιέννη, την Τεργέστη, τη Σερβία και την Ουγγαρία, όπου
 ασχολήθηκαν με το εμπόριο βαμβακερών, δερμάτων, χαλιών και άλλων ειδών. Αρκετοί
 Έλληνες, τέλος, δραστηριοποιήθηκαν στις Παραδουνάβιες Ηγεμονίες, τη Βλαχία και τη
 Μολδαβία, περιοχές που κυβερνούσαν Φαναριώτες ηγεμόνες.
 Πρώτο μέλημα των Ελλήνων μεταναστών στη νέα τους πατρίδα ήταν η ανέγερση ναού,
 για να τελούν τα θρησκευτικά τους καθήκοντα και η σύνταξη καταστατικού, για τον τρόπο
 οργάνωσης της κοινότητάς τους. Στο καταστατικό αναγράφονταν οι σκοποί, η οργάνωση,
 τα δικαιώματα και οι υποχρεώσεις των μελών της κοινότητας. Με την πάροδο του χρόνου
 χτίστηκαν μοναστήρια αλλά και κοινοτικά σχολεία, όπως το Φλαγγινιανό Φροντιστήριο στη
 Βενετία. Οι Έλληνες μετανάστες φρόνησαν για την έκδοση ελληνικών βιβλίων, περιοδικών
 και εφημερίδων.
 Αυτοί οι μετανάστες που ονομάστηκαν Έλληνες της Διασποράς, με τα πλούτη που απέκτησαν, ενίσχυαν οικονομικά τα ελληνικά σχολεία στις τουρκοκρατούμενες περιοχές και
 κατασκεύαζαν πολυτελείς κατοικίες στους τόπους καταγωγής τους (π.χ. στη Σιάτιστα, την
",history,6,8,7.98384871155409,0.0066898206976479,6,6.266822308187884,0.047828356414986,4,3.9998882634454276,0.0001105800961514,7,6.985179125702416,0.0053523208383679,4,3.704117585903532,0.0571483947275837,3,3.0330782557551856,0.0116799544790924,8,7.27717336910694,0.0835131900774446,7.835484584632809,7,6.999144330063814,0.0006009461293783,7.999193370260457,3.7,17.1,58.02353585112206,0.001133926
687,687,110,111,"B Οι πηγές αφηγούνται...
 1. Περιγραφή των Σμυρνιών
 «Ξύπνιοι, ευκίνητοι, ευφυέστατοι και εξαιρετικά διασκεδαστικοί, οι Έλληνες της Σμύρνης είναι καφετζήδες, παντοπώλες ή βαρκάρηδες: τρία επαγγέλματα που τα προτιμούν στην κατώτερη τάξη, όπως οι
 συμπατριώτες τους της ανώτερης τάξης διαλέγουν το επάγγελμα του δικηγόρου ή του γιατρού. Αν είσαι
 καφετζής, φλυαρείς όλη μέρα, μαθαίνεις όλα τα νέα, μιλάς για τα πολιτικά, βρίζεις τους Τούρκους, κινείσαι, δρας και αγωνίζεσαι με τον τρόπο σου για τη Μεγάλη Ιδέα. Αν είσαι παντοπώλης, πουλάς λίγο απ’
 όλα, εμπορεύεσαι, συναλλάσσεσαι, πράγματα που αποτελούν ατέλειωτη ευτυχία για έναν Έλληνα. Αν
 είσαι βαρκάρης, βρίσκεσαι διαρκώς συντροφιά με τη θάλασσα, αυτή την παλιά φίλη των απογόνων του
 Οδυσσέα, κινείσαι δεξιά-αριστερά στο πήγαιν’ έλα του λιμανιού, γνωρίζεις καινούργια πρόσωπα, ρωτάς
 τους ταξιδιώτες που ’ρχονται από μακριά, φιλονικείς μαζί τους για την τιμή της μεταφοράς – άλλη μια
 σπάνια απόλαυση για τον Έλληνα. Πρόκειται για μια φυλή διασκεδαστική και τελικά συμπαθητική,
 παρά τα ελαττώματά της, υπομονετική, ανθεκτική, ολιγαρκή και ελαφρά επίμονα προσηλωμένη στην
 ακατάβλητη προσδοκία της».
 G.Deschamps, Στους δρόμους της Μικρασίας. Οδοιπορικό 1890, μετάφραση Σ. Κασεσιάν, Αθήνα 1990, σ. 159.
",history,6,7,7.0849426483915465,0.0234836683630669,4,5.044846734651628,0.0832638476514426,3,3.2018135465404214,0.0403848766481087,6,5.63358371818066,0.0571536884797079,3,3.3280843928564536,0.0529342808530595,3,3.000531853831241,0.0017334297996009,7,7.162111250581667,0.0370207163187557,7.946585421851523,6,6.242186687528374,0.0739696367226263,7.020329097237209,3.9,16.7,56.96951819075713,0.001118044
688,688,85,86,"η Εκκλησία
 του δήμου: η
 συγκέντρωση,
 η συνέλευση
 του λαού.
 ο πολίτης: ο
 υπήκοος
 κάποιου
 κράτους που
 έχει όλα τα
 πολιτικά
 δικαιώματα.
 ο μέτοικος:
 ο μετανάστης.
 ο δούλος: ο
 σκλάβος, ο
 υπηρέτης.
",history,4,7,7.291563224426845,0.0496395519597949,4,4.047588217319571,0.008313508646449,3,2.798185704269942,0.0403905628845676,7,6.9457304989273325,0.0129111694608743,3,3.062712082755752,0.041770317631254,3,2.95811664948738,0.0141634445776891,8,7.985194398408026,0.0062095592757029,7.222702068376293,7,6.994124786878274,0.0023256422924768,7.999700385783228,-0.8,6.1,41.45238095238095,0.000723243
689,689,285,286,"(Μία φήμη απέδιδε στον Νέρωνα την πυρπόληση της Ρώμης)
 Για να διαλύσει αυτήν τη φήμη ο Νέρων εφεύρε υποθετικούς ενόχους και υπέβαλε σε φρικτά
 βασανιστήρια αυτούς που το πλήθος μισούσε και τους ονόμαζε Χριστιανούς. Αυτό το όνομα
 προέρχεται από τον Χριστό, τον οποίο κατά τη διάρκεια της βασιλείας του Τιβερίου ο
 ανθύπατος Πόντιος Πιλάτος θανάτωσε. Εξουθενωμένη προσωρινά, αυτή η νέα θρησκεία
 αναγεννήθηκε όχι μόνο στην Ιουδαία, όπου το κακό είχε γεννηθεί, αλλά ακόμη και μέσα
 στη Ρώμη, όπου, ό,τι το σιχαμερό και βρωμερό υπάρχει στον κόσμο, συρρέει και βρίσκει
 άφθονη πελατεία. Άρχισαν στην αρχή να συλλαμβάνουν αυτούς που διακήρυτταν την πίστη
 τους. Ύστερα, στηριζόμενοι στις ομολογίες των πρώτων, συνέλαβαν ένα πλήθος άλλων όχι
 τόσο γιατί θεωρούνταν ένοχοι για την πυρκαγιά, αλλά περισσότερο για την πίστη τους. Δεν
 αρκέστηκαν να τους θανατώσουν. Τους έντυναν με δέρματα ζώων και τους άφηναν να τους
 ξεσκίζουν τα σκυλιά. Άλλους τους έδεναν σε σταυρούς, τους περιέλουζαν με εύφλεκτο υγρό
 και, κατά το βράδυ, τους έβαζαν φωτιά και σαν πυρσοί φώτιζαν τα σκοτάδια.
 							 Τάκιτος, Χρονικά, XV, XLIV (Μετ. Β.Σ.)
 Ο Τάκιτος είναι Ρωμαίος ιστορικός. Σας κάνει εντύπωση η αντικειμενικότητά του;
",history,10,8,7.997732451367995,0.0027204890119319,8,8.375676765471063,0.0603470606867319,4,4.000674226335832,0.0005021653459465,7,6.580425306598471,0.0575103514392802,7,6.2703652000345755,0.0876827426207967,4,4.2417061371761235,0.0461044886346492,8,7.998559560017611,0.0012016867429503,7.0293072168640265,7,6.989893216078599,0.0045521562644214,7.976999061367678,2.7,12.5,47.96728110599078,0.000972537
690,690,41,42,"ο μέλας
 ζωμός:
 φαγητό από
 χοιρινό κρέας,
 το πιο
 συνηθισμένο
 γεύμα των
 αρχαίων   
 Σπαρτιατών.
 η φάλαγγα:
 στρατιώτες,
 παρατεταγ­
 μένοι ο ένας
 δίπλα στον
 άλλο, έτοιμοι
 για μάχη.
",history,4,5,5.001282599324611,0.0005886491718752,4,4.733473522588611,0.0583648233406949,2,2.268940517532542,0.046753547637183,7,6.67782863874163,0.044714802119737,3,3.173179809598878,0.0458848505718324,3,2.9975791087762005,0.0014351442479965,5,5.005584712155951,0.0027636996824552,7.989012855156034,4,4.8091718949362985,0.0877983436165505,7.147988445925876,1.5,10.6,40.35714285714286,0.00099605
691,691,7,8,"παράθεμα 2 Το αμάρτημα του Ηγησικλή
 Οι Δωριείς ίδρυσαν έξι πόλεις και οργάνωσαν το λατρευτικό τους κέντρο στο Τριόπιο, που το
 αφιέρωσαν στον Απόλλωνα. Εκεί κάθε χρόνο τελούσαν αθλητικούς αγώνες προς τιμήν του θεού
 και είχαν ορίσει ως  βραβείο για τους νικητές χάλκινους τρίποδες, που έπρεπε να τους αφήνουν
 στον ναό και να μην τους παίρνουν μαζί τους. Ένας  πολίτης της Αλικαρνασσού, που τον έλεγαν
 Ηγησικλή, μετά τη νίκη του στους αγώνες ξέχασε επίτηδες το έθιμο. Πήρε μαζί του τον τρίποδα
 και τον κάρφωσε σ' έναν πάσσαλο στο σπίτι του. Αυτό θεωρήθηκε ασέβεια προς τον Απόλλωνα
 και στάθηκε η αιτία να διώξουν οι άλλες πέντε δωρικές πόλεις από την ένωσή τους την έκτη πόλη,
 την Αλικαρνασσό. Έτσι την τιμώρησαν για ό,τι έκανε ένας πολίτης της.
 Ηρόδοτος, Ιστορία, Α~, 144 (διασκευή)
",history,4,7,6.981668607473608,0.0152570399532204,7,7.195339242487535,0.0503840420923941,3,3.047425917220764,0.015327416702188,5,4.796941636728434,0.0485406149681961,4,4.170402081062548,0.0680064642744293,3,2.997220616290587,0.0015668596872715,7,6.598995729251158,0.0563525226518983,7.990286429263506,5,5.671142774323471,0.0830880242422831,6.999947817414068,3.5,11.4,46.07473982970672,0.000966422
692,692,186,187,"συγκρούσεις της αρχαιότητας, ο περσικός στρατός συντρίβεται. Ουσιαστικά το περσικό κράτος
 έχει διαλυθεί, ο Δαρείος δολοφονείται και ο Αλέξανδρος, χωρίς αντίσταση, καταλαμβάνει όλες
 τις μεγάλες περσικές πόλεις, τη Βαβυλώνα, τα Σούσα, την Περσέπολη και τα Εκβάτανα. Μετά τη
 δολοφονία του Δαρείου ο Αλέξανδρος προβάλλεται ως ο νόμιμος διάδοχος του Πέρση βασιλιά
 και συνεχίζει την εκστρατεία του προς τα ανατολικά. Μετά από σκληρούς αγώνες με τους
 τοπικούς ηγεμόνες και τους τοπικούς πληθυσμούς των ανατολικών επαρχιών του περσικού
 κράτους (Αρεία, Βακτρία, Δραγγιανή)*, οι Μακεδόνες κατορθώνουν να εδραιώσουν την
 κυριαρχία τους σε ολόκληρη την αχανή έκταση της περσικής αυτοκρατορίας.
 Το 326 π.Χ. ο μακεδονικός στρατός κατευθύνεται προς τον Ινδό ποταμό. Όνειρο του
 Αλέξανδρου ήταν να φθάσει στο ανατολικότερο σύνορο της οικουμένης, που πίστευαν ότι
",history,10,8,7.816677520593467,0.0385064490154042,8,7.817658696421233,0.0382442838390037,4,3.997818521214299,0.0012505095356079,7,6.999069891363215,0.0005899516320374,4,4.659944252422065,0.0838868830280277,4,3.9401723431355435,0.0184249784573964,6,6.762028161979544,0.0825173807379869,7.817572911753643,7,7.000347807069101,0.0003699574689615,7.998276188245875,3.0,15.4,57.60965794768612,0.001066248
693,693,56,57,"3. Η πολιτική κληρονομιά των
 επαναστάσεων του 1848
 Οι επαναστάσεις του 1848 φανέρωσαν καθαρά ότι οι μεσαίες
 τάξεις, ο φιλελευθερισμός, η πολιτική δημοκρατία, ο εθνικισμός,
 ακόμα και οι εργατικές τάξεις,
 αποτελούσαν πια μόνιμα στοιχεία
 του πολιτικού σκηνικού. Η ήττα
 των επαναστάσεων μπορεί να τα
 έκανε προσωρινά αφανή, αλλά
 όταν ξαναπρόβαλλαν θα καθόριζαν τη δράση ακόμα και εκείνων
 των πολιτικών που έτρεφαν τις
 λιγότερες συμπάθειες γι’ αυτά.
 E.J. Hobsbawm, Η εποχή του κεφαλαίου, 1848−1875, γ´ ανατύπωση, μτφρ. Δ. Κούρτοβικ, ΜΙΕΤ,
 Αθήνα 2003, σ. 50.
 4. Ε. Φιλιποτό, Η επανάσταση του 1848 στη Γαλλία.
 Οι φιλελεύθεροι υψώνουν την τρίχρωμη σημαία ως εθνικό έμβλημα της Γαλλίας (δεξιά)
 τη στιγμή που οι σοσιαλιστές απέναντί τους υψώνουν την κόκκινη σημαία (αριστερά).
",history,12,8,7.835854561953965,0.039580020510274,7,7.0936793003277785,0.0262147131693849,4,3.999376991448571,0.0004245155960135,,,1.9682587884182188e-11,3,3.0444453628733754,0.0099378625023606,3,3.0022022749755024,0.0012597115282738,7,7.406212818050236,0.0548643417145523,7.990286914274293,7,6.998269373686526,0.0010286027218807,7.998821230258137,3.7,14.6,44.38697318007662,0.000696451
694,694,275,276,"Χριστού στη Βηθλεέμ της Ιουδαίας αποτελεί τομή στην
 ιστορία της ανθρωπότητας. Το Ευαγγέλιο, η διδασκαλία
 του Χριστού, διαδίδεται ταχύτατα. Οι απόστολοι του
 Χριστιανισμού, με κορυφαίο τον Παύλο, χρησιμοποιούν την
 ελληνική γλώσσα στην επικοινωνία τους με τα πλήθη, γράφουν
 ελληνικά. Μέσα στους τρεις πρώτους αιώνες η Εκκλησία,
 που την ίδρυσαν οι απόστολοι, παρά τους διωγμούς
 εδραιώνεται. Την ίδια περίοδο, ιδίως κατά τον 3ο αιώνα μ.Χ.
 η Ρώμη, αντιμέτωπη με δισεπίλυτα οικονομικά προβλήματα,
 αρχίζει να παρακμάζει. Προσπάθειες ανασυγκρότησης με τους
 λεγόμενους Ιλλυριούς αυτοκράτορες έχουν μερική επιτυχία.
 Το κέντρο βάρους της Αυτοκρατορίας μετατοπίζεται όλο και
 περισσότερο προς τον ανατολικό μεσογειακό χώρο, όπου το
 ελληνικό στοιχείο κυριαρχεί. Τέλος ο Κωνσταντίνος με το
 διάταγμα των Μεδιολάνων, που θεσπίζει την ανεξιθρησκία, και
 τη μεταφορά της πρωτεύουσας του κράτους στο Βυζάντιο
 μεταλλάσσει την πορεία της ιστορίας και θέτει τα θεμέλια για
 τη δημιουργία της Ελληνικής Μεσαιωνικής Αυτοκρατορίας.
",history,10,8,7.86781337731054,0.0322349825154929,7,6.7919417735021455,0.0463771695193832,4,4.000321527433698,0.0003211854569563,7,6.9898723313708615,0.0045528404196603,5,5.169946153939236,0.0799311913695413,4,3.7773198238231913,0.0426002544753552,8,7.940144914779779,0.0186593921194965,7.008566554629397,7,6.999528634998683,0.0003692933567488,7.9856610587157775,2.3,15.4,56.14792092706203,0.000988799
695,695,174,175,"Θήβα στο κέντρο των ιστορικών εξελίξεων.
 Το 382 π.Χ. η Σπάρτη ανατρέπει με στρατιωτική επέμβαση το δημοκρατικό πολίτευμα της
 Θήβας και παραδίδει την εξουσία στους ολιγαρχικούς. Το 379 π.Χ. οι Θηβαίοι δημοκρατικοί,
 με αρχηγό τον Πελοπίδα, ανατρέπουν τους ολιγαρχικούς και αποκαθιστούν το δημοκρατικό
 πολίτευμα. Ο Πελοπίδας, συγκροτεί έναν αξιόμαχο στρατό με κύριο πυρήνα ένα σώμα από 300
 άνδρες, τον Ιερό Λόχο. Οι άνδρες του Ιερού Λόχου συνδέονται μεταξύ τους με στενή φιλία και
 είναι πρόθυμοι να δώσουν τη ζωή τους για τη Θήβα. Δίπλα στον Πελοπίδα βρίσκεται ο νεότερος
 Θηβαίος στρατηγός Επαμεινώνδας, μία από τις λαμπρότερες στρατιωτικές φυσιογνωμίες
 του αρχαίου ελληνικού κόσμου. Ο στρατός των Θηβαίων συγκρούεται επανειλημμένα με τους
 Σπαρτιάτες και κατορθώνει να αποκρούει τις επιθέσεις τους.
 Το 371 π.Χ., στα Λεύκτρα της Βοιωτίας, ο στρατός των Σπαρτιατών συντρίβεται. Ο ίδιος ο
 βασιλιάς Κλεόμβροτος, ο οποίος οδηγούσε το στράτευμα, φονεύεται. Η στρατιωτική μεγαλοφυΐα
 του Επαμεινώνδα, ο οποίος εφάρμοσε στη μάχη το στρατηγικό σχέδιο της λοξής φάλαγγας,
 οδήγησε τους Θηβαίους στη νίκη.
 Ο θρίαμβος στα Λεύκτρα ανοίγει νέους ορίζοντες δράσης για τον Επαμεινώνδα. Εκστρατεύει
 στην Πελοπόννησο και φθάνει μέχρι τη Λακωνική. Το 370 π.Χ. ιδρύει τη Μεγαλόπολη και την
 καθιστά πρωτεύουσα της Αρκαδικής συμπολιτείας. Συγχρόνως, η Θήβα δρα προς τη Θεσσαλία.
 Εκεί, σε μια μάχη, ο Πελοπίδας σκοτώνεται. Ο Επαμεινώνδας συνεχίζει μόνος. Το 362 π.Χ.
 επιχειρεί μία νέα εκστρατεία στην Πελοπόννησο, απειλώντας και την ίδια τη Σπάρτη, την οποία
 υπερασπιζόταν ο γέρος βασιλιάς Αγησίλαος. Στη μάχη στη Μαντίνεια (362 π.Χ.), οι Θηβαίοι
 νίκησαν, αλλά ο Επαμεινώνδας έπεσε νεκρός. Μετά τον θάνατο του Επαμεινώνδα, εγκατέλειψαν
 την Πελοπόννησο και η Θήβα έπαψε να παίζει πρωτεύοντα ρόλο στα ελληνικά πράγματα.
",history,10,7,7.292743329188635,0.0685299857265892,6,6.379245784008383,0.0544314793573151,4,3.7310587533454367,0.0467533848997759,5,4.904936358930229,0.0472018891936694,4,4.0499434680650666,0.0441302158487701,3,3.182437975643552,0.0381702861827287,7,6.589316072355473,0.0615203686733631,7.998672087068599,5,5.520265750624731,0.077531800612444,7.003452375589404,0.4,10.8,42.85404388714733,0.000856312
696,696,129,130,"νήθως καταστέλλονταν με αιματηρό τρόπο.
 Η κοινωνική ένταση κλιμακώθηκε μετά την ήττα της Ρωσίας στον ρωσοϊαπωνικό πόλεμο του 1904-1905. Επανάσταση
 που ξέσπασε το 1905 ανάγκασε τον τσάρο Νικόλαο Β´, που κυβερνούσε τη χώρα απολυταρχικά, να δεχθεί την εκλογή
 ενός νομοθετικού σώματος (δούμα) θεσπίζοντας, έτσι, τη συνταγματική μοναρχία στη Ρωσία. Λίγο αργότερα, νέα επανάσταση στη Μόσχα πνίγηκε στο αίμα (1905-1906).
 Η έκρηξη του Α´ Παγκόσμιου πολέμου επιδείνωσε την κατάσταση. Η επιστράτευση εκατομμυρίων Ρώσων παρέλυσε
 την οικονομία, κάνοντας τις συνθήκες ζωής των λαϊκών τάξεων αληθινά τραγικές. Την ίδια στιγμή, ο ρωσικός στρατός
 αντιμετώπιζε σοβαρά προβλήματα στα πεδία των μαχών.
 Η αστική επανάσταση του Φεβρουαρίου 1917 Σε αυτές τις συνθήκες ξέσπασε, τον Φεβρουάριο του 1917, νέα επανάσταση. Μετά την επικράτησή της, τη διακυβέρνηση του κράτους ανέλαβε προσωρινή κυβέρνηση στην οποία επικρατούσαν μετριοπαθείς φιλελεύθεροι αστοί. Παράλληλα, όμως, οργανώθηκαν τα σοβιέτ, συμβούλια εργατών και
 στρατιωτών που ανέλαβαν την εξουσία στην πρωτεύουσα Πετρούπολη, στη Μόσχα και σε άλλες μεγάλες πόλεις. Στην
 πραγματικότητα, η εξουσία μοιραζόταν ανάμεσα στην προσωρινή κυβέρνηση και τα σοβιέτ. Ο τσάρος, έχοντας χάσει
 τον έλεγχο του στρατού, υποχρεώθηκε να παραιτηθεί (Μάρτιος 1917). Η προσωρινή κυβέρνηση αναγνώρισε κάποια
 ατομικά δικαιώματα, νομιμοποίησε τα σοβιέτ και προετοίμασε τη σύγκληση συνέλευσης για την κατάρτιση συντάγματος. Αρνήθηκε, ωστόσο, να ικανοποιήσει τα λαϊκά αιτήματα για απόσυρση της Ρωσίας από τον πόλεμο και αναδασμό της γης. Έτσι, η λαϊκή δυσαρέσκεια ενισχύθηκε.
 Στο πλαίσιο αυτό, οι Ρώσοι κομμουνιστές, οι μπολσεβίκοι (βλέπε γλωσσάριο), με επικεφαλής τον ηγέτη τους Βλαντιμίρ
 Ίλιτς Ουλιάνοφ, γνωστό ως Λένιν, υποστήριζαν ότι έπρεπε να καταργηθεί η φιλελεύθερη προσωρινή κυβέρνηση, όλη η
 εξουσία να περάσει στα σοβιέτ, η γη να μοιραστεί στους αγρότες και η Ρωσία να αποσυρθεί αμέσως από τον πόλεμο.
 Η σοσιαλιστική οκτωβριανή επανάσταση του 1917 Καθώς τα προβλήματα οξύνονταν, οι μπολσεβίκοι κατάφεραν να
",history,12,8,7.995738238360332,0.003054327451863,7,7.015057914788372,0.0185384124131192,4,4.001045758399414,0.0008269893226455,7,6.997465247290506,0.0014206332465745,5,5.244229715652182,0.0743041243172878,3,3.0021808854016854,0.0012506475183818,8,8.004032033079284,0.0046806263787687,7.222693676170422,7,6.998798276474872,0.000776432209919,7.994084704562283,2.8,15.5,53.01190071404284,0.00108015
697,697,154,155,"παράθεμα 2 Ο βασιλιάς της Μακεδονίας Περσέας
 στολίζει τον ρωμαϊκό θρίαμβο
 Η θριαμβευτική παρέλαση κράτησε τρεις ολόκληρες μέρες. Την πρώτη μέρα πέρασαν μπροστά
 από το συγκεντρωμένο πλήθος διακόσιες πενήντα άμαξες φορτωμένες με αγάλματα, εικόνες
 και έργα τέχνης που άρπαξαν οι Ρωμαίοι. Την άλλη μέρα πέρασαν μέσα σε πολλές άμαξες τα
 καλύτερα και πολυτιμότερα μακεδονικά όπλα, που λαμποκοπούσαν. Πίσω ακολουθούσαν τρεις
 χιλιάδες άντρες, που κουβαλούσαν μέσα σε εφτακόσια πενήντα δοχεία ασημένια νομίσματα.
 Παραπίσω έρχονταν αυτοί, που κρατούσαν χρυσά νομίσματα μοιρασμένα σε εβδομήντα εφτά
 δοχεία. Μετά ακολουθούσε το άρμα του Περσέα, ο οπλισμός του κι από πάνω το στέμμα του.
 Αμέσως μετά  προχωρούσαν τα παιδιά του βασιλιά, που τα έσερναν αιχμάλωτα μαζί με τους
 δασκάλους και τους παιδαγωγούς τους. Αυτοί με δάκρυα στα μάτια άπλωναν τα χέρια στους
 θεατές και συμβουλεύανε τα παιδιά να ικετεύουν, για να τους δώσουν χάρη. Τέλος προχωρούσε
 ο ίδιος ο βασιλιάς, ο Περσέας, που φορούσε ρούχα σταχτόχρωμα. Αυτός έδινε την εντύπωση
 πως τα είχε εντελώς χαμένα εξαιτίας της μεγάλης συμφοράς που τον είχε βρει.
 Πλούταρχος, Αιμίλιος Παύλος, 32-34, αποσπάσματα (διασκευή)
",history,4,7,7.012757879434364,0.0114348133107098,6,6.587579107060037,0.0731612673713566,4,3.914902542824265,0.0233737631765606,5,4.745900600128607,0.0513293358261385,4,4.104847611852165,0.056841740015926,3,3.148080793707777,0.0337010048403082,6,6.360231268506368,0.0612312369513317,7.9324529092390605,5,5.52995889281523,0.0680757664778708,7.000477939174743,2.3,13.2,50.18181818181819,0.001096253
698,698,56,57,"B Οι πηγές αφηγούνται...
 1. Διάλογος Οθωμανών και Ελλήνων παραμονές της Μεγάλης Επανάστασης του 1821
 Σεχ Νετσήπ Εφέντης: «Πείτε μας, μα τον Θεό σας, τι πράγματα είναι αυτά και ποια τα αίτια; Είστε μόνο
 εσείς οι Πελοποννήσιοι ή όλη η φυλή σας; Έχετε κανέναν αρχηγό; Στηρίζεστε σε κανένα ηγεμόνα; Αυτός
 θα σας εξουσιάζει ή θα μείνετε μόνοι σας ζητώντας μόνο βοήθεια από αυτόν τον αφέντη;».
 Γερμανός: «Εμείς, μη μπορώντας πλέον να υπομένουμε τα τόσα δεινά που υποφέραμε από εσάς, αποφα­
 σίσαμε αυτό και η Ευρώπη βλέποντας το δίκαιο μας αποφάσισε να μας βοηθήσει».
 Σεχ Νετσήπ Εφέντης: «Πολύ καλά όλα αυτά αλλά στηρίζεστε σε κανένα ηγεμόνα;».
 Αναγνωστόπουλος: «Αγάδες, σύμφωνα με το γράμμα, που χθες βράδυ γράψατε στον ενδοξότατο
 Πετρόμπεη, στο οποίο απευθύνετε και ασπασμούς στον υψηλότατο πρίγκιπα Υψηλάντη και με το οποίο
 μας καλέσατε σε συνομιλία, ο Πρίγκιπας δεν παρέλειψε να συγκαλέσει αμέσως γενικό συνέδριο όλων
 των προυχόντων που βρίσκονται εδώ. Με αυτούς αποφασίστηκε να έλθουμε εδώ και να ακούσουμε τα
 προβλήματά σας. Έχουμε την εξουσιοδότηση να αποφασίσουμε και να επικυρώσουμε κάθε συμφωνία.
 Λοιπόν, με την προσταγή του Πρίγκιπα και τη θέληση όλων ήλθαμε. Εγώ στάλθηκα εκ μέρους του για
 να βεβαιώσω όλους τους αγάδες και κάθε Μουσουλμάνο ότι τους υπόσχεται ασφάλεια ζωής, τιμής και
 περιουσίας και εν γένει κάθε συμφωνία που θα γίνει θα θεωρείται ως νόμος απαράβατος από μέρους της
 Υψηλότητάς του. Επιπρόσθετα βεβαιώ την ενδοξότητά σας ότι μπορείτε ελεύθερα να εκφέρετε τη γνώμη
 σας στους ευγενέστατους άρχοντες και καπεταναίους, διότι με τη σύμφωνη απόφαση του Πρίγκιπα και
 της πατρίδας εστάλησαν με πληρεξουσιότητα. Για το ζήτημα δε, αν στηριζόμαστε σε κάποια δύναμη, από
 τη διήγηση που θα σας κάμω κρίνετε μόνοι σας. Από τη Ρωσία όχι μόνο μεγάλος άνθρωπος αλλά ούτε
 μικρός δεν μπορεί να βγει χωρίς ο αυτοκράτορας να το γνωρίζει. Ο πρίγκιπας Αλέξανδρος Υψηλάντης,
 ένας άνδρας τόσο μεγάλος, πέρασε από τη Ρωσία φανερά στη Βλαχία, εξέδωσε προκήρυξη, με την οποία
 προσκάλεσε όλους τους Έλληνες να πάρουν τα άρματα αποφασισμένοι είτε να ελευθερώσουν την πα­
 τρίδα τους είτε να πεθάνουν. Μόλις λοιπόν οι Έλληνες όλοι άκουσαν τη φωνή του αρχιστρατήγου τους,
 πήρε και η Πελοπόννησος τα άρματα».
 Ιωάννου Φιλήμονος, Δοκίμιον Ιστορικόν περί της ελληνικής επαναστάσεως, τόμ. 4, Αθήνα 1861, σσ. 209-210.
",history,6,8,7.976962339893934,0.0088362798312983,7,6.530365797162631,0.0714893941925797,4,3.999941959539683,6.447936894966252e-05,7,6.697631174776362,0.0535487390110129,4,3.6380167236202396,0.0698689221024662,3,3.22271248555262,0.0426922968382381,8,7.990281767269796,0.0044320731095312,7.000155353192895,7,6.997448823895553,0.0014277410421481,7.999443697499828,5.1,15.1,50.17786121540815,0.001116598
699,699,19,20,"«Η στήλη
 του Χαμουραμπί».
 (Παρίσι, Μουσείο
 Λούβρου). Στη στήλη
 εικονίζεται ο
 Χαμουραμπί, όρθιος
 αριστερά, να δέχεται
 τη νομοθεσία από τον
 θεό Σαμάς. Στο κάτω
 μέρος της στήλης
 είναι γραμμένη,
 σε σφηνοειδή γραφή,
 η νομοθεσία του
 Βαβυλώνιου βασιλιά.
",history,10,7,7.08056324711405,0.0254302590373634,4,4.00781385161099,0.0024350781131895,3,2.999749319409476,0.0002570589911038,7,6.788169744486368,0.0425012622679115,3,2.9726351832168803,0.0354952134716552,3,2.9999854016646523,0.0001877255826149,7,6.664186582661614,0.0770738862673062,7.99976873228286,7,6.998346958436613,0.0010798207309612,7.999811652972369,-0.3,9.9,38.5,0.000809789
700,700,135,136,"ΕΝΟΤΗΤΑ 34
 Η λήξη του Α´ Παγκόσμιου πολέμου και οι μεταπολεμικές ρυθμίσεις
 Στα τέλη του Α´ Παγκόσμιου πολέμου
 Τα «14 σημεία» του Αμερικανού προέδρου Ουίλσον
 εκπρόσωποι των νικητών συγκεντρώθηΟ πρόεδρος των ΗΠΑ Ουίλσον, απευθυνόμενος, τον Ιανουάριο του 1918, στο
 καν στο Παρίσι (συνέδριο της Ειρήνης ή
 Κογκρέσο της χώρας του, προσδιόρισε τους λόγους για τους οποίους οι ΗΠΑ θα
 συνέδριο του Παρισιού, Ιανουάριος 1919έπρεπε να πάρουν μέρος στον Α´ Παγκόσμιο πόλεμο, δίνοντας, ταυτοχρόνως, και
 Ιανουάριος 1920) για να συζητήσουν τους
 το όραμά του για τον μεταπολεμικό κόσμο. Το κείμενο αυτό έμεινε γνωστό ως
 όρους των συνθηκών ειρήνης.
 τα «14 σημεία» του Ουίλσον.
 Οι ηττημένοι, οι ουδέτεροι και η Σο1. Η διπλωματία και οι συνθήκες να γίνονται φανερά.
 βιετική Ένωση δεν κλήθηκαν. Οι αποφά2. Να είναι ελεύθερη η ναυσιπλοΐα σε όλες τις θάλασσες.
 σεις καθορίστηκαν από την ανάγκη
 3. Να καταργηθούν τα οικονομικά σύνορα ανάμεσα στα κράτη.
 αναδιαμόρφωσης του πολιτικού χάρτη
 4. Περιορισμός των εξοπλισμών.
 της Ευρώπης, την επιδίωξη της Γαλλίας
 5. Τα προβλήματα των αποικιών να ρυθμιστούν με βάση τα συμφέροντα των λαών.
 να εξουθενώσει τη Γερμανία και την
 6. Να εκκενωθεί η Ρωσία και να επιδειχθεί καλή θέληση προς τη χώρα αυτή.
 επιθυμία των Δυνάμεων να εγκλωβί7. Αποκατάσταση του Βελγίου.
 8. Ανάκτηση από τη Γαλλία της Αλσατίας και της Λορένης.
 σουν το νέο σοβιετικό καθεστώς της
 9. Τα ιταλικά σύνορα να διευθετηθούν με βάση την αρχή των εθνοτήτων.
",history,12,8,7.845783916675714,0.0355709797006336,7,7.033482120028566,0.0342494083633701,4,3.79818814849709,0.0403866188956432,7,6.995068442864522,0.0024288027015041,4,3.9883903916779673,0.0795876670623929,4,3.732126989785229,0.0472754943656097,8,7.796776474251331,0.0428569631622244,7.053396824245283,7,6.999928422736048,9.915427176407962e-05,7.998062870313333,0.7,9.2,41.161616161616166,0.000712127
701,701,124,125,"παράθεμα 2 Η μεγάλη απόφαση της επιστροφής
 Την επόμενη μέρα ο  Αλέξανδρος στην
 περιοχή της «Πέτρας του Αόρνου» κάλεσε τους στρατηγούς και τους δήλωσε
 θυμωμένος πως ο ίδιος θα προχωρήσει
 στο εσωτερικό της Ινδίας και δε θα αναγκάσει κανέναν από τους Μακεδόνες να
 τον ακολουθήσει χωρίς τη θέλησή του.
 Εκείνος θα βρει αυτούς που θα τον ακολουθήσουν με προθυμία. Όσοι επιθυμούν να επιστρέψουν στην πατρίδα τους
 μπορούν να φύγουν, αλλά να αναφέρουν
 στους δικούς τους πως επιστρέφουν,
 αφού εγκατέλειψαν τον βασιλιά ανάμε4. Πολεμική σκηνή από την εκστρατεία στην Ινδία
 σα σε εχθρούς. Ύστερα από αυτά πήγε
 στη σκηνή του, αλλά δεν πλησίασε κανένας σύντροφος για τρεις μέρες, ενώ εκείνος περίμενε να
 αλλάξουν γνώμη οι Μακεδόνες. Αυτοί όμως έμειναν σταθεροί στις απόψεις τους. Τότε ο Αλέξανδρος κάλεσε τους μεγαλύτερους σε ηλικία συντρόφους και φίλους  του  και τους ανακοίνωσε την
 απόφασή του να επιστρέψουν. Οι στρατιώτες αμέσως  άρχισαν να ζητωκραυγάζουν και να χειροκροτούν με χαρά, ενώ πολλοί από αυτούς δάκρυσαν και κάποιοι άλλοι έτρεχαν στη σκηνή του
 βασιλιά και του εύχονταν πολλά αγαθά, γιατί ανέχτηκε να νικηθεί μόνο από αυτούς.
 Αρριανός, Αλεξάνδρου Ανάβαση, Ε ´, 28-29, 1 (διασκευή)
",history,4,7,7.075456073372607,0.0272503668484066,7,6.959226774728563,0.0375913047795172,4,3.679179021343117,0.050389302339758,5,5.182603879012277,0.0772270173809677,4,3.610576628965646,0.0653483928360006,3,3.00245236824162,0.0014110197735713,6,6.322063835333324,0.0545598217347639,7.867034210375152,7,6.77549030221013,0.0462330655454199,7.985821349961043,4.2,14.1,51.347871235721705,0.001057959
702,702,148,149,"Η τροφή της αθηναϊκής οικογένειας
 ήταν λιτή και αποτελούνταν από
 λαχανικά, ελιές, παστά ψάρια
 και σπάνια από κρέας. Η
 ενδυμασία των Αθηναίων
 ήταν κομψή, αλλά όχι
 εξεζητημένη. Το βασικό
 ένδυμα ήταν ο χιτώνας,
 ο οποίος, ανάλογα
 με τις διαθέσεις του
 ατόμου, με το δέσιμο
 στη μέση με μία
 ζώνη, δημιουργούσε
 πολλές ή λίγες πτυχώσεις. Το ιμάτιο,
 είδος πανωφορίου,
 κατασκευασμένο από
 ζεστό, μάλλινο ύφασμα,
 τυλιγόταν πάνω από τον
 χιτώνα με ποικίλους τρόπους.
 Τα σανδάλια, στα πόδια, συμπλήρωναν την αμφίεση. Οι πλούσιες
 Αθηναίες αγαπούσαν πολύ και τα κοσμήματα,
 τα οποία αποτελούσαν αναπόσπαστο τμήμα της αμφίεσής τους.
",history,10,7,6.678992429111759,0.0571858291176048,6,5.887163849860372,0.0330314169925116,3,3.0000157303402375,5.851321255854047e-05,4,4.224151505000123,0.0432412053259013,3,3.0863161133733,0.0300960601580076,3,2.9964119922988175,0.0019181092348615,6,6.014881934039295,0.0073287056207432,7.979665618421507,5,4.9047281898351685,0.0618984076699939,7.020206944769598,2.3,12.4,43.56140350877193,0.001020138
703,703,62,63,"ατομικού, έγιναν γνωστές με τον γενικό όρο σοσιαλισμός.
 απόψεις και τις προθέσεις τους. Δηλώνουν ανοιχτά ότι οι
 Οι πρώτοι σοσιαλιστές (Σαιν Σιμόν, Φουριέ, Όουεν, Μπλαν,
 σκοποί τους μπορούν να πραγματοποιηθούν μονάχα με τη
 βίαιη ανατροπή όλου του σημερινού κοινωνικού καθεστώΠρουντόν) μιλούσαν για μια εξιδανικευμένη μορφή κοινωνίας
 τος. Ας τρέμουν οι κυρίαρχες τάξεις μπρος σε μια κομμουπου θα έπρεπε, κατά τη γνώμη τους, να επικρατήσει. Γι’ αυτό και
 νιστική επανάσταση. Οι προλετάριοι δεν έχουν να χάσουν
 οι απόψεις τους ονομάστηκαν ουτοπικός σοσιαλισμός.
 σ’ αυτήν τίποτε άλλο, εκτός από τις αλυσίδες τους. Έχουν
 Το 1848 οι Γερμανοί Καρλ Μαρξ και Φρίντριχ Ένγκελς δημοσίνα κερδίσουν έναν κόσμον ολόκληρο. Προλετάριοι όλων
 ευσαν
 το Κομμουνιστικό Μανιφέστο. Αργότερα ο Μαρξ δημοσίτων χωρών, ενωθείτε!
",history,12,8,8.008485747447281,0.0043007476118189,8,8.13934244199914,0.0341500643559435,4,4.036996374491082,0.0130296255408434,7,7.000483625747542,0.0003432140141787,6,5.986106956494041,0.096286315139572,5,4.7283358544664225,0.0476603683333376,8,8.010074892723082,0.0049237659368742,7.00757199437885,7,7.005902446731014,0.0029183806904293,7.998953778050975,0.8,11.9,43.285714285714285,0.000885884
704,704,241,242,"Την εποχή αυτή οι Έλληνες παρουσιάζονται διαιρεμένοι και
 αποδυναμωμένοι. Το κέντρο βάρους του ελληνισμού έχει
 μεταφερθεί ανατολικότερα, ενώ ένα μεγάλο μέρος του
 ανδρικού κυρίως πληθυσμού έχει μεταναστεύσει. Στο λιμάνι
 του Πειραιά έφθαναν όλο και λιγότερα εμπορικά πλοία.
 Τα γεγονότα του Αννιβαϊκού πολέμου (218-202 π.Χ.), που
 συντάραξαν την ιταλική χερσόνησο, δεν προκάλεσαν ιδιαίτερη
 αίσθηση στην Ελλάδα. Κάποιοι όμως διέβλεπαν τον κίνδυνο
 από τη συνεχή άνοδο της Ρώμης. Ο Αγέλαος ο Αιτωλός μίλησε
 για σύννεφα που συσσωρεύονταν στη Δύση και απειλούσαν την
 Ελλάδα. Οι μόνες δυνάμεις που μπορούσαν να προβάλουν αντίσταση
 στον ρωμαϊκό επεκτατισμό ήταν η Μακεδονία και οι δύο Συμπολιτείες.
 Η κατάσταση που παρουσιαζόταν στην Ελλάδα ήταν ευνοϊκή για τα σχέδια των Ρωμαίων.
 Οι ίδιοι εφάρμοσαν πολύ αποτελεσματικά την πολιτική του «διαίρει και βασίλευε». Πέτυχαν
 εύκολα να επεμβαίνουν στις υποθέσεις
 των Ελλήνων και να τους κρατούν αποδυναμωμένους.
 Έτσι, όταν δημιουργήθηκε ένας συνασπισμός εναντίον του Φιλίππου Ε´
 της Μακεδονίας, οι Ρωμαίοι έσπευσαν να
 προσφέρουν τη βοήθειά τους. Ο Ρωμαίος
 στρατηγός Φλαμινίνος, υποστηριζόμενος
 και από τις δυνάμεις της Αιτωλικής συμπολιτείας, κατάφερε να νικήσει τον Φίλιππο
 στη θέση Κυνός Κεφαλές (197 π.Χ.). Η
 Μακεδονία αναγκάστηκε να πληρώσει πολεμική αποζημίωση και να αναγνωρίσει την
 ελευθερία των πόλεων και των Συμπολιτειών. Τον επόμενο χρόνο ο Φλαμινίνος
 στη διάρκεια των Ισθμίων διακήρυξε υπό
 τις επευφημίες των παρευρισκομένων την
",history,10,7,6.944394992943842,0.0286627097608594,8,7.952667950962079,0.0154030178005622,3,3.0203325243107635,0.0079767331552998,5,5.007192201506371,0.0208260516320991,5,5.105950189536088,0.0781806107224729,3,3.3208340694383196,0.0503967212509628,6,6.021297325202113,0.0082151434566619,7.982013476627003,5,5.502994163445464,0.0653267248288883,7.000800301131676,1.7,13.8,51.72540983606557,0.000998255
705,705,61,62,"Τα μυκηναϊκά ανάκτορα διακοσμούνται και αυτά με τοιχογραφίες που έχουν δεχτεί μεγάλη
 επίδραση από τις μινωικές. Παρόμοια επιρροή παρατηρείται και στη μυκηναϊκή κεραμική.
 Αξιοπρόσεκτος είναι ο εικονιστικός ρυθμός σε μια κατηγορία αγγείων που διακοσμούνται με
 παραστάσεις ανθρώπων, ζώων, πουλιών, ψαριών και με σκηνές με άρματα.
 Απαράμιλλης τέχνης είναι τα κοσμήματα από χρυσό, ασήμι ή από άλλα πολύτιμα υλικά. Από
 παρόμοια υλικά έχουν κατασκευαστεί και άλλα πολυτελή αντικείμενα, όπως σκεύη με ανάγλυφες
 παραστάσεις κυνηγιού ή ειδυλλιακές σκηνές –χρυσά κύπελλα του τάφου του Βαφειού–, ξίφη
 και εγχειρίδια στολισμένα με παρόμοιες εικόνες, οι χρυσές προσωπίδες των νεκρών βασιλιάδων
 που βρέθηκαν στους μυκηναϊκούς τάφους και άλλα. Όλα αυτά τα ανεπανάληπτα έργα τέχνης
 μαρτυρούν μεγάλο πλούτο, δύναμη και επικοινωνία των Μυκηναίων βασιλιάδων και ευγενών με
 τις χώρες της Ανατολής και της Αιγύπτου απ’ όπου προμηθεύονταν τα πολύτιμα υλικά.
 Χρυσή προσωπίδα από τους λακκοειδείς τάφους
 των Μυκηνών (1550-1500 π.Χ.). Παλαιότερα
 είχε θεωρηθεί ότι ανήκε στον Αγαμέμνονα,
 βασιλιά των Μυκηνών. Όμως, χρονολογείται πολύ
 πριν από την εποχή που έγινε ο Τρωικός Πόλεμος.
 (Αθήνα, Εθνικό Αρχαιολογικό Μουσείο)
",history,10,8,7.621655160078717,0.0535529223196536,7,7.361944141396634,0.0576375307229079,4,3.817576267840181,0.0381498410993666,7,6.566325187507033,0.0635966155903508,4,3.985656339322759,0.0452734557062474,4,3.978347127964142,0.0095698312579655,7,7.219291309697311,0.0440153423849538,7.989007022576061,7,6.9974273649179395,0.0014394430284003,7.9043394109467044,2.8,15.5,49.68181818181819,0.001057634
706,706,146,147,"B Οι πηγές αφηγούνται...
 1. Ο Κωνσταντίνος Καραμανλής για τη νέα «Μεγάλη Ιδέα» της Ελλάδας
 «Θα ήθελα προπαντός να σας καταστήσω κοινωνούς ενός οράματος. Το όραμα δηλαδή μιας Ελλάδος που
 θα ευημερεί στο εσωτερικό και θ’ ακτινοβολεί πολιτισμικά στο εξωτερικό. Μιας Ελλάδος χωρίς συμπλέγματα
 κατωτερότητος και χωρίς αγωνίες για το μέλλον της. Είναι το όραμα μιας Ελλάδος ικανής να διαδραματίσει
 στα πλαίσια της Ενωμένης Ευρώπης ρόλο υπέρτερο από την αριθμητική της δύναμη, αξιοποιώντας το ανθρώπινο δυναμικό της, σε συνδυασμό με την μοναδική πολιτισμική κληρονομιά της. Το όραμα αυτό μπορεί
 και πρέπει η γενιά σας να το αναγάγει στη σύγχρονη Μεγάλη Ιδέα του Έθνους. Ιδέα που θα συνεγείρει τις
 πνευματικές και ηθικές αρετές του Έθνους και θα επιτρέψει στη γενιά σας ν’ αξιοποιήσει τους καινούριους
 και πλατείς ορίζοντες που διανοίγονται μπροστά σας».
 2. Απόσπασμα από την ομιλία του Κ. Καραμανλή στο Ζάππειο Μέγαρο κατά την τελετή υπογραφής της
 Συνθήκης Προσχώρησης της Ελλάδας στην Ευρωπαϊκή Οικονομική Κοινότητα
 «Η Ελλάς από σήμερα αποδέχεται οριστικά την ιστορική πρόκληση και την ευρωπαϊκή της μοίρα. Διατηρώντας την εθνική της ταυτότητα. Έχομε εμπιστοσύνη και στην Ευρώπη και στην Ελλάδα. Έχομε την απόφαση
 να είμαστε όλοι Ευρωπαίοι, όπως θα έλεγε ο Τσώρτσιλ, και όλοι Έλληνες, όπως θα έλεγε ο Σέλλεϋ. Γιατί,
 όπως έγραψε ο Ισοκράτης, Έλληνες δεν είναι εκείνοι που γεννήθηκαν στην Ελλάδα, αλλά εκείνοι που υιοθέτησαν το πνεύμα το κλασικό».
 Κωνσταντίνος Καραμανλής. Αρχείο. Γεγονότα και κείμενα, τομ. 11, επιμέλεια Κωνσταντίνος Σβολόπουλος, Αθήνα
 1996, σ. 146.
",history,6,8,7.999704822726828,0.0002208625197089,6,6.318586634115125,0.051771373701298,4,3.999988178731428,1.444028758752951e-05,7,6.5494937121231676,0.0584023438858139,3,3.215283813765268,0.0464380763871774,3,3.044268622022173,0.0169360771677043,8,7.998848611340314,0.0007501768925699,7.001323397252349,7,6.996724353851732,0.0017665311565839,7.998495408627605,2.4,12.7,45.58312020460358,0.000838222
707,707,116,117,"ΕΝΟΤΗΤΑ 28
 Ο Ελευθέριος Βενιζέλος πρωθυπουργός:
 η βενιζελική πολιτική της περιόδου 1910-1912
 Μετά το κίνημα του 1909, ο Σύνδεσμος κάλεσε τον Ελευθέριο Βενιζέλο στην Αθήνα
 και του πρότεινε την πρωθυπουργία. Ο Κρητικός πολιτικός, όμως, αρνήθηκε. Επίσης, δεν
 συμφώνησε με εκείνους που ζητούσαν την κατάργηση της μοναρχίας. Έκρινε ότι μια τέτοια απόφαση θα δίχαζε τον λαό σε μια στιγμή που αναμένονταν κρίσιμες εξελίξεις
 στην περιοχή. Έτσι, συμφωνήθηκε ανάμεσα στον Σύνδεσμο, τον βασιλιά, τα παλαιά κόμματα και τον Βενιζέλο να γίνουν εκλογές για την ανάδειξη αναθεωρητικής Βουλής (βλέπε γλωσσάριο) και όχι συντακτικής (βλέπε γλωσσάριο), όπως ζητούσαν ορισμένοι. Τελικά, μετά από δύο εκλογικές αναμετρήσεις (Αύγουστος και Νοέμβριος 1910), το Κόμμα
 των Φιλελευθέρων, που μόλις είχε ιδρυθεί από τον Βενιζέλο και αποτελούνταν κυρίως
 από νέους πολιτικούς, κέρδισε την πλειοψηφία στη Βουλή.
 Αποτέλεσμα των εργασιών της αναθεωρητικής Βουλής ήταν το αναθεωρημένο σύνταγμα του 1911, που προστάτευε αποτελεσματικότερα τις ατομικές ελευθερίες, επέτρεΕλευθέριος Βενιζέλος
 πε στο κράτος να αφαιρεί από τους ιδιοκτήτες τους με αποζημίωση μεγάλες εκτάσεις
 γης για να μοιραστούν σε ακτήμονες, θέσπιζε τη μονιμότητα των δημοσίων υπαλλήλων,
 απαγόρευε στους στρατιωτικούς και στους δημοσίους υπαλλήλους να εκλέγονται βουλευτές και καθιέρωνε την υποχρεωτική, δωρεάν εκπαίδευση. Στην προώθηση των παραπάνω μεταρρυθμίσεων καταλυτικό ρόλο έπαιξε και η ολιγομελής αλλά ιδιαίτερα δραστήρια ριζοσπαστική κοινοβουλευτική ομάδα των Κοινωνιολόγων με επικεφαλής τον Αλέξανδρο
 Παπαναστασίου.
 Παράλληλα, ο Βενιζέλος ασχολήΟ Βενιζέλος υποστηρίζει την ανάγκη πολιτικών μεταρρυθμίσεων.
 θηκε με την αναδιοργάνωση των ενό[Αποσπάσματα
 από την πρώτη ομιλία του Ελ. Βενιζέλου στον αθηναϊκό λαό (22.8.1910)]
 πλων δυνάμεων, φρόντισε να αποΒενιζέλος:
 ...έδωκα
",history,12,6,6.082499638823283,0.0208006406646241,7,7.221602710976498,0.04314968468,4,3.9924232710863805,0.0035776323196796,7,6.137322446968369,0.0850360675872575,5,4.9343657497665845,0.0718302189733283,3,3.000002164862849,4.787282718327721e-06,6,6.130514433835465,0.0323486522011363,7.914900720811829,7,6.988049791753568,0.0048384221328502,7.992412371231694,4.2,18.9,64.0290404,0.00124608
708,708,41,42,"Δείγμα της
 υψηλής λιθοτεχνίας
 των Μινωιτών.
 Σφραγιδόλιθος της
 περιόδου των νέων
 ανακτόρων
 (Αρχαιολογικό
 Μουσείο Ηρακλείου).
 Οι Μυκηναίοι
 στην Κνωσό
",history,10,8,7.817273288898747,0.0382754959164015,4,3.9999189886188304,6.82375298536987e-05,3,2.999911649816947,0.0001312337242101,7,6.99911323588876,0.0005938726986202,3,3.074868055567549,0.0335975780385218,3,3.0141208961332495,0.0059695868148927,8,7.866678928545127,0.0316209623126203,7.020329669792375,7,7.001656995310228,0.0010455380320287,7.9964397550109965,-1.4,13.7,46.79710144927536,0.000806264
709,709,102,103,"ΕΝΟΤΗΤΑ 24
 Επιστήμες και στοχασμός στον κόσμο τον 19ο αιώνα
 Ο χαρακτήρας της επιστημονικής
 εξέλιξης Οι εξελίξεις στον επιστημονικό χώρο τον 19ο αιώνα σφραγίστηκαν,
 κυρίως, από τα πολλά νέα επιστημονικά
 επιτεύγματα, αλλά και από την ακόμη
 πιο στενή σύνδεση της επιστήμης με
 την οικονομία. Δεν είναι, λοιπόν, τυχαίο
 το ότι η χημεία κυριάρχησε αυτή την
 εποχή, καθώς πολλές από τις εφαρμογές της (συνθετικά υφάσματα, χρώματα) εξυπηρετούσαν τη σπουδαιότερη
 1. Εργαστήριο χημείας το 1840.
 βιομηχανία της εποχής, την υφαντουρΟι χημικοί ήταν οι πρώτοι επιστήμονες-εργαζόμενοι.
 γία, ενώ άλλες (λιπάσματα) διευκόλυναν τη γεωργία και την καταπολέμηση ασθενειών (εμβόλια, φάρμακα). Καθώς η επιστήμη άρχιζε να γίνεται,
 πλέον, επάγγελμα, περισσότεροι από τους μισούς επαγγελματίες επιστήμονες του 19ου αιώνα ήταν χημικοί.
 Τα επιστημονικά επιτεύγματα Στο πλαίσιο της επιστημονικής προόδου, λοιπόν, ο Φαραντέι ανακάλυψε τη σχέση ηλεκτρισμού-μαγνητισμού, ο Μάξγουελ, δείχνοντας ότι υπό
 ορισμένες συνθήκες παράγονται ηλεκτρομαγνητικά κύματα που μεταδίδονται μέσω του
 αέρα, διαμόρφωσε τη βάση εφαρμογών όπως ο ηλεκτροφωτισμός, το τηλέφωνο και ο κινηματογράφος, ο Μπελ κατασκεύασε το τηλέφωνο, ο Έντισον επινόησε τον λαμπτήρα
 και δημιούργησε τον πρώτο ηλεκτροπαραγωγικό σταθμό στη Νέα Υόρκη, την πρώτη πόλη του κόσμου που ηλεκτροφωτίστηκε, ο Μορς εγκατέστησε το πρώτο τηλεγραφικό δίκτυο στις ΗΠΑ, ο Παστέρ και ο συνεργάτης του Κοχ μελέτησαν τα μικρόβια, επινόησαν
 εμβόλιο για τη λύσσα και μεθόδους αποστείρωσης των τροφίμων (παστερίωση).
 2. Λουί Παστέρ
 Δαρβίνος: η θεωρία της εξέλιξης Σταθμός στην εξέλιξη της επιστημονικής σκέψης
 υπήρξε η δημοσίευση από τον Άγγλο ερευνητή Κάρολο Δαρβίνο του έργου Η καταγωγή των ειδών (1859). Ο Δαρβίνος
 υποστήριξε ότι τα ζώα και τα φυτά προήλθαν, με αργή εξέλιξη, από λίγα και απλούστερα αρχικά είδη. Αυτά τα είδη
 μεταλλάχθηκαν πολλές φορές, και τελικά επικράτησαν εκείνα που μπορούσαν να προσαρμοστούν καλύτερα στις εκάστοτε συνθήκες. Αυτή ήταν η δαρβινική θεωρία της εξέλιξης μέσω της φυσικής επιλογής.
 Το έργο διαβάστηκε και συζητήθηκε προκαλώντας έντονες αντιδράσεις, ιδίως από την εκκλησία, καθώς αμφισβητούσε τη δημιουργία του ανθρώπου από τον Θεό. Η αυθαίρετη μεταφορά, από ορισμένους, της δαρβινικής θεωρίας
 στο κοινωνικό επίπεδο γέννησε τον κοινωνικό δαρβινισμό, σύμφωνα με τον οποίο η διαδικασία φυσικής επιλογής
",history,12,7,7.143876612391882,0.0857677445422468,7,6.996713499482884,0.0031670676795583,4,3.9992919594373006,0.0004720409392655,7,6.479860199455288,0.071820603107128,5,5.127832688774561,0.0777767826332153,3,3.0007998733071872,0.0005293504951807,6,6.086956983283471,0.0199781059793475,7.8807964070799414,7,6.987909208120982,0.0051374763494683,7.996823460842734,6.3,19.6,61.11399711399712,0.001232576
710,710,68,69,"οι τριήρεις:
 τα πολεμικά
 πλοία των
 αρχαίων
 Ελλήνων με
 τρεις σειρές
 κουπιών.
 το Αιγάλεω:
 βουνό της
 Αττικής.
",history,4,3,3.134798167397093,0.0207523650914553,4,3.991034383336853,0.0040520722895261,1,1.000430596836594,0.0003025389734431,7,5.813768291322049,0.0885709346702358,2,2.0210910628591137,0.014542123754561,1,1.4379321250185058,0.0550942705251693,3,3.066312584662228,0.0121523009997207,7.9990188480733195,7,6.904573685169453,0.0194272865237497,7.999840069146273,-0.6,7.7,43.833333333333336,0.000804239
711,711,119,120,"Έτσι οι Πέρσες υποχώρησαν προς το εσωτερικό της χώρας τους. Οι ελληνικές πόλεις της Μ. Ασίας ένιωσαν ελεύθερες και υποδέχτηκαν τον
 Αλέξανδρο ως ελευθερωτή τους. Ο Μ. Αλέξανδρος προχώρησε βαθύτερα στο περσικό κράτος. Ο βασιλιάς Δαρείος ο Γ′ με πολυάριθμο στρατό
 παρατάχθηκε στην Ισσό (333 π.Χ.). Και σ’ αυτή τη μάχη νικητής ήταν ο Μ.
 Αλέξανδρος. Ο δρόμος προς την Ασία ήταν πια ανοικτός. Αντί όμως να
 συνεχίσει την πορεία και να καταδιώξει τον Δαρείο, προχώρησε προς τη
 Φοινίκη και ύστερα προς την Αίγυπτο. Η χώρα του Νείλου με τις Πυραμίδες και τους θρύλους της τράβηξε το ενδιαφέρον του. Οι Αιγύπτιοι τον
 υποδέχθηκαν με τιμές και τον ονόμασαν διάδοχο των Φαραώ. Εκεί ο Μ.
 Αλέξανδρος, στις εκβολές του Νείλου, θαύμασε το τοπίο και ίδρυσε την
 Αλεξάνδρεια, η οποία γρήγορα γνώρισε μεγάλη ανάπτυξη.
 Έχοντας καταλάβει αυτές τις περιοχές, ένιωσε περισσότερο ασφαλής. Διέλυσε τον στόλο του και συνέχισε την κατάκτηση της Ασίας.
",history,4,7,6.951802749300413,0.0191584993707997,6,6.026574745105833,0.0428158145302065,3,3.0179860728432857,0.0072354570864903,5,4.758535345281132,0.0541486656757937,4,3.740740730856487,0.0637650583794601,3,3.0000146341717278,2.7455236958952925e-05,6,6.411011436017077,0.055597258345672,7.984092072211638,5,5.1203429685735955,0.0399732563088889,7.003506836888846,0.4,8.2,40.55635062611807,0.000833955
712,712,149,150,"ΕΝΟΤΗΤΑ 39
 Εξελίξεις σε Ελλάδα και Τουρκία μετά τον μικρασιατικό πόλεμο
 Ελλάδα: Το κίνημα του 1922 Στις αρχές Σεπτεμβρίου του 1922 ξέσπασε κίνημα στη Χίο και
 στη Μυτιλήνη, όπου βρίσκονταν μονάδες του
 ελληνικού στρατού που επέστρεφαν από τη Μικρά Ασία. Όσοι συμμετείχαν σε αυτό αξίωναν
 την παραίτηση του βασιλιά Κωνσταντίνου, τη
 διάλυση της Βουλής (στην οποία τα φιλοβασιλικά κόμματα διέθεταν πλειοψηφία), τον σχηματισμό νέας κυβέρνησης που θα είχε την
 εμπιστοσύνη της Αντάντ, καθώς και την ενίσχυση του μετώπου στη Θράκη, ώστε η Ελλάδα να
 αποφύγει και άλλες εδαφικές απώλειες. Με επικεφαλής τους συνταγματάρχες Νικόλαο Πλαστήρα και Στυλιανό Γονατά, περίπου 12.000
 αξιωματικοί και στρατιώτες, αποβιβάστηκαν,
 λίγο αργότερα, στο Λαύριο, στο νοτιότερο
 άκρο της Αττικής, και άρχισαν να βαδίζουν
 προς την Αθήνα. Ο βασιλιάς Κωνσταντίνος,
 βλέποντας ότι δεν είχε καμία δυνατότητα αντίστασης, εγκατέλειψε τη χώρα. Βασιλιάς έγινε ο
 γιος του Γεώργιος Β´. Φτάνοντας στην Αθήνα,
 οι κινηματίες εγκατέστησαν επαναστατική κυ1. Τμήματα του επαναστατημένου στρατού στην Αθήνα (Σεπτέμβριος 1922).
 βέρνηση.
 Στο κέντρο διακρίνεται ο Νικόλαος Πλαστήρας.
 Η ανακωχή των Μουδανιών Μετά την ήττα
 στη Μικρά Ασία, φαινόταν πλέον εξαιρετικά
 δύσκολο για την Ελλάδα να διατηρήσει την Α.
 Θράκη. Αρχικά, η επαναστατική κυβέρνηση
 δεν φάνηκε πρόθυμη να υποχωρήσει. Μάλιστα,
 για να αντιμετωπίσει ενδεχόμενη νέα τουρκική
 επίθεση, αναδιοργάνωσε ταχύτατα τον ελληνικό στρατό στη Θράκη. Τελικά, όμως, υπό το
 βάρος των κεμαλικών απειλών για νέο πόλεμο
",history,12,7,7.362044202881825,0.0576056676958818,7,7.129590271481902,0.0330426578395854,4,3.679179252504099,0.0503894363587991,7,6.998083105261458,0.0010297107721671,4,4.428878170553617,0.0784364770039407,4,3.5622409869902185,0.0550810648632247,8,7.904266155257574,0.0242897378518631,7.020326463340552,7,6.998602020884505,0.0008453423029629,7.994774648730981,2.8,14.6,52.40429338103757,0.000977746
713,713,98,99,"Οι Ολυμπιακοί αγώνες ήταν η πιο
 μεγάλη συνάντηση των Ελλήνων. Στους
 αγώνες αυτούς, που γίνονταν κάθε
 τέσσερα χρόνια, έπαιρναν μέρος μόνο
 Έλληνες. Επίσημα άρχισαν να τελούνται
 το 776 π.Χ., έτος το οποίο αργότερα
 αποτέλεσε τη βάση για τη χρονολόγηση
 των γεγονότων.
 Πριν από τους αγώνες, κήρυκες
 περιέτρεχαν την Ελλάδα και ανακοίνωναν την επικείμενη έναρξή τους.
 Γινόταν εκεχειρία, σταματούσαν δηλαδή
 οι πόλεμοι και μπορούσαν έτσι οι αντιπροσωπείες από τις πόλεις να φθάσουν
 στην Ολυμπία χωρίς να διατρέξουν
 κανέναν κίνδυνο.
 Ο αθλητής που νικούσε στεφανωνόταν
 με κλαδί αγριελιάς και κέρδιζε την αγάπη
 όλων, ενώ θριαμβευτική ήταν και η υποδοχή που του επιφύλασσε η πόλη του.
",history,10,6,5.995522408638138,0.0030887847046136,6,5.755138341588463,0.0332804100117278,3,2.997527532199399,0.0013904460558617,4,4.001672359840995,0.00262188330583,3,2.6452880198630737,0.0592079179827974,3,2.9579166014191287,0.0140196361635755,6,5.999247147919959,0.0010163473087846,7.994088261687324,4,4.379587162014161,0.054087179654286,7.00667295261519,1.9,11.9,48.33821733821734,0.001005061
714,714,86,87,"παράθεμα 1 Η έντονη προσωπικότητα του Περικλή
 Ο Περικλής είχε αποκτήσει μεγάλη δύναμη χάρη στην προσωπικότητά του και την εξυπνάδα του, χωρίς να ενδιαφέρεται για τα χρήματα.
 Κατάφερνε να συγκρατεί τους πολίτες, χωρίς να περιορίζει* τις ελευθερίες τους. Δεν παρασυρόταν από τον λαό, αντίθετα τον καθοδηγούσε. Δεν ήθελε να κερδίσει δύναμη με άδικα μέσα, γι’ αυτό δεν κολάκευε
 τους Αθηναίους. Έχοντας λοιπόν κερδίσει την εκτίμηση όλων, έλεγε
 με θάρρος τη γνώμη του, ακόμη και αν έκανε κάποιους να θυμώσουν.
 Άμα καμιά φορά οι Αθηναίοι έδειχναν μεγάλο θάρρος, τους φόβιζε για
 να μην παρασυρθούν σε λάθη και άλλοτε έκανε το αντίθετο. Παρόλο
 που το πολίτευμα ήταν δημοκρατία, αυτός ήταν ο πρώτος πολίτης της
 Αθήνας.
 *περιορίζω: συγκρατώ, εμποδίζω
 Θουκυδίδης, Ιστορία, Β ´, 65, 8-10 (διασκευή)
",history,4,7,7.3000594241095556,0.0560939664168194,7,7.024767518403223,0.0153244874288607,4,3.999891714799105,8.93663477755778e-05,5,4.612026699571743,0.0593692338307558,4,3.857358485725854,0.0697720024037655,3,3.0229762406675036,0.0088046142430382,7,6.808585966939063,0.0823970986485826,7.995385579173103,5,5.0597688919436905,0.0285811352423669,7.00064404978184,2.2,11.8,44.04056291390728,0.00094987
715,715,58,59,"Η πρώτη σύσκεψη των οπλαρχηγών, που επισφραγίστηκε με δοξολογία και ορκωμοσία,
 πραγματοποιήθηκε στη Λευκάδα τον Ιανουάριο του 1821. Εκεί αναφέρθηκε η 25η Μαρτίου ως
 ημερομηνία της εξέγερσης. Παρόμοια τελετή έγινε παρουσία προκρίτων και οπλαρχηγών στη
 μονή του Οσίου Λουκά στη Βοιωτία, στα μέσα Μαρτίου του 1821.
 Πρώτα εκδηλώθηκαν επαναστατικές ενέργειες στην Ανατολική Στερεά. Ο Πανουργιάς πολιόρκησε την πόλη των Σαλώνων (Άμφισσα) και την κατέλαβε με τη βοήθεια των κατοίκων του
 Γαλαξιδίου. Στη συνέχεια απελευθερώθηκαν και άλλες πόλεις και χωριά (Λιδωρίκι, Λιβαδιά,
 Αταλάντη, Θήβα), ενώ οι επαναστάτες έφτασαν μέχρι την Αθήνα περιορίζοντας τους Τούρκους
 στην Ακρόπολη.
 Αλλά και η Χαλκίδα έπεσε στα χέρια των εξεγερμένων Ελλήνων, με την επέμβαση του
 Υδραίου πλοιάρχου Αντωνίου Κριεζή, ο οποίος από το καράβι του κανονιοβόλησε με επιτυχία
 τους Τούρκους υπερασπιστές της πόλης.
 Λίγο αργότερα επαναστάτησε και η Δυτική Στερεά. Οι Έλληνες κατάφεραν να κυριεύσουν
 το Βραχώρι (Αγρίνιο), το Αιτωλικό και το Μεσολόγγι. Εκεί έφτασε σύντομα ο Φαναριώτης πολιτικός Αλέξανδρος Μαυροκορδάτος, για να βοηθήσει στον Αγώνα.
 Για να καταπνίξει την επαναστατική δραστηριότητα, ο Χουρσίτ Πασάς έστειλε από τα Ιωάννινα τους πασάδες Κιοσέ Μεχμέτ και Ομέρ Βρυώνη. Τον πολυάριθμο οθωμανικό στρατό
 περίμεναν στην Ηράκλεια και στις γέφυρες του Γοργοποτάμου και της Αλαμάνας οι οπλαρχηγοί Πανουργιάς, Ιωάννης Δυοβουνιώτης και Αθανάσιος Διάκος. Στις 23 Απριλίου του 1821 οι
 Τούρκοι εκδίωξαν τους υπερασπιστές των δύο πρώτων θέσεων, τραυματίζοντας σοβαρά τον
 Πανουργιά και σκοτώνοντας τον συμπολεμιστή του Ησαΐα, επίσκοπο των Σαλώνων (Άμφισσα).
 Έπειτα ενωμένοι στράφηκαν εναντίον των υπερασπιστών της Αλαμάνας.
 Μετά από σκληρή μάχη, οι ελληνικές δυνάμεις οπισθοχώρησαν προς το όρος Καλλίδρομο, σε ύψωμα του οποίου βρισκόταν το επιτελείο του αρχηγού των αγωνιστών της Ανατολικής
 Στερεάς Ελλάδας, Αθανάσιου Διάκου. Παρόλο που ο Διάκος ειδοποιήθηκε να εγκαταλείψει τη
 θέση του, αυτός συνέχισε να πολεμά. Τραυματίστηκε όμως και πιάστηκε αιχμάλωτος. Εκτιμώντας την ανδρεία του ο Ομέρ Βρυώνης, του πρότεινε να του χαρίσει τη ζωή με αντάλλαγμα να
 προσχωρήσει στον στρατό του. Ο Διάκος αρνήθηκε και θανατώθηκε με φρικτό τρόπο.
 Η θυσία του νεαρού οπλαρχηγού έδειξε ότι η Επανάσταση του 1821 δεν ήταν μια απλή
 εξέγερση, αλλά αποφασιστικός αγώνας για την αποτίναξη του οθωμανικού ζυγού. Επιπλέον
 ενέπνευσε τους Έλληνες αγωνιστές, που πήραν εκδίκηση για τον θάνατο του αντιμετωπίζοντας
 με επιτυχία τους Οθωμανούς στο χάνι της Γραβιάς στις 8 Μαΐου του 1821.
",history,6,8,7.744325740005621,0.050072031405486,6,6.002354946393098,0.0022535022059246,4,3.994094630050313,0.0029152838933006,7,6.449265140641614,0.0683418277792524,5,4.879766889265738,0.082903183266214,3,3.0758595505186292,0.0215653006629117,8,7.152269349875319,0.0823382642895313,7.119198287496488,7,6.999696190823176,0.0003077123926225,7.998297262866572,3.0,14.9,54.11528822055138,0.001123187
716,716,42,43,"θρησκευτικά κέντρα, όπου μαζευόταν πλήθος κόσμου με την ευκαιρία διαφόρων τελετών.
 Στα ανάκτορα δηλαδή ζούσε, κυκλοφορούσε και εργαζόταν μεγάλος αριθμός αξιωματούχων,
 υπαλλήλων και τεχνιτών.
 Παράλληλα, υπήρχαν διάσπαρτες σε ολόκληρη την Κρήτη αγροικίες ή επαύλεις που
 συγκέντρωναν τη γεωργική και κτηνοτροφική παραγωγή της περιοχής τους και έλεγχαν τη
 διακίνηση των προϊόντων για λογαριασμό των ανακτόρων. Το πολιτικό, διοικητικό και οικονομικό
 σύστημα της μινωικής Κρήτης ήταν δηλαδή συγκεντρωτικό, με κέντρο τα ανάκτορα.
 Η ανάπτυξη του εμπορίου και η περίπλοκη διοικητική και κοινωνική οργάνωση οδήγησαν
 γύρω στο 1700 στη χρήση ενός συστήματος γραφής το οποίο αρχικά έμοιαζε με τα ιερογλυφικά,
 όπως αποδεικνύει ο δίσκος της Φαιστού. Λίγο αργότερα άρχισε να χρησιμοποιείται ένα νέο
 σύστημα γραφής, η Γραμμική Α. Η γραφή ήταν συλλαβική, δηλαδή κάθε σημείο αντιστοιχούσε
 σε μία συλλαβή, και υπήρξε το πρότυπο για την ανάπτυξη της μυκηναϊκής γραφής. Σημεία
 αυτής της γραφής έχουν βρεθεί κυρίως επάνω σε αγγεία ή χαραγμένα σε πινακίδες απογραφής
 εμπορευμάτων. Η γραφή όμως αυτή δεν έχει αποκρυπτογραφηθεί.
 Την εποχή των νέων ανακτόρων
 (1700-1450 π.Χ.) οι Μινωίτες
 κυριαρχούν με τα πλοία τους
 σε όλο το Αιγαίο. Η εμπορική
 δραστηριότητα που είχε ξεκινήσει
 από την προηγούμενη χιλιετία
 είναι τώρα πιο έντονη. Ιδιαίτερη
 ζήτηση σε όλο το Αιγαίο έχουν
 τα έργα της καλλιτεχνικής παραγωγής (μεταλλοτεχνία, λιθοτεχνία, κοσμηματοτεχνία). Μινωίτες έμποροι και ναυτικοί
 φαίνεται να απεικονίζονται σε
 αιγυπτιακούς τάφους προσφέροντας τέτοια έργα σε Αιγύπτιους
 αξιωματούχους με τους οποίους
",history,10,8,7.914996171284972,0.0240135892244402,8,7.98061877585666,0.0085651180284635,4,3.9902921509064413,0.0043898301881106,7,6.348767319274685,0.0784407512540736,5,4.856103120277112,0.0542587623180729,3,3.085095191146138,0.02337864769197,8,7.964669415490789,0.0123150276374066,7.468786964239371,7,6.956887332427868,0.0141938202326784,7.990281102662266,2.5,14.9,53.67668269230769,0.001087337
717,717,191,192,"τελετή. Συγχρόνως οργανώνει τη διδασκαλία των
 ελληνικών για 40.000 παιδιά της Περσίας.
 Ακόμη καλεί καλλιτέχνες από την Ελλάδα, όπως
 τον Λύσιππο και τον Απελλή, για να απαθανατίσουν
 με την τέχνη τους τη δόξα του. Οργανώνει στις πόλεις
 της Ασίας γυμναστικούς και μουσικούς αγώνες. Ο
 Αλέξανδρος εξακολουθεί να λατρεύει τους Έλληνες
 θεούς. Όμως κατανοεί την αξία της ανεξιθρησκίας
 και επιτρέπει στον καθένα να πιστεύει ό,τι θέλει.
 Όμως ο Αλέξανδρος είναι αρκετά ρεαλιστής για
 να κατανοεί ότι οι ανταλλαγές είναι η ασφαλέστερη
 εγγύηση για την ενοποίηση της αυτοκρατορίας.
 Ανταλλαγές ζωικών ή φυτικών προϊόντων ανάμεσα
 σε απομακρυσμένες περιοχές. Κυρίως ανταλλαγές
 ανθρώπων, τις οποίες διευκολύνουν οι δρόμοι, οι διώρυγες, τα λιμάνια, τα πλοία που συνεχώς
 κατασκευάζει ή επιδιορθώνει. Επιπλέον επιβάλλει στην αυτοκρατορία ένα κοινό νόμισμα. Τα
 μακεδονικά νομίσματα αντικαθιστούν σταδιακά στην Ασία τους δαρεικούς, τα βαριά περσικά
 νομίσματα.
 Δωδεκάμισι χρόνια βασιλείας. Ελάχιστα και όμως αρκετά για τον Αλέξανδρο για να επιφέρει
 ριζικούς νεωτερισμούς, οι οποίοι επηρέασαν την πορεία της ιστορίας. Θεμελιώνει ένα νέο
 συγκεντρωτικό πολίτευμα, διαδίδει τον ελληνικό τρόπο ζωής στην Αίγυπτο και την Ασία,
 εγκαινιάζει μια αντιρατσιστική πολιτική, αναγνωρίζοντας την ισότητα όλων των λαών. Κυρίως γι’
 αυτό το τελευταίο η ιστορία δίκαια τον ονόμασε «Μέγα».
",history,10,8,7.866663840318644,0.0317350149098097,7,6.969330636853442,0.0314584522592776,4,3.998131423861196,0.0011721579058196,7,7.000093339078234,0.0001767962438062,4,4.254663453250259,0.0521025586838748,4,3.9635819233858456,0.0133521902272396,8,7.846314073402308,0.0352642460134696,7.0474219678687575,7,7.037322334957821,0.0128150945607721,7.999279618493446,1.2,13.3,48.49895366218236,0.00094534
718,718,64,65,"Ο ελληνικός στρατός με αρχηγό τον βασιλιά της Σπάρτης Λεωνίδα κατευθύνθηκε
 προς τις Θερμοπύλες. Στο στενό αυτό πέρασμα 7.000 Έλληνες παρατάχθηκαν, για να
 εμποδίσουν τους Πέρσες. Ο Ξέρξης, όταν έφτασε στις Θερμοπύλες, ζήτησε από τους
 Έλληνες να παραδώσουν τα όπλα. Η απάντηση του Λεωνίδα ήταν: «Μολών λαβέ» (έλα
 να τα πάρεις). Κι η μάχη άρχισε.
 Οι Πέρσες δεν μπορούσαν στο στενό να πολεμήσουν πολλοί μαζί. Όσοι προσπαθούσαν να περάσουν έπεφταν νεκροί. Από τη δύσκολη αυτή θέση τούς έβγαλε ο Εφιάλτης.
 Ντόπιος, καθώς ήταν, ήξερε την περιοχή καλά. Οδήγησε τους Πέρσες από το άλλο μέρος
 του βουνού και τους έφερε πίσω από τους Έλληνες. Ο Λεωνίδας κατάλαβε ότι θα κυκλωθεί ο στρατός του. Είπε τότε σ’ όσους ήθελαν να φύγουν. Έμειναν 700 Θεσπιείς και 300
 Σπαρτιάτες. Οι Έλληνες αναγκάστηκαν να δώσουν τη μάχη σε δύο μέτωπα. Και σκοτώθηκαν όλοι. Ο θάνατός τους όμως έμεινε στην ιστορία ως απόδειξη μεγάλης φιλοπατρίας.
 Ο ποιητής Σιμωνίδης τιμώντας τη θυσία τους έγραψε το παρακάτω επίγραμμα: «Διαβάτη, πες στους Λακεδαιμονίους ότι εδώ είμαστε θαμμένοι, πιστοί στις εντολές τους».
 Ο ελληνικός στόλος φύλαγε το Αρτεμίσιο, στην Εύβοια, για να μην περάσουν οι Πέρσες νοτιότερα. Εκεί έγιναν κάποιες μικρές συγκρούσεις. Όταν όμως έφτασε η είδηση
 ότι οι Πέρσες πέρασαν τις Θερμοπύλες, έπλευσε προς τη Σαλαμίνα.
",history,4,6,6.048567494263068,0.0157430767582187,6,5.50385910467412,0.0721902324089287,3,3.0000638075593997,5.895577641356392e-05,4,4.469771304825628,0.0560100513515016,3,3.32391068530751,0.0557821950496276,3,3.000752495561187,0.0005697916008936,6,6.003010719746726,0.0016421041992683,7.996826545681245,5,5.032803065208782,0.0387624564955046,7.005813963332912,0.1,8.3,37.50325203252032,0.000776721
719,719,112,113,"παράθεμα 1 Η ανωτερότητα του Πελοπίδα
 Ο Πελοπίδας καταγόταν από μεγάλο σόι και μεγάλωσε μέσα
 στα πλούτη. Νέος ακόμη κληρονόμησε μεγάλη περιουσία  και
 αμέσως άρχισε να βοηθάει όσους είχαν ανάγκη και άξιζαν
 βοήθεια. Αυτό το έκανε για να φαίνεται πως εξουσιάζει πραγματικά τα χρήματά του και δεν τον εξουσιάζουν εκείνα. Όλοι
 λοιπόν οι γνωστοί του Πελοπίδα έβλεπαν ωφέλειες από την
 απλότητα και την καλοσύνη του. Ο μόνος από τους φίλους του
 που δεν ήθελε να ωφεληθεί κι εκείνος από τα πλούτη του ήταν
 ο Επαμεινώνδας. Ο Πελοπίδας συμμεριζόταν τη φτώχεια του
 Επαμεινώνδα, γι’ αυτό ντυνόταν απλά, έτρωγε λίγο και ήταν
 ακούραστος στους κόπους. Όλα αυτά τα έκανε ο Πελοπίδας,
 γιατί το θεωρούσε ντροπή να ξοδεύει για τον εαυτό του πιο
 πολλά χρήματα από τον πιο φτωχό Θηβαίο. Αργότερα έκανε
 πλούσιο γάμο και απόκτησε παιδιά. Συνέχισε και πάλι να μην
 ενδιαφέρεται για τα χρήματα και νοιαζόταν μόνο για το καλό
 της πόλης του, έτσι ελάττωσε την περιουσία του.
 Πλούταρχος, Πελοπίδας, 3 (διασκευή)
",history,4,6,6.270191980979163,0.0488139994528959,6,6.173899946905863,0.0443935584781747,3,3.0474256394204673,0.0153278008103327,4,4.321332021859689,0.0506427706376687,4,3.706440188349916,0.0577404190553327,3,2.995584579283161,0.003141543035218,6,6.000935190488235,0.000783785532564,7.991421715735839,5,4.94503599612699,0.0247865057529396,7.010949706957035,2.5,10.6,43.55555555555556,0.000973735
720,720,117,118,"γνώμην να αφοσιωθή ο Στρατός εις το επείγον έργον της ανασυντάκτήσει ισχυρή επιρροή στο στράτευξεως των στρατιωτικών δυνάμεων της χώρας και συγχρόνως έδωκα εις την Επανάστασιν
 μα και επιδίωξε την αξιοποίηση όλων
 την συμβουλήν να αξιώση και να επιβάλη την σύγκλησιν Αναθεωρητικής Βουλής...
 των αξιωματικών. Στο πλαίσιο αυτό,
 Φωναί: Όχι, όχι.
 επανέφερε στην ηγεσία του στρατού
 Έτεραι φωναί: Σιωπή, σιωπή.
 τον διάδοχο Κωνσταντίνο, επιλογή
 Βενιζέλος: ...Αναθεωρητικής Βουλής, ήτις θα προέβαινε εις την αναθεώρησιν των διατάπου προκάλεσε αντιδράσεις ανάμεσα
 ξεων εκείνων του Συντάγματος, την ανάγκην της μεταρρυθμίσεως των οποίων είχε καστους βενιζελικούς.
 ταδείξη η πείρα ημίσεος σχεδόν αιώνος [...]. Αλλά θα παραγνώριζε τις προφανή αλήθειαν,
 Όλες οι παραπάνω βενιζελικές ποεάν δεν ανεγνώριζεν ότι εύρυνσις του κύκλου των εργασιών της όπως αναθεωρηθώσι
 λιτικές πρωτοβουλίες συνδέονταν
 και άλλαι διατάξεις του Συντάγματος μη θίγουσαι ούτε την μορφήν της Πολιτείας, ούτε
 στενά με την εκτίμηση του Βενιζέλου
 την Εξουσίαν και το πρόσωπον του Βασιλέως, ούτε την τάξιν της Διαδοχής, ανταποκρίότι η Ελλάδα σύντομα θα έπρεπε να
 νεται προς ισχυράν αξίωσιν της Κοινής Γνώμης [...].
 πάρει μέρος σε πόλεμο για να επιτύΒίβλος Ελευθερίου Βενιζέλου, Αθήνα 1964, τόμ. Α´, σ. 364.
 χει τους εθνικούς της στόχους. Υπό
 αυτό το πρίσμα πρέπει να ερμηνευθούν η συμβιβαστική στάση του απέναντι στη μοναρχία, τα μέτρα που προώθησε υπέρ των ασθενέστερων κοινωνικών
 τάξεων και η στρατιωτική ανασυγκρότηση της χώρας.
 Οι εκλογές του Μαρτίου 1912 εξελίχθηκαν σε θρίαμβο του κόμματος των Φιλελευθέρων. Φάνηκε καθαρά ότι μεγάλο
 μέρος της ελληνικής κοινωνίας πίστευε ότι ο Βενιζέλος ήταν ο ηγέτης που μπορούσε να επιλύσει μεγάλα κοινωνικά και
 εθνικά ζητήματα. Παράλληλα, σημειώθηκε η ριζικότερη μέχρι τότε πολιτική ανανέωση με την εκλογή μεγάλου αριθμού
 νέων βουλευτών.
 ΑΣΚΗΣΗ
",history,12,8,8.013791594092652,0.0053249001835754,8,8.090315715740315,0.0255760621813122,4,4.2689335330916265,0.0467601720069297,7,7.000040695665457,4.468848379399395e-05,5,5.41407995368354,0.0935735495731838,4,4.346795222532819,0.052749683983101,8,8.080892259962638,0.0220416761309637,7.0007994178522495,7,7.005910496413378,0.0029113195622003,7.998670363516339,4.2,16.5,53.28608414239482,0.001056084
721,721,198,199,"Το κυριότερο όργανο αποφάσεων του ΟΗΕ είναι το
 Συμβούλιο Ασφαλείας, το οποίο αποτελείται από μόνιμα μέλη με δικαίωμα βέτο [ΗΠΑ, Σοβιετική Ένωση (σήμερα Ρωσία),
 Μ. Βρετανία, Γαλλία και Κίνα] και από μη μόνιμα μέλη που εκλέγονται από τη Γενική Συνέλευση. Άλλα σημαντικά όργανα
 του ΟΗΕ είναι η ετήσια Γενική Συνέλευση, στην οποία συμμετέχουν όλα τα κράτη-μέλη, και η Γενική Γραμματεία.
 Σκοποί του ΟΗΕ αποφασίστηκε να είναι η διαφύλαξη της ειρήνης, η προστασία των ανθρώπινων δικαιωμάτων, η εξασφάλιση ίσων δικαιωμάτων για όλους τους λαούς, η φροντίδα για τους πρόσφυγες, η προστασία του περιβάλλοντος. Ο ΟΗΕ,
 ωστόσο, έγινε από νωρίς πεδίο ανταγωνισμού των ισχυρών, κυρίως των ΗΠΑ και της Σοβιετικής Ένωσης. Σε ορισμένες περιπτώσεις (1947: ιταλο-γιουγκοσλαβική διένεξη για την Τεργέστη) πέτυχε τους στόχους του. Δεν ήταν λίγες, όμως, οι φορές
 που αποδείχθηκε αδύναμος να επιβάλει το διεθνές δίκαιο (1974: τουρκική εισβολή στην Κύπρο). Τέλος, σημαντικό υπήρξε και
 εξακολουθεί να είναι το έργο του ΟΗΕ στην παροχή ανθρωπιστικής βοήθειας και στη διάσωση της πολιτιστικής κληρονομιάς.
 ΑΣΚΗΣΕΙΣ – ΔΡΑΣΤΗΡΙΟΤΗΤΕΣ
 1. Αφού μελετήσετε την πηγή 2 και λάβετε υπόψη σας όλα όσα γνωρίζετε για τα Ηνωμένα Έθνη, να κάνετε άσκηση (σε
 σχήμα) άστρου θέτοντας στο κέντρο τον όρο «Οργανισμός Ηνωμένων Εθνών».
 2. Διαθεματική δραστηριότητα: Να διαβάσετε το βιβλίο του Πρίμο Λέβι Εάν αυτό είναι ο άνθρωπος, να δείτε την ταινία
 του Ρομπέρτο Μπενίνι Η ζωή είναι ωραία, να συγκεντρώσετε όποια άλλα στοιχεία κρίνετε εσείς ενδιαφέροντα για
 τα ναζιστικά στρατόπεδα συγκέντρωσης και στη συνέχεια να παρουσιάσετε το θέμα αυτό στην τάξη σας.
",history,12,7,7.426391436469771,0.0583294375274451,7,6.935071510033655,0.0259039421586071,4,3.924142801028374,0.0215652958765174,7,6.799437453273015,0.0430306949170636,4,4.130063760094345,0.0510894130241695,3,3.201862693321459,0.0404104694985681,7,7.13915760634211,0.0435458066743933,7.999288929800798,7,6.993633343652164,0.0030879234527846,7.999703176542425,4.9,15.8,50.88597842835131,0.001168242
722,722,133,134,"B Οι πηγές αφηγούνται...
 1. Στην κηδεία του ποιητή Κωστή Παλαμά, τον χειμώνα του 1943, πλήθος κόσμου έψαλλε τον εθνικό ύμνο και διαδήλωσε την οργή του ενάντια στους κατακτητές. Ο Άγγελος Σικελιανός απήγγειλε το παρακάτω ποίημα:
 «Ηχήστε οι σάλπιγγες... Καμπάνες βροντερές,
 δονήστε σύγκορμη τη χώρα πέρα ως πέρα...
 Βογκήστε τύμπανα πολέμου... Οι φοβερές
 σημαίες, ξεδιπλωθείτε στον αέρα!
 Σ’ αυτό το φέρετρο ακουμπά η Ελλάδα!
 Ένα βουνό με δάφνες αν υψώσουμε ως το Πήλιο κι
 ως την Όσσα,
 κι αν το πυργώσουμε ως τον έβδομο ουρανό,
 ποιόν κλεί, τι κι αν το πεί η δικιά μου γλώσσα;
 Μα εσύ Λαέ, που τη φτωχή σου τη μιλιά,
 Ήρωας την πήρε και την ύψωσε ως τ’ αστέρια,
 μεράσου τώρα τη θεϊκή φεγγοβολιά
 της τέλειας δόξας του, ανασήκωσ’ τον στα χέρια
 γιγάντιο φλάμπουρο κι απάνω από μας
 που τον υμνούμε με καρδιά αναμμένη,
 πες μ’ ένα μόνο ανασασμόν: «Ο Παλαμάς!»,
 ν’ αντιβογκήσει τ’ όνομά του η οικουμένη!
 Ηχήστε οι σάλπιγγες... Καμπάνες βροντερές,
 δονήστε σύγκορμη τη χώρα πέρα ως πέρα...
",history,6,8,7.999519500633411,0.000345377950532,4,5.684796375484439,0.1087375073193542,4,4.0002908262831625,0.0006634758466049,7,6.993812727416639,0.0030215134281144,3,3.28314389778825,0.0536662449917084,3,3.0598256970321733,0.0186482338377248,8,7.998896482603641,0.0007857611916094,7.006690982250689,7,6.999936828705245,0.0001123316360218,7.999564997860489,2.1,9.2,49.689655172413794,0.001248428
723,723,19,20,"Οι μετακινήσεις στον ελληνικό χώρο έφεραν πολλές αλλαγές στη
 ζωή των Ελλήνων. Πολλοί εγκατέλειψαν τα χωριά τους και άρχισαν να
 συγκεντρώνονται σε περιοχές όπου μπορούσαν να ζήσουν καλύτερα
 και με περισσότερη ασφάλεια. Έτσι δημιουργήθηκαν οι πόλεις-κράτη.
 Κέντρο της νέας πόλης ήταν η ακρόπολη, στο πιο ψηλό σημείο της
 περιοχής. Εκεί βρίσκονταν οι ναοί των θεών και τα δημόσια κτίρια.
 Γύρω από αυτή χτίστηκαν οι κατοικίες των ανθρώπων. Όλος αυτός
 ο χώρος προστατευόταν από ψηλά τείχη. Η ζωή στην πόλη έγινε καλύτερη και όλοι ένιωσαν περισσότερο ασφαλείς. Κάποιοι έμεναν στα
 χωριά καλλιεργώντας τη γη. Σιγά σιγά όμως ο πληθυσμός αυξήθηκε
 και η γη δεν έφτανε να τους θρέψει όλους.
",history,4,6,5.707896314910272,0.0495502091233117,6,5.998270721770325,0.0008625991989796,3,2.9997041954233623,0.0002170553917473,4,4.028298687608526,0.011263650653025,3,3.0105027433139924,0.0272730184595529,3,2.99999557387423,6.732661918359276e-06,6,5.997829958509101,0.0016104626925547,7.998967464748063,4,4.469916099185156,0.0561680550145866,7.020314040015364,0.4,8.8,36.06694214876033,0.000766862
724,724,38,39,"Ματιά στο παρελθόν
 Ο Κοραής γράφει για τον Βολταίρο
 Ο Αδαμάντιος Κοραής βρισκόταν στο Παρίσι όταν ξέσπασε η Γαλλική Επανάσταση. Σε μια από τις επιστολές του, με αφορμή την μετακομιδή (σημ. μεταφορά)
 των λειψάνων του Βολταίρου στη γαλλική πρωτεύουσα τον Ιούλιο του 1791, ο
 Έλληνας Διαφωτιστής έγραψε: «Δεν με εξέπληξε, φίλε μου, ούτε η μεγαλοπρέπεια
 της κηδείας. Ούτε ο χρυσός και ο άργυρος, ο οποίος άστραφτε από όλα τα μέρη,
 θάμπωσε τα μάτια μου. Αλλ’ όταν είδα να περιφέρουν τα βιβλία του θριαμβευτικά
 και να είναι περικυκλωμένα από πλήθος ακαδημαϊκών, τότε ήθελα να σε έχω κοντά μου μάρτυρα και της αγανάκτησής μου και των δακρύων μου, δακρύων, φίλε
 μου, αληθινών, δακρύων απαρηγόρητων, τα οποία μ’ έκανε να χύσω η ανάμνηση
 ότι έτσι και οι πρόγονοί μου, οι αμίμητοι Έλληνες, ήξεραν να τιμούν τη σοφία».
 (Απόδοση στα νέα ελληνικά)
",history,6,7,7.086548824029574,0.0340752554058303,6,6.025646958544613,0.015552391594678,4,3.9975291659611685,0.0013922325775438,6,5.570983380940902,0.0636089740604997,3,3.4578011804078415,0.0602932807600886,3,3.1824500086264607,0.0381613188729596,7,6.620638246787394,0.0610342146017038,7.997524830387846,6,6.208726072221168,0.0852385416400224,7.132955107984344,5.2,13.8,51.16064257028113,0.001127547
725,725,62,63,"Τα χρυσά κύπελλα
 του Βαφειού (15ος
 αιώνας π.Χ.). Βρέθηκαν
 στον θολωτό τάφο του
 Βαφειού, στη Λακωνία.
 Διακοσμούνταν με
 ανάγλυφες σκηνές
 εξημέρωσης ταύρων
 μέσα σε φυσικό τοπίο
 και μάλλον είναι έργα
 τεχνιτών από την
 Κρήτη. (Αθήνα, Εθνικό
 Αρχαιολογικό Μουσείο)
",history,10,5,5.363802439007372,0.0604754030641807,4,4.000251624527721,0.0005379912457182,3,2.994089192341221,0.0029092326942743,4,4.17364552504813,0.0384258413485654,3,3.1016589872817804,0.0368111177180371,3,2.9997739084956265,0.0001781115300094,5,5.198936423272471,0.0419903577511941,7.932452771025822,7,6.807439356454779,0.0396454959914521,7.997066439667833,-0.2,10.4,32.248979591836736,0.000827389
726,726,54,55,"ΑΡΧΑΪΚΑ ΧΡΟΝΙΑ
 Στα αρχαϊκά χρόνια δημιουργήθηκαν οι πόλεις-κράτη. Οι Έλληνες
 ίδρυσαν πολλές αποικίες στα παράλια της Μεσογείου και του Εύξεινου Πόντου. Παρά το γεγονός ότι οι Έλληνες ζούσαν διασκορπισμένοι σε πολλά μέρη, είχαν συνείδηση της κοινής τους καταγωγής και
 με διάφορες εκδηλώσεις (Ολυμπιακοί αγώνες, ίδρυση Αμφικτιονιών
 κ.ά.) διατηρούσαν μεταξύ τους δεσμούς. Η τέχνη γνώρισε αξιόλογη
 ανάπτυξη. Στην αρχιτεκτονική κυριάρχησαν ο δωρικός και ο ιωνικός
 ρυθμός, στη γλυπτική οι κούροι και οι κόρες και στην αγγειοπλαστική ο μελανόμορφος και ο ερυθρόμορφος ρυθμός. Στον τομέα των
 γραμμάτων αναπτύχθηκαν η διδακτική και η λυρική ποίηση ενώ,
 παράλληλα, γεννήθηκαν η Φιλοσοφία και η Ιστορία. Στα χρόνια αυτά
 ξεχώρισαν δύο πόλεις, η Σπάρτη και η Αθήνα, οι οποίες πρωταγωνίστησαν για αιώνες στις εξελίξεις στον ελληνικό χώρο.
",history,4,6,6.378709432776162,0.0536793644985551,6,5.959276000739521,0.0191523344949082,3,3.005911050909873,0.0029091716677467,4,4.184073840253262,0.0387878674629797,3,3.4603178216593733,0.0608138872981041,3,3.00019722564293,0.0001616545040537,6,6.000109359637008,9.60305044251508e-05,7.996826914107032,5,5.085321980973049,0.049582134373464,7.0033606554789,2.1,13.5,47.5,0.000963599
727,727,171,172,"Έτσι, όταν ο Τιρίβαζος παρήγγειλε να παρουσιαστούν όσοι ήθελαν να ακούσουν τους όρους
 της ειρήνης που στέλνει ο βασιλιάς, όλοι παρουσιάστηκαν αμέσως. Αφού συγκεντρώθηκαν,
 ο Τιρίβαζος τους έδειξε τις σφραγίδες του βασιλιά και διάβασε όσα ήταν γραμμένα. Το
 περιεχόμενο ήταν το εξής: «ο βασιλιάς Αρταξέρξης νομίζει ότι είναι δίκαιο οι πόλεις της
 Ασίας να ανήκουν σ’ εκείνον και από τα νησιά οι Κλαζομενές και η Κύπρος. Οι άλλες
 ελληνικές πόλεις, μεγάλες και μικρές, να είναι αυτόνομες, εκτός από τη Λήμνο, την Ίμβρο
 και τη Σκύρο. Τούτες να ανήκουν στους Αθηναίους, όπως και παλιά. Όποιοι δε δεχτούν
 την ειρήνη αυτή, εγώ θα τους πολεμήσω μαζί με κείνους που τη δέχονται και κατά ξηρά
 και κατά θάλασσα με πλοία και με χρήματα.»
 Ξενοφών, Ελληνικά, Ε, Ι, 30-31 (Μετ. Α. Παπαγεωργίου)
",history,10,7,7.13207252757385,0.031971120562304,7,7.083296933961719,0.0399137446750405,4,3.893310111858341,0.0272670354666458,5,5.1250362035941635,0.0519846650052389,4,3.906783677637577,0.0478473392548817,4,3.817744832269682,0.0382599784259976,7,7.088888931150393,0.0334550655406718,7.97700860376699,7,6.692063866831546,0.0561456451163538,7.994730994461861,3.3,11.6,41.93589743589743,0.000993305
728,728,189,190,"Η εκστρατεία του Αλέξανδρου δημιουργεί ένα εκτεταμένο
 κράτος από την Αδριατική έως τον Ινδό ποταμό και από
 την Κασπία έως την Αίγυπτο. Αυτό περιλάμβανε
 ένα πλήθος λαών με διαφορετικές γλώσσες,
 θρησκείες, νοοτροπίες και παραδόσεις.
 Ο Αλέξανδρος κατανόησε ότι, για να
 κυβερνηθεί αυτό το κράτος, έπρεπε να
 εφαρμοστεί μια πολιτική που θα γινόταν
 αποδεκτή από τους λαούς.
 Η αρχή της νέας πολιτικής γίνεται από
 τον στρατό. Εντάσσονται σ’ αυτόν νεαροί
 Πέρσες, αφού πρώτα εκπαιδεύονταν στη
 μακεδονική πολεμική τακτική και στα ελληνικά
 γράμματα. Διατηρείται η διοικητική διαίρεση της
 περσικής αυτοκρατορίας, υιοθετούνται ορισμένα από τα
 έθιμα της περσικής αυλής και ενθαρρύνονται οι μεικτοί γάμοι, ένα μέσο για τη συμφιλίωση
 Ελλήνων και Περσών. Όλη αυτή η συμπεριφορά έδειχνε ότι ο Αλέξανδρος επιθυμούσε να
 συμπεριφερθεί προς όλους τους κατοίκους του κράτους του όχι ως κατακτητής αλλά ως αγαθός
 ηγεμόνας.
 Όμως η μεγαλύτερη προσφορά του Αλέξανδρου στον πολιτισμό είναι οι πόλεις που ίδρυσε
 στα κατακτημένα εδάφη. Στις νέες Αλεξάνδρειες εγκαταστάθηκαν αρχικά Έλληνες στρατιώτες.
 Γρήγορα όμως έγιναν πόλος έλξης και για πολλούς άλλους Έλληνες από την Ελλάδα και τη
 Μικρά Ασία. Οι πόλεις αυτές, με το πέρασμα του χρόνου, μεταβλήθηκαν σε οικονομικές και
 πολιτιστικές κυψέλες του ελληνισμού, όπου άνθισαν η ελληνική παιδεία και γλώσσα καθώς
 και ο ελληνικός τρόπος ζωής. Για πρώτη φορά ο ελληνικός πολιτισμός απλώνεται στα βάθη της
 Ανατολής και ο απόηχος της κληρονομιάς που άφησε ο Αλέξανδρος στις περιοχές αυτές κρατά
",history,10,7,7.177990721152458,0.0400092523874152,7,6.566033924350606,0.0570190472073265,4,3.999770834239598,0.000175000710241,7,6.487264226522143,0.0743751017587433,4,4.128612400517341,0.0416141710891673,3,3.2227029083205707,0.042589963727555,7,7.447578196355877,0.065893084510263,7.999194351565734,7,6.997283751903524,0.0014958924169039,7.997186484439226,3.6,14.5,52.47690763052209,0.00107203
729,729,77,78,"μητρόπολη (μητέρα-πόλη) ήταν πάντοτε στενοί και η σύγκρουση ανάμεσά τους ήταν αδιανόητη.
 Και αν αυτό συνέβαινε καμιά φορά, όλοι το κατέκριναν.
 Ο χώρος της Μεσογείου και του Εύξεινου πόντου πλημμύρισε από εγκαταστάσεις των
 Ελλήνων. Ιδιαίτερη προτίμηση έδειξαν οι Έλληνες στην Κάτω Ιταλία, όπου το πλήθος των
 αποικιών συνετέλεσε ώστε ο χώρος αυτός να ονομαστεί Μεγάλη Ελλάδα.
 Ο αποικισμός έφερε πολλές αλλαγές στη ζωή όλων των ανθρώπων. Η επαφή με άλλους
 λαούς διεύρυνε τον πνευματικό ορίζοντα. Η ζωή άλλαξε. Τα μέταλλα κάλυψαν τη ζήτηση,
 γεγονός που οδήγησε στη δημιουργία πολλών επαγγελμάτων. Η ανάπτυξη της αγγειοπλαστικής
 έδωσε την ευκαιρία σε πολλούς ζωγράφους να αξιοποιήσουν το ταλέντο τους.
 Μέχρι τότε οι έμποροι («οἱ ἐν πορείᾳ») μετακινούνταν από τόπο σε τόπο και πουλούσαν
 τα εμπορεύματά τους. Η ευρεία κατανάλωση, καθώς και η αύξηση των αγορών οδήγησαν στη
 δημιουργία χώρων, όπου η διάθεση των προϊόντων θα ήταν συνεχής.
 Παράλληλα λοιπόν με τους εμπόρους αναπτύχθηκαν και οι κάπηλοι, δηλαδή οι μικρέμποροι,
 οι λιανοπωλητές.
",history,10,7,7.220040004544451,0.0437409192526853,6,6.219747284930037,0.0450754856505429,4,3.651354825872474,0.0519243277183694,5,5.095871291209846,0.0500566862252778,4,4.129515910185546,0.046906980293687,3,3.0075726912402274,0.003583340094913,7,6.984618609152562,0.0585314616591434,7.996824860187729,7,6.559483163272091,0.0680493982315306,7.995346528172377,1.3,11.4,44.68115942028986,0.000899141
730,730,180,181,"Λάρνακα με το
 άστρο, σύμβολο της
 μακεδονικής
 δυναστείας
 βρέθηκε στον
 μεγάλο τάφο της
 Βεργίνας
 (Βεργίνα,
 Αρχαιολογικό
 Μουσείο).
",history,10,7,6.068193085972212,0.0779073363248425,4,4.000077081091774,4.944023752558424e-05,3,2.9241403237442682,0.0215664350383669,7,6.82663338784505,0.0354085414432058,4,4.123580093662895,0.0529932683767292,3,2.9770267663990637,0.0087906266039207,7,6.633691111550206,0.0960862151383926,7.998967221552618,7,6.971012727349375,0.0100121910181434,7.998635702668253,2.8,17.5,62.90909090909091,0.001223503
731,731,170,171,"Ο Αγησίλαος διά ξηράς επανέρχεται στην Ελλάδα και νικά τον στρατό του αντισπαρτιατικού
 συνασπισμού στην Κορώνεια (394 π.Χ.). Οι Σπαρτιάτες διατηρούν την ηγεμονία τους στην
 ηπειρωτική Ελλάδα, όμως η κυριαρχία τους στο Αιγαίο και στις μικρασιατικές ακτές είχε χαθεί
 οριστικά. Ο Αθηναίος στρατηγός Κόνων ναυπηγεί, με περσικά χρήματα, πλοία και συντρίβει
 τον σπαρτιατικό στόλο στην Κνίδο (394 π.Χ.). Μετά τη ναυμαχία επιστρέφει στην Αθήνα και
 ανοικοδομεί, πάλι με περσικά χρήματα, τα τείχη των Αθηνών. Νέοι αντισπαρτιακοί συνασπισμοί
 σχηματίζονται και πολεμικές επιχειρήσεις, διεξάγονται μέχρι το 386 π.Χ.
 Όλες οι ελληνικές πόλεις, εξουθενωμένες από τους συνεχείς πολέμους, ποθούσαν την ειρήνη.
 Την τάση αυτή εκμεταλλεύεται η Σπάρτη για να αποκτήσει πάλι την εύνοια των Περσών. Ο
 Σπαρτιάτης Ανταλκίδας πείθει τον βασιλιά Αρταξέρξη να προτείνει ένα σχέδιο ειρήνης (386
 π.Χ.) το οποίο, αν γινόταν δεκτό, θα έθετε τέρμα στους μακροχρόνιους πολέμους. Ο Ξενοφών
",history,10,8,7.904474087298638,0.0256805850673993,7,6.821549062253553,0.0409969463952936,4,3.998500950920061,0.0009068061126094,7,6.9986486084399075,0.0006441184713533,4,4.589811691774457,0.0764271965299636,3,3.0075756772704665,0.0035797006403276,8,7.486751507672331,0.0645073850618241,7.03308071473748,7,6.999907060351688,0.0001681355998172,7.970478032439132,2.2,13.9,41.81372549019608,0.001000352
732,732,36,37,"Μαρμάρινο ειδώλιο
 γυναίκας. Τέτοια
 ειδώλια βρέθηκαν σε
 τάφους. Το μικρό
 πάχος και η στάση
 των άκρων ποδιών
 τους δείχνει ότι δεν
 μπορούσαν να
 σταθούν όρθια.
 Είναι αβέβαιο, αν
 παριστάνουν θεά που
 έχει σχέση με τον
 θάνατο.
 (Αθήνα, Εθνικό
 Αρχαιολογικό
 Μουσείο)
 Τέχνη
",history,10,7,6.898749462851981,0.0322174810646411,4,4.021284070200636,0.0071063135862913,3,2.9992912860241177,0.000471332590299,6,6.104426332505682,0.0893447797592344,3,3.1054745601619516,0.0354833958640651,3,2.998691758204643,0.0008275381874573,6,6.106780880282287,0.041026947514927,7.904650158679317,5,5.6335361024480335,0.0863659385322816,7.022712158446666,-0.7,8.2,34.289795918367346,0.000723429
733,733,162,163,"λελευθερισμός (ελεύθερος οικονομικός ανταγωνισμός, απουσία κρατικής παρέμβασης, ελεύθερη διαμόρφωση τιμών και
 αμοιβών) φαινόταν ανίκανος να προσφέρει θεραπεία, όλο και πιο πολλοί πίστευαν ότι το κράτος θα έπρεπε να επέμβει.
 Ο Φραγκλίνος Ρούζβελτ, πρόεδρος των ΗΠΑ από το 1933, υιοθετούσε την παραπάνω άποψη και έλαβε μια σειρά μέτρων για την ανακούφιση από την κρίση που έγιναν γνωστά ως new deal (νιου ντιλ). Ο Ρούζβελτ πίστευε, υιοθετώντας
 θέσεις του Άγγλου οικονομολόγου Τζον Μέιναρντ Κέινς (1883 - 1946), ότι το κράτος θα έπρεπε να παρεμβαίνει στην οικονομία κάνοντας μεγάλες επενδύσεις. Έτσι οι άνεργοι θα έβρισκαν δουλειά, με τα εισοδήματά τους θα αγόραζαν προϊόντα και θα αναθερμαινόταν συνολικά η οικονομία. Πράγματι, αυτή η πολιτική, που υλοποιήθηκε κυρίως με την ανάθεση
 μεγάλων δημόσιων έργων από την αμερικανική κυβέρνηση σε ιδιωτικές επιχειρήσεις, έφερε αποτελέσματα και η οικονομική κατάσταση
 ΓΙΑ ΜΙΑ ΑΛΛΗ ΜΑΤΙΑ
 στις ΗΠΑ άρχισε, από το 1934, να βελτιώνεται.
 ΣΤΟ ΠΑΡΕΛΘΟΝ…
 Σύντομα η πολιτική του new deal βρήκε υποστηρικτές και στην Ευ...διαβάστε
 ρώπη. Το κράτος έπαψε να εποπτεύει απλώς την τήρηση των κανόνων
 0 Τζον Στάινμπεκ,
 του οικονομικού παιχνιδιού, όπως υπαγόρευε έως τότε ο φιλελευθεριΤα σταφύλια της οργής (1939)
 σμός, και ανέλαβε ρόλο ρυθμιστή της οικονομικής ζωής. Έτσι, στην ΕυΗ οικονομική και κοινωνική κρίση που
 ρώπη των αρχών της δεκαετίας του 1930 κυριαρχούσε πλέον όχι η αμιέπληξε τις ΗΠΑ τη δεκαετία του 1930 σε
 γώς φιλελεύθερη αλλά η, ως ένα βαθμό, «διευθυνόμενη οικονομία».
 ένα από τα κορυφαία έργα της παγκόΙδιαίτερες περιπτώσεις, ανάμεσα στις χώρες του δυτικού κόσμου,
 σμιας λογοτεχνίας.
 υπήρξαν η Ιταλία και η Γερμανία. Μετά την επικράτηση του φασισμού
 ...δείτε κινηματογραφική ταινία
 στην πρώτη και του ναζισμού στη δεύτερη (βλέπε ενότητα 42), οι κυ0 Τζον Φορντ,
 βερνήσεις των κρατών αυτών ακολούθησαν ακραία πολιτική αυτάρΤα σταφύλια της οργής (1940)
 κειας προκειμένου να αντιμετωπίσει την κρίση. Μάλιστα, η πολιτική
 Κινηματογραφική μεταφορά του ομότιταυτή συνοδευόταν από μια επιθετική εθνικιστική ρητορεία που εξυλου μυθιστορήματος.
 πηρετούσε και πολιτικούς στόχους αυτών των καθεστώτων. (Έτσι, για
 παράδειγμα, σύμφωνα με την προπαγάνδα των ναζί, κύριοι υπεύθυνοι για την οικονομική κρίση ήταν οι Εβραίοι).
 ΑΣΚΗΣΕΙΣ – ΔΡΑΣΤΗΡΙΟΤΗΤΕΣ
",history,12,8,7.918554858771813,0.0255316707671387,7,7.028827685125236,0.0109539829061393,4,4.0001018795665,9.58191645491339e-05,7,6.988153591068567,0.0051606478826982,5,5.29445307764945,0.0749248909429625,4,3.6514184261761784,0.0519654763503873,8,7.850349755539355,0.0351120554262931,7.182422082162191,7,6.996552330914255,0.0018391958020392,7.9992896854100195,4.8,17.1,57.472573839662445,0.001191906
734,734,105,106,"Η Μίλητος υπήρξε μία από τις παλαιότερες και σπουδαιότερες πόλεις της Ιωνίας, χτισμένη
 στις εκβολές του ποταμού Μαιάνδρου. Κατά τους αρχαίους χρόνους ήταν παραλιακή
 και διέθετε τέσσερα λιμάνια, ενώ σήμερα απέχει 9 χιλιόμετρα από τη θάλασσα, λόγω των
 προσχώσεων του ποταμού. Η παράδοση αναφέρει ότι στο β΄ μισό του 11ου αιώνα π.Χ. η
 πόλη αποικίστηκε από Ίωνες με αρχηγό τον Νηλέα, γιο του Κόδρου, στοιχείο που ενισχύεται
 από την εύρεση γεωμετρικού οικισμού. Η πόλη γνώρισε μεγάλη πνευματική και οικονομική
 άνθηση_ από εκεί κατάγονταν μεγάλες μορφές της αρχαίας ελληνικής διανόησης, όπως ο
 Θαλής, ο Αναξίμανδρος, ο Αναξιμένης, ο Εκαταίος κ.ά. Στα τέλη του 7ου αιώνα π.Χ. εισήγαγε
 την κοπή νομίσματος από ήλεκτρο και ίδρυσε αποικίες, από τις οποίες σπουδαιότερες ήταν η
 Ναύκρατη στην Αίγυπτο, η Άβυδος και η Κύζικος στην Προποντίδα, η Αμισός, η Σινώπη, η
 Τραπεζούντα, ο Ολβία και η Απολλωνία στον Εύξεινο πόντο. Η Μίλητος πρωτοστάτησε στην
 Ιωνική επανάσταση, που καταπνίγηκε με τη ναυμαχία της Λάδης (494 π.Χ.) και μετά την
 οποία η πόλη ισοπεδώθηκε από τους Πέρσες. Μετά τη ναυμαχία της Μυκάλης (479 π.Χ.)
 άρχισε η ανοικοδόμησή της με αφετηρία το ιερό του Απόλλωνα και τον ναό της Αθηνάς. 
 						 Εγκυκλοπαίδεια Πάπυρος-Λαρούς-Μπριτάνικα
",history,10,8,7.851498562232336,0.033861547685583,7,6.880311424916044,0.0542895244744041,4,3.9998444201828534,0.0001615654322468,7,6.999801829906744,0.0001589709260695,4,4.418951491402822,0.0647705984585819,3,3.0203337911209474,0.0079783467684869,7,7.324834391652551,0.0642404813550412,7.994776825031806,7,7.0040234900256735,0.0021663970087888,7.998662750836104,3.0,12.6,45.96631205673759,0.000936702
735,735,65,66,"ΕΝΟΤΗΤΑ 14
 Οι ενοποιήσεις της Ιταλίας και της Γερμανίας.
 Νέα εθνικά κράτη στα Βαλκάνια
 Ο κυρίαρχος ρόλος των εθνικών ιδεών στην Ευρώπη του 19ου αιώνα εκφράστηκε με τον πιο χαρακτηριστικό, ίσως,
 τρόπο στις διαδικασίες ενοποίησης της Ιταλίας και της Γερμανίας, καθώς και στην ίδρυση νέων εθνικών κρατών στα
 Βαλκάνια.
 Η ενοποίηση της Ιταλίας (1861-1870) Κατά το μεγαλύτερο μέρος του 19ου αιώνα, στην ιταλική χερσόνησο υπήρχαν
 πολλά διαφορετικά κράτη. Από αυτά, το μοναδικό στο οποίο βασίλευε Ιταλός μονάρχης ήταν το βασίλειο του Πεδεμοντίου (σημερινή ΒΔ Ιταλία) και της Σαρδηνίας. Σε αυτό βασίστηκε, σε μεγάλο βαθμό, και η προσπάθεια ενοποίησης.
 Πρωτεργάτες υπήρξαν ο βασιλιάς Βίκτωρ Εμμανουήλ Β´ και ο μετριοπαθής φιλελεύθερος πρωθυπουργός Καμίλο Καβούρ. Παράλληλα, ο πολιτικός Τζουζέπε Ματσίνι ίδρυσε το κίνημα Νέα
 Ιταλία με στόχο τη δημιουργία ενός ενιαίου και δημοκρατικού ιταλικού
 1. Τα ρεύματα του ιταλικού εθνικού κινήκράτους. Στα 1859-1860 το Πεδεμόντιο απέσπασε από την Αυστρία πεματος
 ριοχές της βόρειας Ιταλίας, ενώ ο Ιταλός επαναστάτης Τζουζέπε ΓκαΚατά τους οπαδούς του αβά Τζιομπέρτι, η
 ενότητα θα έπρεπε να πάρει μορφή μιας ομοριμπάλντι κήρυξε την επανάσταση στη νότια Ιταλία και την ένωση αυσπονδίας υπό την προεδρία του Πάπα. [...]
 τών των περιοχών με το Πεδεμόντιο. Έτσι, το 1861 σχηματίστηκε το
 Ένα δεύτερο ρεύμα, φιλελεύθερης έμπνευενιαίο βασίλειο της Ιταλίας, που ως το 1870 είχε λάβει την εδαφική
 σης, έχει ως εισηγητές τον Μάσιμο ντ’ Ατζέλιο
 μορφή που έχει σήμερα η Ιταλία.
 και μια μικρή ομάδα συγκεντρωμένη γύρω από
 την εφημερίδα Il Risorgimento, που ιδρύθηκε
 από τον Καβούρ στο Τορίνο το 1847. Ανταποκρίνεται στις επιθυμίες της βιομηχανικής και
 εμπορικής αστικής τάξης του βορρά και βλέπει
 σε μια Ιταλία ενωμένη υπό συνταγματική μοναρχία το μέσο για την ικανοποίηση τόσο των
 πατριωτικών αισθημάτων όσο και των οικονομικών συμφερόντων της. [...]
 Τέλος, ένα ρεύμα δημοκρατικών ενσαρκώνεται στο ιδεολογικό και «ρομαντικό» σχέδιο του
 Ματσίνι και των νέων επαναστατών που συσπειρώνονται στους κόλπους του κινήματος «Νέα
 Ιταλία». Βρίσκουν αρκετά μεγάλο ακροατήριο
",history,12,8,7.980576917435599,0.0080406398957377,7,6.968866617172353,0.0185684518239072,4,3.9995726314311923,0.000305837621795,7,6.9421342612581185,0.0179507724225726,4,4.337126979325149,0.0751541688039512,3,3.0229860001036286,0.0087954070152535,8,7.739090903355347,0.0469540401226971,7.014056579788303,7,6.995036683227681,0.0025084212300405,7.962647298263619,4.3,15.8,53.44444444444444,0.001091588
736,736,68,69,"αθώς διέθεταν κυρίως εμπορικά πλοία, οι Έλληνες καπετάνιοι αντιμετώπιζαν τα μεγαλύτερα σε όγκο τουρκικά και αιγυπτιακά πολεμικά με τα πυρπολικά ή μπουρλότα.
 Επρόκειτο για μικρά σκάφη, γεμάτα με εκρηκτικά υλικά, που τα άναβαν και στη συνέχεια τα
 έσπρωχναν προς τα εχθρικά καράβια για να τα κάψουν.
 Κατά την Επανάσταση του 1821, οι Έλληνες ναυτικοί τελειοποίησαν την κατασκευή
 των πυρπολικών και τα επάνδρωσαν με ριψοκίνδυνους εθελοντές, τους μπουρλοτιέρηδες.
 Στην αρχή το πυρπολικό πλησίαζε αθόρυβα το εχθρικό πλοίο τη νύχτα και το εμβόλιζε ή
 προσδενόταν επάνω του με γάντζους. Κατόπιν οι μπουρλοτιέρηδες το εγκατέλειπαν, ενώ ο
 κυβερνήτης έφευγε τελευταίος ανάβοντας το φιτίλι με δαυλό.
 Αργότερα τα πυρπολικά χρησιμοποιήθηκαν και κατά τη διάρκεια της ημέρας σε ναυμαχίες. Συνήθως προπορεύονταν από τον υπόλοιπο στόλο, επέλεγαν το στόχο τους και πραγματοποιούσαν επιθέσεις με ελιγμούς. Η εμφάνισή τους προκαλούσε τρόμο στα εχθρικά
 καράβια. Από τις 59 συνολικά επιχειρήσεις πυρπόλησης, οι 39 είχαν επιτυχία.
 Πρώτος χρησιμοποίησε πυρπολικό ο Ψαριανός Δημήτριος Παπανικολής, το Μάιο του
 1821 στη ναυμαχία της Ερεσσού. Γνωστότερος όμως για τη δράση του έγινε ο Κωνσταντίνος
 Κανάρης από τα Ψαρά.
 Όταν άρχισε η Επανάσταση, ο Κανάρης εγκατέλειψε το εμπορικό ναυτικό, όπου ήταν
 πλοίαρχος και πήρε μέρος σε καταδρομές εναντίον των Τούρκων. Τον Ιούνιο του 1822
 ανατίναξε με το πυρπολικό του στο λιμάνι της κατεστραμμένης Χίου τη ναυαρχίδα του τουρκικού στόλου, στην οποία βρήκαν το θάνατο ο αρχιναύαρχος Καρά Αλής με περίπου 2.000
 Οθωμανούς ναύτες και στρατιώτες που γιόρταζαν το Μπαϊράμι, τη μεγαλύτερη θρησκευτική
 γιορτή των Μουσουλμάνων. Ήταν η εκδίκηση των Ελλήνων για την καταστροφή της Χίου
 λίγους μήνες νωρίτερα.
 Τον Οκτώβριο του ίδιου χρόνου ο Κανάρης πυρπόλησε στην Τένεδο την αντιναυαρχίδα
 του νέου Τούρκου ναυάρχου, με αποτέλεσμα ο οθωμανικός στόλος να κλειστεί στην έδρα
 του στα Δαρδανέλια. Το 1824 ο Κανάρης κατέστρεψε δύο ακόμη τουρκικά πολεμικά πλοία
 στη Σάμο και στη Μυτιλήνη, ενώ το 1826 τραυματίστηκε σε επίθεση εναντίον μιας τουρκικής
 φρεγάτας και κινδύνεψε να αιχμαλωτιστεί.
 Ο Κανάρης είχε προτείνει, τον Αύγουστο του 1825, οι Έλληνες να πυρπολήσουν τον
 αιγυπτιακό στόλο μέσα στη βάση του, στο λιμάνι της Αλεξάνδρειας. Σύμφωνα με το σχέδιο
",history,6,8,7.622821471532216,0.0619101965592181,6,6.008690113809236,0.0073423360751842,4,3.9988356452849985,0.0007336887363543,5,5.267728700831498,0.0508921417820366,4,3.5790431117890193,0.059809165692412,3,3.0001506250155217,0.0001322367542741,8,7.20085807265891,0.0857535480966768,7.679176182260335,7,6.5191862582362035,0.071114973710059,7.995925346170452,3.2,14.1,54.77047959487638,0.00112475
737,737,14,15,"M Γλωσσάρι
 Οθωμανοί Τούρκοι: Οι Τούρκοι που συσπειρώθηκαν γύρω από τον Τούρκο πολέμαρχο Οθμάν (Οσμάν), ο
 οποίος συγκρότησε το ισχυρότερο τουρκικό κράτος, που ονομάστηκε Οθωμανική Αυτοκρατορία.
 Ιόνια Νησιά: Τα νησιά του Ιονίου Πελάγους, τα Επτάνησα.
 Δημογραφικές μεταβολές: Οι αλλαγές που σχετίζονται με την αριθμητική σύνθεση του πληθυσμού.
 Λόγιος: Αυτός που ασχολείται με τα γράμματα και τις τέχνες· οι συγγραφείς και οι δάσκαλοι.
 Παιδομάζωμα: Υποχρεωτική στρατολόγηση από τις οθωμανικές αρχές νεαρών αγοριών χριστιανικών οικογενειών, με σκοπό την επάνδρωση του σώματος των Γενιτσάρων και του ανώτατου διοικητικού μηχανισμού της
 αυτοκρατορίας. Ο θεσμός παρήκμασε από τις αρχές του 18ου αιώνα.
 Έλληνες της Διασποράς: Οι Έλληνες που ζούσαν έξω από τα σύνορα της Οθωμανικής Αυτοκρατορίας.
 Βένετοι: Οι πολίτες της Βενετίας, παραθαλάσσιας πόλης της Βόρειας Ιταλίας και μεγάλης ναυτικής δύναμης.
 Η Βενετία από τον Μεσαίωνα μέχρι και το 1797 αποτελούσε ανεξάρτητο κράτος ιδιαίτερα ισχυρό, κυρίως χάρη
 στην εμπορική της δραστηριότητα στην Ανατολή. Για τον λόγο αυτό, ήρθε συχνά σε σύγκρουση με την Οθωμανική Αυτοκρατορία.
",history,6,8,7.981853022284612,0.0073077035207414,6,6.021401146976739,0.009903077979898,3,3.001168430628873,0.0007293539832057,5,5.454042347157156,0.0925992311442484,4,3.7337014266049664,0.0626865497188433,3,3.013971539918191,0.0060168584418517,8,7.473710762832525,0.0739804061098591,7.268940282826861,7,6.969140969976024,0.0106237707582092,7.9996189732695555,2.4,14.8,54.17567567567568,0.001021925
738,738,256,257,"ποίηση του εσωτερικού μονολόγου και στη σκιαγράφηση των χαρακτήρων των ηρώων σύμφωνα με τις επιταγές της ψυχολογίας. Έτσι, άρχισε να διαμορφώνεται το νεωτεριστικό ή μοντερνιστικό μυθιστόρημα, με πρωτεργάτες τους Προυστ, Τζόις,
 Κάφκα, Μούζιλ, Τόμας Μαν (Νόμπελ 1929) και τη Γουλφ.
 Το ρεαλιστικό μυθιστόρημα συνέχισε να δίνει σημαντικά έργα. Η φρίκη του Α´ Παγκόσμιου πολέμου προκάλεσε ένα ισχυρό
 κύμα ρεαλιστικής αντιπολεμικής πεζογραφίας που έγινε ιδιαίτερα αισθητό στη Γαλλία τη δεκαετία του 1920 (έργα των
 Μπαρμπίς, Ντορζελές, Ντιαμέλ κ.ά.) και ενέπνευσε δύο από τους σημαντικότερους Αμε2. Ο Τζον Στάινμπεκ δηλώνει πίστη στην απόλυτη ελευθερία
 Και να σε τι πιστεύω: πως το ελεύθερο κι ερευνητικό πνεύμα του ανθρώπινου
 ρικανούς συγγραφείς του 20ού αιώνα, τον
 ατόμου είναι το πολυτιμότερο πράμα στον κόσμο. Και να για ποιο θ’ αγωνιστώ: για
 Ντος Πάσος και τον Χεμινγουέι (Νόμπελ
 να ’ναι ελεύθερο το πνεύμα να πάρει οποιαδήποτε διεύθυνση θέλει, χωρίς να το κα1954). Οι συνθήκες κρίσης που προκάλεσε
 τευθύνουν. Και να τι θα καταπολεμήσω: οποιαδήποτε ιδέα, θρησκεία ή κυβέρνηση
 στις ΗΠΑ το κραχ του 1929 έδωσαν σπουπου περιορίζει ή εξοντώνει το άτομο. Αυτός είμαι, κι αυτήν τη θέση παίρνω.
 δαία μυθιστορήματα από τους Φόκνερ (ΝόμΤζ. Στάινμπεκ, Ανατολικά της Εδέμ, μτφρ. Κ. Πολίτης, γράμματα, Αθήνα 1982.
 πελ 1949) και Στάινμπεκ (Νόμπελ 1962). Μετά
 τον Β´ Παγκόσμιο πόλεμο η γερμανική πεζογραφία στράφηκε στη μελέτη της ανθρώπινης αποξένωσης και στον πολιτικό προβληματισμό στα έργα των δύο σημαντικότερων μεταπολεμικών Γερμανών συγγραφέων Μπελ (Νόμπελ 1972) και Γκρας (Νόμπελ 1999).
 Ο σοσιαλιστικός ρεαλισμός ασχολήθηκε με την παρουσίαση της σύγκρουσης εργατών-αστών, στις διάφορες μορφές της,
 καθώς και με την εξύμνηση της ζωής στις λαϊκές δημοκρατίες. Τα έργα που έδωσε είχαν, σε ορισμένες περιπτώσεις, υψηλή
 αισθητική αξία (Σόλοχοφ, Νόμπελ 1965), συχνά, όμως, διακρίνονταν από σχηματικότητα. Παράλληλα, συγγραφείς όπως ο Πάστερνακ (Νόμπελ 1958) και ο Σολτζενίτσιν (Νόμπελ 1970) απέρριψαν τον σοσιαλιστικό ρεαλισμό και άσκησαν με τα έργα τους
 κριτική στο σοβιετικό καθεστώς.
 Η λογοτεχνία του παραλόγου εκφράστηκε σε υψηλό επίπεδο στο έργο του Κάφκα ήδη από τη δεκαετία του 1920. Αναδύθηκε, ωστόσο, με ιδιαίτερη ένταση στη Γαλλία μετά τον Β´ Παγκόσμιο πόλεμο ως αντίδραση στην παραδοσιακή λογοτεχνία.
 Για διανοητές όπως ο φιλόσοφος Σαρτρ (Νόμπελ 1964 – δεν το δέχτηκε) και συγγραφείς όπως οι Καμί (Νόμπελ 1957), Μπέκετ
 (Νόμπελ 1969) και Ζενέ, από τους κύριους εκπροσώπους της
 λογοτεχνίας του παραλόγου, ο άνθρωπος είναι μια μεμονω3. Αλμπέρ Καμί: ο άνθρωπος ζει σ’ έναν παράλογο κόσμο
 μένη ύπαρξη ριγμένη σε ένα αφιλόξενο σύμπαν.
 [...] μέσα σ’ ένα σύμπαν στερημένο από ψευδαισθήσεις και φώτα,
 ο άνθρωπος νιώθει ξένος. Σ’ αυτή την εξορία [...] δεν υπάρχει βοήΗ λογοτεχνία του φανταστικού, αν και προϋπήρχε, γνώριθεια. Αυτή η απόσταση του ανθρώπου από τη ζωή του [...] αποτελεί
",history,12,10,9.332082245250891,0.0813364145204346,8,7.98841723510087,0.0072873206605055,5,4.996411380808141,0.0019189875382203,7,7.000910860372109,0.0005858732127412,6,6.286913945819492,0.0589271193732871,4,3.932561116646397,0.0199358887847965,8,8.851274674045385,0.0835406256897194,7.047417988720554,7,7.067549066147649,0.0198599981095656,7.99896348017046,2.6,13.6,46.81313432835821,0.001094734
739,739,46,47,"παράθεμα 1 Ο Θησέας και ο συνοικισμός
 Ο Θησέας μετά τον θάνατο του πατέρα του, του Αιγέα, έβαλε στο μυαλό του ένα μεγάλο και σπουδαίο έργο: να ενώσει
 τους κατοίκους όλης της Αττικής σε μία πόλη. Μέχρι τότε οι
 κάτοικοι της Αττικής ήταν σκορπισμένοι σε μικρά χωριά,
 μάλωναν μεταξύ τους και δεν ενδιαφέρονταν για το κοινό
 καλό. Ο Θησέας κατάφερε να πείσει εύκολα τους φτωχούς
 και πιο δύσκολα τους πλούσιους και δυνατούς. Έτσι ίδρυσε
 την πόλη της Αθήνας και όρισε και μια κοινή γιορτή για
 όλους, τα Παναθήναια.
 Πλούταρχος, Θησέας, 24 (διασκευή)
",history,4,6,5.992617319414222,0.0046942604230054,6,5.993751655706831,0.005993674942636,3,2.9999871585204687,1.309763269742491e-05,4,4.004417291453649,0.0031431022031696,3,3.0118632022469285,0.0177040385814781,3,2.9740430148436943,0.0096684273912787,6,5.995488108507743,0.00244125226272,7.993305279737683,4,4.408033159841153,0.0548978081836774,7.001391099620378,3.4,10.8,38.14285714285714,0.000951594
740,740,163,164,"ΕΝΟΤΗΤΑ 42
 Πολιτικές διαστάσεις της κρίσης του 1929
 Η κρίση του Μεσοπολέμου, εκτός από οικονομική, ήταν και πολιτική-ιδεολογική, καθώς πολλοί άνθρωποι αμφισβητούσαν τη δυνατότητα των φιλελεύθερων δημοκρατιών να αντιμετωπίσουν τα προβλήματα. Στο πλαίσιο αυτό, δύο
 διαμετρικά αντίθετες προτάσεις οικονομικής και κοινωνικής αναδιοργάνωσης αποκτούσαν όλο και μεγαλύτερη υποστήριξη και ανταγωνίζονταν για την επικράτηση: ο κομμουνισμός και ο φασισμός.
 Η Σοβιετική Ένωση την εποχή του Στάλιν Μετά τον θάνατο του Λένιν (1924), ηγέτης της Σοβιετικής Ένωσης αναδείχθηκε
 ο Στάλιν, που διατήρησε την εξουσία έως τον θάνατό του (1953). Εφαρμόζοντας μια αυστηρά ελεγχόμενη οικονομική πολιτική που έδινε έμφαση στην εκβιομηχάνιση, η Σοβιετική Ένωση μετατράπηκε, την περίοδο 1928-1941, σε αναπτυγμένη βιομηχανικά χώρα. Για να επιτευχθεί αυτό, ωστόσο, χρησιμοποιήθηκαν συχνά βίαιες μέθοδοι (εκτοπίσεις, δήμευση της γης των
 εύπορων αγροτών, διώξεις) με μεγάλο κοινωνικό κόστος.
 Παράλληλα, σχεδόν όλες οι εξουσίες συγκεντρώθηκαν στην κορυφή της κρατικής ηγεσίας. Όσοι κρινόταν ότι μπορούσαν να απειλήσουν το καθεστώς διώκονταν ανελέητα. Την περίοδο 1936-1938 εκτελέστηκαν ως υπονομευτές του καθεστώτος, μετά από δίκες-παρωδίες, οι περισσότεροι από τους μπολσεβίκους ηγέτες που είχαν πάρει μέρος στην επανάσταση του 1917. Έτσι, το κομμουνιστικό κόμμα μετατράπηκε βαθμιαία σ’ ένα συγκεντρωτικό μηχανισμό που απλώς υλοποιούσε τις αποφάσεις και λάτρευε τον ηγέτη του (προσωπολατρία). Τα φαινόμενα αυτά, που αποτελούσαν σαφώς στρεβλώσεις των θεωρητικών αρχών του μαρξισμού, έγιναν γνωστά αργότερα ως σταλινισμός.
 Ο φασισμός στην Ιταλία Σε συνθήκες οξύτατης οικονομικής και κοινωνικής κρίσης ιδρύθηκε το 1921 στην Ιταλία το Εθνικό Φασιστικό (από τη λατινική λέξη fascio: δέσμη, σύμβολο εξουσίας στην αρχαία Ρώμη) Κόμμα του Μπενίτο Μουσολίνι,
 το οποίο με εθνικιστικά και αντικαπιταλιστικά συνθήματα προσπαθούσε να προσελκύσει τους δυσαρεστημένους. Παράλληλα, ένοπλες ομάδες φασιστών, με την οικονομική ενίσχυση μεγαλογαιοκτημόνων και βιομηχάνων, άρχισαν να τρομοκρατούν και να δολοφονούν κομμουνιστές, σοσιαλιστές και συνδικαλιστές, ενώ ο Μουσολίνι προπαγάνδιζε την ανάγκη επιβολής δικτατορίας.
 Στα τέλη Οκτωβρίου του 1922, ο Μουσολίνι και μερικές χιλιάδες οπαδοί του πραγματοποίησαν τη λεγόμενη «πορεία
 προς τη Ρώμη», μια παρωδία λαϊκής επανάστασης. Ο βασιλιάς Βίκτωρ Εμμανουήλ Γ´, αντί άλλης αντίδρασης, όρισε πρωθυπουργό τον Μουσολίνι, που κατάφερε, στα τέλη του 1926, να είναι, πλέον, απόλυτος κύριος της κατάστασης.
 Το φασιστικό κράτος επιδίωκε τον απόλυτο έλεγχο (ολοκληρωτικό κράτος). Επικεφαλής ήταν ο ντούτσε (ηγέτης), όπως
 ονομάστηκε ο Μουσολίνι. Το μόνο νόμιμο κόμμα ήταν το φασιστικό, ενώ οι πιο επικίνδυνοι πολιτικοί φυλακίστηκαν ή δολοφονήθηκαν. Ιδιαίτερη έμφαση δόθηκε στη χειραγώγηση της νεολαίας τόσο με τον έλεγχο της εκπαίδευσης όσο και με
 την υποχρεωτική ένταξη στη φασιστική νεολαία. Οι επαγγελματικές ενώσεις και τα εργατικά συνδικάτα αντικαταστάθηκαν από συντεχνίες ελεγχόμενες από το φασιστικό κόμμα. Επιπλέον, μέσω του Τύπου, του ραδιοφώνου και του αθλητισμού το καθεστώς προπαγάνδιζε επιθετικά τα φασιστικά ιδεώδη.
",history,12,8,7.980616537965034,0.017459030235538,7,6.909779862264372,0.0382464760076049,4,4.00000234914296,3.8351858612379e-05,7,6.998227450219247,0.0010403771023471,5,5.266762056968446,0.0774537010162319,3,3.000429109134757,0.0003044671424822,8,7.994873308331876,0.0028840655337603,7.268937525591127,7,6.999774786046942,0.0001847288323457,7.998828808825294,4.4,19.2,59.63467583497054,0.00126503
741,741,26,27,"ΣΤΑ ΑΡΧΑΙΑ ΧΡΟΝΙΑ
 παράθεμα 2 Με όποιο δάσκαλο καθίσεις…
 Ο Περίανδρος, ο τύραννος της Κορίνθου,
 έστειλε έναν απεσταλμένο του στον Θρασύβουλο, τύραννο της Μιλήτου, για να τον ρωτήσει πώς να ελέγχει καλύτερα τους Κορινθίους για να είναι σίγουρος για την εξουσία
 του. Ο Θρασύβουλος οδήγησε τον άνθρωπο του Περίανδρου έξω από την πόλη,
 στους αγρούς. Μπήκαν σε ένα χωράφι με
 ώριμα στάχυα, έτοιμα για θερισμό. Καθώς
 προχωρούσαν ανάμεσα στα σπαρτά, ο τύραννος της Μιλήτου ρωτούσε και ξαναρωτούσε τον ξένο για ποιον λόγο είχε έρθει.
 Συγχρόνως όμως τσάκιζε όποιο στάχυ ξεχώριζε από τα άλλα. Έτσι κατέστρεψε τα πιο 4. Ερείπια από τον Δίολκο στην αρχαία Κόρινθο.
 Δίολκος ήταν ο δρόμος πάνω στον οποίο
 γερά και ψηλά στάχυα και ρήμαξε το χωράφι
 μετέφεραν τα καράβια που έφταναν στα λιμάνια
 από τη μία άκρη του ως την άλλη χωρίς να του Κορινθιακού και του Σαρωνικού κόλπου. Η
 βγάλει κουβέντα από το στόμα του. Ο απε- διώρυγα έγινε αργότερα.
 σταλμένος τον θεώρησε τρελό και, όταν γύρισε στην Κόρινθο, τα διηγήθηκε όλα στον Περίανδρο. Εκείνος αμέσως κατάλαβε το νόημα που
 είχε αυτή η κίνηση του Θρασύβουλου. Γι' αυτό από τότε άρχισε να φέρεται με σκληρότητα
 απέναντι στους συμπολίτες του και σκότωνε όλους εκείνους που ξεχώριζαν και ήταν καλύτεροι
 από τους άλλους.
 Ηρόδοτος, Ιστορία, Ε ´, 92 ε-ζ (διασκευή)
",history,4,6,6.112068900592732,0.0286595842453648,7,7.143417386636202,0.0356799730790208,3,3.0003356830555497,0.0002425145223152,6,5.592082712450065,0.05470734798067,3,3.465021654526936,0.0697441551615787,3,3.000142097546398,0.0001402202169502,6,6.020246337214729,0.0056589576010469,7.904649752756455,7,6.556800685469398,0.0666106272428086,7.996819629920083,2.1,10.1,43.21428571428572,0.000916262
742,742,47,48,"ι ιδρυτές της Φιλικής Εταιρείας προχώρησαν στην εγγραφή μελών στις ελληνικές παροικίες του εξωτερικού και στις Παραδουνάβιες Ηγεμονίες, ενθαρρυμένοι από το επαναστατικό πνεύμα του Ρήγα Βελεστινλή, τους αγώνες του Λάμπρου Κατσώνη και των Σουλιωτών καθώς και την αναταραχή που προκαλούσαν στην Οθωμανική Αυτοκρατορία απείθαρχοι
 πασάδες. Οι Φιλικοί, όπως αποκαλούνταν τα μέλη της, χρησιμοποιούσαν κρυπτογραφικό
 κώδικα για να επικοινωνούν μεταξύ τους και υπέγραφαν με ψευδώνυμα. Η μύηση τους στην
 οργάνωση είχε τη μορφή ιεροτελεστίας, που τη σφράγιζε ο όρκος μπροστά σε ιερέα.
 Οι Φιλικοί άφηναν να εννοείται ότι πίσω από την Εταιρεία υπήρχε μια Μεγάλη Δύναμη,
 που ήθελε την απελευθέρωση των Ελλήνων. Πολλοί πίστευαν ότι πίσω από την μυστική Αρχή
 της Φιλικής Εταιρείας κρυβόταν η Ρωσία, ωστόσο οι ηγέτες της γνώριζαν καλά, παρόλο που
 δεν το φανέρωναν, ότι η οργάνωση στηριζόταν στον ενθουσιασμό των λογίων πατριωτών και
 στα χρήματα που κατέβαλλαν τα εγγραφόμενα μέλη της, ιδίως οι υπάλληλοι και οι έμποροι.
 Ήταν ένα σχέδιο παράτολμο για όποιον λογάριαζε τα εμπόδια που υπήρχαν, το οποίο όμως
 τελικά πέτυχε.
 Τα μέλη της Φιλικής Εταιρείας στην αρχή ήταν ελάχιστα. Το 1818, όμως, η οργάνωση
 μετέφερε την έδρα της στην καρδιά της Οθωμανικής Αυτοκρατορίας, την Κωνσταντινούπολη.
 Τότε η στρατολόγηση μελών επεκτάθηκε σε ολόκληρη την Οθωμανική Αυτοκρατορία και στη
 σημερινή Ελλάδα. Σ’ αυτήν μυήθηκαν πολλοί από τους πρωταγωνιστές του Αγώνα, όπως ο
 αρχιμανδρίτης Γρηγόριος Δίκαιος ή Παπαφλέσσας, ο πρώην κλέφτης Θεόδωρος Κολοκοτρώνης, οι οπλαρχηγοί Ιωάννης Φαρμάκης και Γεωργάκης Ολύμπιος και αρκετοί άλλοι. Την
 οργάνωση βοήθησε αποφασιστικά και ο μεγαλέμπορος Παναγιώτης Σέκερης, που πρόσφερε μεγάλο μέρος της περιουσίας του.
 Τα μέλη της Φιλικής Εταιρείας σταδιακά αυξήθηκαν. Οι ηγέτες της πρότειναν στον Ιωάννη Καποδίστρια, που ήταν τότε υπουργός των Εξωτερικών της Ρωσίας, να τεθεί επικεφαλής
 της. Εκείνος αρνήθηκε, γιατί πίστευε ότι οι συνθήκες που επικρατούσαν στην Ευρώπη δεν
 ήταν ευνοϊκές για τους Έλληνες. Μετά την άρνησή του, η αρχηγία προσφέρθηκε το 1820
 στον Αλέξανδρο Υψηλάντη, στρατηγό και υπασπιστή του Τσάρου, ο οποίος δέχτηκε με προθυμία τον ανώτατο τίτλο του Γενικού Εφόρου λαμβάνοντας άδεια απουσίας δυο χρόνων από
 τη ρωσική αυλή.
 Με την προσχώρηση του Υψηλάντη, εντάθηκαν οι προετοιμασίες για τη Μεγάλη Επανάσταση. Σύμφωνα με τα σχέδια των Φιλικών, η Επανάσταση επρόκειτο να ξεκινήσει ταυτόχρονα στη Μολδοβλαχία και στην Πελοπόννησο, ώστε να διασπαστεί ο οθωμανικός στρατός, ο
 οποίος βρισκόταν ήδη σε πόλεμο με τον Αλή Πασά στα Ιωάννινα, ενώ και στην Κωνσταντινούπολη θα ξεσπούσαν ταραχές. Ζητήθηκε επίσης από τους Σέρβους και τους Βούλγαρους,
 που ήταν κι αυτοί υπόδουλοι των Οθωμανών Τούρκων, να επαναστατήσουν ενώ πιθανή
 φαινόταν και η εμπλοκή των Ρώσων, αν οι Τούρκοι περνούσαν τον Δούναβη.
",history,6,8,7.9629762389047585,0.0127184548661394,7,6.9910748866267625,0.0145001973334652,4,3.9998022029358253,0.0001609627578926,6,5.6544959245889,0.0707896807788972,5,4.934442157682497,0.0717630323561788,3,3.500033346688838,0.0556821546218266,8,7.972930091915202,0.0100874839923828,7.164510745981147,7,6.994727281252381,0.0026088137569741,7.995385154991254,5.3,17.0,59.317815683487325,0.001211296
743,743,69,70,"την επιφάνεια των αγγείων, σχηματίζοντας
 ένα πυκνό δίχτυ. Αργότερα, σειρές ομοιόμορφων ζώων, καθώς
 και παραστάσεις σχετικές με τον θάνατο
 μαζί με γεωμετρικά
 κοσμήματα διακοσμούν τα μεγαλύτερα
 αγγεία που χρησιμοποιούνταν σαν σήματα* τάφων. Προς το τέλος της εποχής εμφανίζονται
 δειλά-δειλά και μυθολογικά θέματα.
 Αντίθετα με τη μινωική και τη μυκηναϊκή εποχή τώρα αρχίζουν να ανεγείρονται μεγάλοι
 ναοί για τη λατρεία των θεών. Οι τοίχοι αποτελούνται από λίθους στο κάτω μέρος τους,
 πλίνθους ψηλότερα και έχουν επίπεδες ή σαμαρωτές στέγες από πηλό και κλαδιά. Μερικοί
 ναοί, όπως το Ηραίο της Σάμου, είναι μεγάλοι και μακρόστενοι με μία κεντρική σειρά από
 κολόνες –κίονες– και βάθρο για το άγαλμα της θεάς. Σιγά-σιγά ορισμένα ιερά (Δελφοί,
 Δωδώνη, Ολυμπία) αρχίζουν να αποκτούν πανελλήνιο χαρακτήρα.
 Τα σπίτια της εποχής είναι μικρά, το ίδιο και οι οικισμοί. Συνήθως χτίζονται σε υψώματα για
 να προστατεύονται από τους εχθρούς και μερικοί είναι επιπλέον οχυρωμένοι με ισχυρά τείχη.
",history,10,7,7.059605578206605,0.0185600995658089,7,6.961089878574121,0.0190321900143408,4,3.9465976482542757,0.0167376559943347,6,5.963037758300516,0.0815538221234957,4,4.332152384769699,0.0668031360225874,4,3.952639704431931,0.0153800490907918,7,7.43172895843449,0.057046449314841,7.97403222365341,7,6.986323532893948,0.0057946082043317,7.994764987702183,2.6,13.4,45.770114942528735,0.001054413
744,744,10,11,"και έπιναν νέκταρ. Αρχηγός όλων ήταν ο Δίας, τον οποίο οι Έλληνες
 ονόμαζαν «πατέρα των θεών και των ανθρώπων». Είχε μεγάλη δύναμη
 και κρατούσε στα χέρια του τον φοβερό κεραυνό.
 η αμβροσία:
 η τροφή των
 θεών του Ολύμπου, η οποία
 τους έκανε    
 αθάνατους.
 το νέκταρ:
 το ποτό που   
 έπιναν οι θεοί.
",history,4,5,5.010314125631624,0.00441516158178,4,4.003002629298862,0.001137863016539,2,2.0159059367546917,0.0065572770625798,4,4.1203169952837015,0.030815510268692,3,3.0007498150264382,0.0209838662326083,3,2.904678410323136,0.0253019477714777,5,5.247446895544726,0.0454725122734637,7.966912558612194,7,6.939999250201254,0.0171369262395957,7.998935822512067,0.2,5.6,26.8625,0.000731005
745,745,37,38,"παράθεμα 2
 Μακριά από κακές παρέες
 Να μην κάνεις παρέα με κακούς ανθρώπους,
 να πλησιάζεις πάντα τους καλούς, γιατί απ'
 τους καλούς καλά θα μάθεις.
 Αν όμως κάνεις παρέα με τους κακούς, θα
 χάσεις το μυαλό που σου 'δωσε η φύση.
 Οι κακοί βέβαια δε γεννήθηκαν κακοί απ' της
 μαμάς τους την κοιλιά, αλλά έκαναν φιλία
 με κακούς και έμαθαν να κάνουν πράξεις
 κακές και να λένε λόγια άσχημα, γιατί πίστευαν
 ότι οι φίλοι τους τους τα 'λεγαν όλα σωστά.
 Θέογνις, Έλληνες λυρικοί, 15,3 (ελεύθερη απόδοση)         
",history,4,7,6.781001661904099,0.0442418680692052,8,6.762304465519264,0.1058493395465071,3,3.000001641736162,2.718084428385767e-05,4,4.132863966850891,0.0317091947056199,3,3.1845560359438423,0.0409697261707635,3,2.5625506352041043,0.0552395806705026,6,6.007987768220545,0.0077527795596992,7.952572494155675,5,4.7799195531748495,0.0438112648900898,7.003076122069615,4.6,11.5,37.400485436893206,0.001100115
746,746,241,242,"2. Ο ιστορικός Φερνάντ Μπροντέλ για την οικοδόμηση της Ευρώπης
 Τι είναι ακόμη ικανός να εισφέρει στον αυριανό κόσμο ο ευρωπαϊκός πολιτισμός; Χρειάζεται άραγε να πούμε ότι αυτό μοιάζει να είναι
 το έσχατο μέλημα των δημιουργών της Ευρώπης; Και οι φρόνιμες συζητήσεις τους για τα τελωνεία, για τα επίπεδα των τιμών και την
 παραγωγή, και οι πιο γενναιόδωρες αμοιβαίες παραχωρήσεις τους είναι πάντοτε αποτέλεσμα ψυχρών υπολογισμών. [...] Αλλά θα πρέπει
 να μην τους γνωρίζουμε καλά, τους ανθρώπους, για να τους δίνουμε ως μοναδική τροφή αυτές τις φρόνιμες μαθηματικές πράξεις, που
 τόσο ωχριούν εμπρός στους ενθουσιασμούς, στις όχι και τόσο απερίσκεπτες παραφροσύνες που ξεσήκωσαν την Ευρώπη και στα παλιά
 χρόνια και στα πιο πρόσφατα. Μπορεί ποτέ μια συλλογική ευρωπαϊκή συνείδηση να οικοδομηθεί μόνο πάνω σε αριθμούς;
 Είναι ανησυχητικό το γεγονός ότι η Ευρώπη ως πολιτισμικό ιδεώδες κατέχει την τελευταία θέση ανάμεσα στους στόχους των διαφόρων προγραμμάτων που εκπονούνται. Κανείς δεν ασχολείται ούτε με μυστικισμό, ούτε με ιδεολογία, ούτε με τα δήθεν ήρεμα τώρα
 νερά πια νερά της Επανάστασης ή του σοσιαλισμού, ούτε με τα ταραγμένα νερά των θρησκευτικών πεποιθήσεων. Και όμως, είναι αδύνατον να οικοδομηθεί η Ευρώπη, αν δε στηριχθεί στις αρχέγονες δυνάμεις που τη δημιούργησαν, και που δουλεύουν στα κατάβαθά
 της. Με άλλα λόγια, αν δε ληφθούν υπόψη όλοι οι ζωντανοί ουμανισμοί της.
 Δεν έχει άλλη επιλογή: είτε σ’ αυτούς θα στηριχτεί, είτε, μοιραία, κάποια στιγμή, θα την ανατρέψουν και θα της επιβληθούν. Η Ευρώπη
 των λαών: να ένα πρόγραμμα που θα άξιζε πραγματικά τον κόπο! Αλλά που παραμένει ακόμη ευσεβής πόθος. [1963]
 F. Braudel, Γραμματική των πολιτισμών, μτφρ. Ά. Αλεξάκης, ΜΙΕΤ, Αθήνα 2002, σ. 563.
",history,12,8,8.200834552344759,0.0423949995274871,8,7.998539737038623,0.0011865942694051,4,4.002799381437228,0.0015479125957585,7,6.99992597008152,6.494740259246002e-05,6,5.627550514269387,0.1033550728810862,4,3.9406196353957057,0.018678666929446,8,8.048099914351951,0.0157053312525664,7.012426327155026,7,6.999988784778424,4.169030321555571e-05,7.999701559769505,5.6,16.1,51.254266633687855,0.000981075
747,747,293,294,"ΣYΝΟΨΗ ΤΟΥ ΚΕΦΑΛΑIΟΥ
 Η Ρωμαϊκή ειρήνη, έργο των Ρωμαίων αυτοκρατόρων,
 δημιούργησε στην έκταση της αυτοκρατορίας πρωτοφανείς
 συνθήκες ελεύθερης διακίνησης ανθρώπων, ιδεών, θρησκειών
 και ηθών. Ο Χριστιανισμός, η ίδρυση της Εκκλησίας και η
 εδραίωσή της μέσα στο πλαίσιο του ρωμαϊκού κράτους από
 τον 1ο μέχρι και τον 3ο αιώνα μ.Χ. διαφοροποιεί βαθύτατα
 την Αυτοκρατορία. Ο 3ος αιώνας μ.Χ. σφραγίζεται από μια
 βαθύτατη οικονομική, κοινωνική και θεσμική κρίση η οποία
 κλονίζει το ρωμαϊκό κράτος. Οι Ιλλυριοί αυτοκράτορες
 και ιδίως ο Διοκλητιανός επιχειρούν να ανορθώσουν την
 Αυτοκρατορία της οποίας το κέντρο βάρους στρέφεται όλο
 και περισσότερο προς την Ανατολή. Τελικά ο Κωνσταντίνος
 κηρύσσει την ανεξιθρησκία στο κράτος και μεταφέρει
 την πρωτεύουσά του από τη Ρώμη στη Νέα Ρώμη, την
 Κωνσταντινούπολη.
",history,10,7,7.31990641182756,0.0508254625226856,6,6.305278295054251,0.0687652082893304,4,3.9999384112998086,6.095031928026261e-05,7,6.939913698871919,0.0183895758917665,4,3.7968607730581425,0.0612773059967164,3,3.500041899148755,0.0556879940229039,7,7.088643213165987,0.0573899305444404,7.997814242037663,7,6.999171990429829,0.000545679503785,7.998058712641068,2.7,14.3,51.330827067669176,0.001038173
748,748,258,259,"ΕΝΟΤΗΤΑ 64
 Τα Γράμματα στην Ελλάδα τον 20ό αιώνα
 Η περίοδος 1900-1922 Οι κοινωνικοπολιτικές και ιδεολογικές εξελίξεις των αρχών του 20ού αιώνα γέννησαν το «ιδεολογικό μυθιστόρημα». Λογοτέχνες όπως οι Κωνσταντίνος Χατζόπουλος, Κωνσταντίνος Θεοτόκης και Δημοσθένης Βουτυράς, έχοντας υιοθετήσει σοσιαλιστικές ιδέες, ασχολήθηκαν με κοινωνικά θέματα. Παράλληλα, δημιουργοί όπως ο Περικλής Γιαννόπουλος, ο Ίων Δραγούμης και η Πηνελόπη Δέλτα μίλησαν για τους αγώνες του ελληνισμού.
 Στην ποίηση, ο Άγγελος Σικελιανός, υιοθετώντας την παλαμική αντίληψη για την ενότητα του ελληνικού παρελθόντος με
 το παρόν, μίλησε στο πλούσιο ποιητικό και θεατρικό του έργο για την αρχαία Ελλάδα επιχειρώντας την αναβίωση των αρχαίων Δελφικών Εορτών.
 Παράλληλα, εκδηλώνονταν και κάποιες προσπάθειες ανανέωσης της ελληνικής ποίησης που αντλούσαν κυρίως από τον
 γαλλικό συμβολισμό και εκφράστηκαν στα έργα των Α. Μελαχρινού, Κ. Βάρναλη, Μ. Αυγέρη και N. Λαπαθιώτη.
 Ακριβώς τη στιγμή που ο Κωστής Παλαμάς ολοκλήρωνε, ουσιαστικά, το έργο του, ο Κωνσταντίνος Καβάφης έφτανε στην
 ωριμότητά του ως ποιητής. Στον αντίποδα όχι μόνο της παλαμικής αλλά και ολόκληρης της ελληνικής ποίησης της εποχής,
 ο Καβάφης κατέληξε, αναζητώντας νέους ποιητικούς δρόμους, στη διαμόρφωση ενός εντελώς προσωπικού ύφους, που διακρίνεται για τη λιτότητα, τη λεπτή ειρωνική διάθεση και την παραδοχή ότι οι αξίες είναι πάντα σχετικές. Όλα αυτά κάνουν
 πολλούς να πιστεύουν ότι ο Καβάφης υπήρξε ο κορυφαίος Έλληνας ποιητής κι ένας από τους σημαντικότερους της ανθρωπότητας για τον 20ό αιώνα.
",history,12,8,8.00220394776727,0.001621334538541,7,6.823085273638668,0.0405104764216088,4,4.000153740247697,0.0001292140901669,7,6.99973951809659,0.00019855947399,4,3.8463442401880457,0.0684205256747552,4,3.9993501314893365,0.0007790384764167,8,8.000176400341928,0.0004265996220179,7.003589076578464,7,6.999890370586172,0.0001171077470784,7.998289418637796,5.8,18.9,68.4047619,0.001436446
749,749,59,60,"2. Η σημασία του σιδηροδρόμου
 Με τη γρήγορη βελτίωση όλων των εργαλείων παραγωγής, με την απεριόριστη διευκόλυνση των συγκοινωνιών, η αστική τάξη τραβάει στον πολιτισμό όλα, ακόμα και τα πιο
 βάρβαρα έθνη. [...] Αναγκάζει όλα τα έθνη να
 δεχτούν τον αστικό τρόπο παραγωγής, αν δεν
 θέλουν να χαθούν. Τα αναγκάζει να εισάγουν
 στη χώρα τους τον λεγόμενο πολιτισμό, δηλ.
 να γίνουν αστοί. Με μια λέξη δημιουργεί έναν
 κόσμο «κατ’ εικόνα της».
 Κ. Μαρξ & Φρ. Ένγκελς, Μανιφέστο του Κομμουνιστικού Κόμματος (1848), Κ. Μαρξ & Φρ.
 Ένγκελς, Εκλεκτά έργα, Γνώσεις, χ.χ., τόμ. 1ος,
 σ. 24-25.
 2. Σιδηρόδρομοι στη Βρετανία, 1800 περίπου.
",history,12,8,8.002118391704869,0.0014378478129164,8,7.947531554563312,0.0173290784329972,4,4.000017762089556,6.56074248685905e-05,7,6.9999278199478,7.138659870872607e-05,4,5.0816130712628365,0.1173016495216745,3,3.022983182856933,0.0087979886766929,8,8.015112645441604,0.0070815356194658,7.003166920201238,7,7.001022886210016,0.0006622592797847,7.999654874820834,0.9,9.9,31.77310924369748,0.000581477
750,750,109,110,"ι Έλληνες των αλύτρωτων περιοχών της Θράκης, της Μικράς Ασίας αλλά και του Πόντου,
 κυρίως αυτοί που κατοικούσαν στις μεγάλες πόλεις, είχαν υποστεί το 1821 αρκετές διώξεις
 από τους Τούρκους. Σταδιακά όμως και ιδίως μετά το 1856 οι συνθήκες ζωής τους βελτιώθηκαν, έπειτα από τις μεταρρυθμίσεις που επέβαλλαν στην Οθωμανική Αυτοκρατορία οι Μεγάλες
 Δυνάμεις και τις πρωτοβουλίες που ανέπτυξε το Οικουμενικό Πατριαρχείο. Οι υπόδουλοι Έλληνες, υπό την ηγεσία του τοπικού μητροπολίτη, διοικούνταν από εκλεγμένους δημογέροντες,
 από εφόρους που φρόντιζαν για την εκπαίδευση και από τις επιτροπές των ναών. Μόνο στον
 Πόντο ο μητροπολίτης ήταν κάτω από την εξουσία του Τούρκου διοικητή.
 Αργότερα εγκαταστάθηκαν στις περιοχές αυτές Έλληνες πρόξενοι και εμπορικοί αντιπρόσωποι, οι οποίοι σε συνεργασία με τους κληρικούς υπεράσπιζαν τα συμφέροντα των Ελλήνων.
 Κατά τον 19ο αιώνα οι Έλληνες υπήκοοι της Οθωμανικής Αυτοκρατορίας ανέπτυξαν σημαντική
 εκπαιδευτική και πολιτιστική δραστηριότητα. Στην Κωνσταντινούπολη είχε ιδρυθεί το 1836 η
 «Κεντρική Εκκλησιαστική και Πνευματική Επιτροπή», που επόπτευε την εκτύπωση βιβλίων για
 την εκπαίδευση, προωθούσε τη συστηματική καλλιέργεια της ελληνικής γλώσσας και ίδρυε
 Αρρεναγωγεία για τα αγόρια και Παρθεναγωγεία για τα κορίτσια.
 Προς την ίδια κατεύθυνση εργάζονταν οι φιλολογικοί σύλλογοι και διάφορα σωματεία.
 Καθώς η βοήθεια από το ελληνικό κράτος ήταν γενικά περιορισμένη, οι Έλληνες της περιοχής
 κάλυπταν μονοί τους τις δαπάνες των πνευματικών δραστηριοτήτων τους.
 Η Θράκη ήταν χωρισμένη σε δυο επαρχίες, της Κωνσταντινούπολης και της Αδριανούπολης, ενώ περιελάμβανε εδάφη έως την Κομοτηνή. Τους συμπαγείς ελληνικούς πληθυσμούς
 της Θράκης αραίωναν οι αναγκαστικοί εξισλαμισμοί, οι μεταναστεύσεις εξαιτίας επιδημιών,
 στρατολογιών και πολέμων ή και οι εκβουλγαρισμοί κατοίκων, όπως στην Ανατολική Ρωμυλία.
 Παρόλες τις δυσκολίες όμως, η οικονομική δραστηριότητα των Ελλήνων ήταν τόσο ανεπτυγμένη, ώστε γίνονταν εξαγωγές π.χ. σιταριού η καπνών της Ξάνθης.
 Στη Μικρά Ασία και στον Πόντο, μετά από τις πρώτες μεταναστεύσεις Ελλήνων προς τη
 Ρωσία και στα ενδότερα της Ανατολίας, ο ελληνικός πληθυσμός αυξήθηκε κατά πολύ. Την ίδια
 εποχή πήρε μεγάλες διαστάσεις το ζήτημα των κρυπτοχριστιανών (κλωστών). Πρόκειται για Χριστιανούς που μόνο φαινομενικά είχαν αποδεχθεί τη μουσουλμανική θρησκεία. Οι Έλληνες της
 περιοχής διακρίθηκαν στο εμπόριο και τη ναυτιλία. Καλλιέργησαν επίσης για αιώνες τα γράμματα ιδρύοντας ξακουστά σχολεία, όπως η Ευαγγελική Σχολή της Σμύρνης και το Φροντιστήριο
 της Τραπεζούντας και εκδίδοντας εφημερίδες ή βιβλία.
 Αλλά και οι Έλληνες που ζούσαν στην περιοχή της Καππαδοκίας προόδευσαν, παρά τη
 γεωγραφική τους απομόνωση και τη βαριά φορολογία. Επίσης αρκετά βιβλία τυπώθηκαν στα
",history,6,8,7.961091738268806,0.0134569584160358,7,6.567473362722012,0.0568907574802153,4,3.999744367945823,0.0002527427665364,7,6.96941544406269,0.0088368817203848,5,4.637039504103427,0.0710185326507909,3,3.022971752427935,0.00879250825519,8,7.790864183012928,0.0438253799669562,7.320817706201183,7,6.998727368479194,0.0007702523765452,7.997813161916383,3.7,16.9,59.21223776223776,0.001136556
751,751,154,155,"Η Αθήνα, μετά την πλήρη κυριαρχία στο Αιγαίο, στρέφει τις βλέψεις της και προς τη Δύση, το
 Ιόνιο και την Αδριατική. Αυτό τη φέρνει σε σύγκρουση με την Κόρινθο, κύρια σύμμαχο της Σπάρτης,
 η οποία θεωρούσε ως χώρο επιρροής της τις δυτικές θάλασσες και βλέπει τώρα τα οικονομικά
 της συμφέροντα να απειλούνται. Ακόμη, η πολιτειακή διαφορά της Αθήνας με τη Σπάρτη, η οποία
 γεννά και τη διαφορά στην ανάπτυξη των νοοτροπιών, είναι η βαθύτερη και ουσιαστικότερη αιτία
 του χάσματος ανάμεσα στις δύο πόλεις, το οποίο, σταδιακά, θα καταστεί αγεφύρωτο. Η κλειστή
 και αριστοκρατική Σπάρτη έβλεπε με ολοφάνερη καχυποψία τη συνεχώς αυξανόμενη δύναμη της
 ανοικτής και δημοκρατικής Αθήνας. Με την Αθήνα και τη Σπάρτη βρίσκονται αντιμέτωπες δύο
 αντίπαλες και αντίθετες κοσμοθεωρίες. Η σύγκρουση ήταν αναπόφευκτη.
 Σύμφωνα με τον Θουκυδίδη, η ανάμειξη των Αθηναίων στη διαμάχη ανάμεσα στην Κέρκυρα
 και την Κόρινθο για την Επίδαμνο (Δυρράχιο), αποτελεί την πρώτη αφορμή του πολέμου. Η
 αντιπαλότητα ανάμεσα σε Κόρινθο και Αθήνα οξύνεται και οι Κορίνθιοι ωθούν σε αποστασία
 από την Αθηναϊκή συμμαχία την Ποτίδαια (432 π.Χ.). Σε αντίποινα ο Περικλής απαγορεύει στα
 πλοία των Μεγαρέων, συμμάχων της Σπάρτης, να αγκυροβολούν σε λιμάνια της Αθηναϊκής
 συμμαχίας και να διεξάγουν εμπόριο (Κατά Μεγαρέων ψήφισμα). Οι «Τριακοντούτεις
 σπονδαί» (τριακονταετής ειρήνη) είχαν παραβιαστεί. Σε συνέδριο στη Σπάρτη, Κορίνθιοι και
 Μεγαρείς, με τη συμπαράταξη και της φιλοπόλεμης σπαρτιατικής μερίδας, ισχυρίζονται ότι ο
 πόλεμος είναι η μόνη λύση. Επικρατούν οι φιλοπόλεμοι και οι εχθροπραξίες αρχίζουν το 431
 π.Χ. Ο πόλεμος ονομάστηκε Πελοποννησιακός, κράτησε, με μικρές διακοπές, 27 χρόνια και
 διακρίνεται σε τρεις φάσεις: α) Αρχιδάμειος πόλεμος (431-421 π.Χ.) β) Σικελική εκστρατεία
 (415-413 π.Χ.) γ) Δεκελεικός πόλεμος (413-411 π.Χ.).
",history,10,8,7.987819548609053,0.0056934812650187,7,7.437829718694273,0.0550727461098867,4,3.999341324684792,0.0005151771963145,7,6.986426182247669,0.005521497740707,4,4.626986999920746,0.0772715260618022,4,3.8356791428814176,0.0360289060117572,8,7.998239168121188,0.0016813479959194,7.029306710930996,7,6.999627087134741,0.0003110322245086,7.995366001043294,3.2,14.4,51.27753534648281,0.001030211
752,752,63,64,"το επί­
 γραμμα: το  
 ποίημα σε
 λίγους στίχους
 χαραγμένο
 πάνω σε
 μνημείο.
 οι Λακεδαι­
 μόνιοι: οι  
 Σπαρτιάτες.
",history,4,8,7.880767900882006,0.029387187978783,4,4.588417045597453,0.0411347754062959,2,1.9153286704041115,0.0236425359703277,7,7.000622434191143,0.0005411823871664,,,3.133570624719045e-07,3,2.8523591379700974,0.0339399583974263,8,7.999713526808534,0.0003514264198178,7.014063418265891,7,7.438243985238671,0.0552840079826335,7.99940888923345,-0.6,7.5,33.23913043478261,0.000790538
753,753,122,123,"Πίνδαρος από τη Βοιωτία είναι οι πιο γνωστοί ποιητές αυτής
 της περιόδου που ακούστηκαν και διαβάστηκαν με συγκίνηση
 και θαυμασμό από τους αρχαίους χρόνους μέχρι τη σημερινή
 εποχή.
 Ξεχωριστοί πνευματικοί άνθρωποι, όπως ο Θαλής, o
 Αναξίμανδρος και ο Αναξιμένης από τη Μίλητο, ο Ηράκλειτος
 από την Έφεσο, ο Πυθαγόρας από τη Σάμο και πολλοί άλλοι ακόμη,
 προσπαθούν να κατανοήσουν με λογικό και όχι με μυθικό τρόπο τη
 δημιουργία του κόσμου και το νόημα της ζωής και να εξηγήσουν
 τα φυσικά φαινόμενα. Αναπτύσσονται λοιπόν η φιλοσοφία, η
 αστρονομία, η γεωγραφία, η μετεωρολογία και τα μαθηματικά. Ο
 Θαλής κατόρθωσε, μάλιστα, να προβλέψει την έκλειψη του ήλιου
 που έγινε στις ημέρες του και ο μαθητής του Αναξίμανδρος να
 σχεδιάσει τον πρώτο χάρτη του ουρανού και της γης.
",history,10,8,7.777173931101979,0.0426500186171593,6,6.077743374225427,0.0319528197835998,3,3.148047195620734,0.033672930244391,5,5.137640582519452,0.0602436362781426,4,3.8925450142050977,0.0553910030413898,3,2.999749343145254,0.0003131132964103,8,7.253639009946944,0.0834725344440423,7.067542915813505,7,6.921912214514549,0.02234115364433,7.9953564983879915,8.3,18.4,62.03623188405797,0.001368567
754,754,21,22,"ΣΤΑ ΑΡΧΑΙΑ ΧΡΟΝΙΑ
 Με δάκρυα στα μάτια οι άποικοι αναχωρούσαν για τη νέα πατρίδα. Ο
 αρχηγός τους έπαιρνε το «ιερόν πυρ», με το οποίο θα άναβε τον βωμό
 της αποικίας. Αυτό συμβόλιζε τους στενούς δεσμούς που θα υπήρχαν
 ανάμεσα στη μητρόπολη και την αποικία.
 Τα παράλια της Μεσογείου και του Εύξεινου Πόντου γέμισαν από
 αποικίες. Οι πιο πολλές δημιουργήθηκαν στην Κάτω Ιταλία και τη Σικελία, έτσι που η περιοχή να ονομαστεί Μεγάλη Ελλάδα.
 Στις αποικίες οι Έλληνες προόδευσαν. Έχτισαν ναούς και έκαναν
 μεγάλα δημόσια έργα. Γνώρισαν άλλους λαούς και ανέπτυξαν με αυτούς σχέσεις, χωρίς όμως να ξεχάσουν την καταγωγή τους.
 Οι σχέσεις ανάμεσα στη μητρόπολη και την αποικία ήταν πάντα
 στενές. Ήταν μάλιστα μεγάλο κακό να πολεμήσει η μια εναντίον της
 άλλης.
",history,4,6,5.989853588095855,0.0053912808915804,6,5.314094271553586,0.0883215443802905,3,2.99997683648553,2.432007856243456e-05,4,4.022872791239934,0.0088920084187315,3,3.1129605434957597,0.0327801743679623,3,2.9890407646426898,0.0048825215769698,6,6.000002095652462,2.4822785518813987e-05,7.996405914845326,5,4.660005180892767,0.0547438633829806,7.008509568680893,1.0,8.7,42.06086956521739,0.000786603
755,755,173,174,"Όλη αυτή η περιοχή λέγεται ανέκαθεν Ανάβυσσος. […] Το τι τραβούσαμε δε λέγεται. Ούτε ο
 Χριστός δεν υπόφερε έτσι. [...] Νερό δεν είχαμε.
 Ψωμί αγοράζαμε από το Λαύριο. Έπρεπε να το
 παραγγείλουμε και να το πληρώσουμε μια μέρα
 πιο μπροστά. Την άλλη μέρα μας το έφερναν με
 τα γαϊδούρια, μπαγιάτικο και κομματιασμένο. Οι
 ντόπιοι αλβανόφωνοι Καλυβιώτες που είχαν χτήματα στην Ανάβυσσο μας έβριζαν Τούρκους. Θέλαμε ένα τσαμπί σταφύλι να δροσιστούμε και δε
 μας έδιναν […]. Από το 1926 ως το 1927 ζευγαρίζαμε στους ελαιώνες του Μελισσουργού. Το 1928
 ο τσιφλικούχος αυτός μας απαγόρεψε την καλλιέργεια. Διαμαρτυρηθήκαμε όλοι με τα γυναικόπαιδα μαζί. Ο τσιφλικούχος έφερε χωροφύλακες
 από το Λαύριο και το Κορωπί και μας χτύπησαν.
 Μ’ έβαλαν κι εμένα φυλακή.
 Αρχείο Προφορικής Παράδοσης Κέντρου
 Μικρασιατικών Σπουδών, φάκελος 230.
",history,12,8,7.368983166378157,0.0767854485724521,8,8.053082285497856,0.0174041278994253,3,3.0179853491758877,0.0072392341499126,7,6.156035028302313,0.0794485505113171,7,6.174881909624673,0.0952380756366708,5,4.904098248560786,0.0323092673554275,8,7.602163868686986,0.0636970915800354,7.006681600578304,7,6.978998306012173,0.0065417900854398,7.9627603389456,-0.7,8.9,37.88123620309051,0.000783991
756,756,40,41,"Μεταγραφή των
 ιερογλυφικών
 του δίσκου της
 Φαιστού. Δεν
 υπάρχει σχέση
 με τα αιγυπτιακά
 ιερογλυφικά.
 Παρουσιάζονται
 μορφές και
 αντικείμενα της
 καθημερινής ζωής,
 ανθρώπινες μορφές
 και μέλη του
 σώματος, εργαλεία,
 ζώα και φυτά.
 Μπορείς να
 προσδιορίσεις
 τι εικονίζουν τα
 σύμβολα, σύμφωνα με
 την αρίθμηση;
",history,10,7,7.117297280689115,0.0302964353768607,8,7.546944715606514,0.0591965790146399,3,3.000011282536434,0.0001497894064574,7,6.978227462036273,0.0081868726185773,4,4.12842547856053,0.0651842913065447,3,3.037348756139181,0.0128113695493881,8,7.626426850213647,0.057432912365485,7.07585613676406,7,6.998892096147756,0.0008709023965361,7.999938505933329,0.3,12.6,48.5,0.000906979
757,757,137,138,"συμπόσιο: η
 συγκέντρωση,
 στην οποία
 μαζί με το
 φαγητό
 προσφέρονται
 και ποτά
 στους
 καλεσμένους.
 Κατά τη
 διάρκεια του
 συμποσίου
 γίνονταν και
 συζητήσεις για
 σοβαρά
 θέματα.
",history,4,5,5.002621520957291,0.0014804968299806,4,3.999737964101144,0.0002100561127075,2,2.0000574495183514,5.132785776513456e-05,4,4.099208553404196,0.0271072392988858,3,2.7760677208643756,0.05760699352711,2,2.3208240311826103,0.0503964101353316,5,5.0205478924999625,0.0080464559631427,7.98593611372192,4,4.298798770752001,0.0556203239799274,7.201761145959608,1.1,11.9,42.08620689655172,0.000973317
758,758,157,158,"2. H «Μαύρη Πέμπτη» στο χρηματιστήριο της Νέας Υόρκης
 Το καίριο πλήγμα προήλθε από την κατάρρευση του χρηματιστηρίου
 [ενν. της Νέας Υόρκης] τον Οκτώβριο του 1929. Οι εντολές πωλήσεων, που
 διογκώθηκαν απότομα στις 22 του μήνα, πήραν τη μορφή χιονοστιβάδας
 στη συνεδρίαση της 24ης Οκτωβρίου. Αυτή ήταν η «Μαύρη Πέμπτη», κατά
 την οποία 12 εκατομμύρια μετοχές έπεσαν στην αγορά χωρίς να βρουν
 αγοραστή. Όλοι δοκιμάζουν να ξεφορτωθούν τους τίτλους τους μια ώρα
 αρχύτερα, και οι τιμές πέφτουν κατακόρυφα. Πάμπολλες τράπεζες που είχαν επενδύσει τις καταθέσεις των πελατών τους σε μετοχές οδηγούνται
 σε χρεοκοπία. […] Τρεις μήνες μετά το κραχ της Γουόλ Στριτ [το χρηματιστήριο της Ν. Υόρκης], η παραγωγή αυτοκινήτων έχει κιόλας μειωθεί
 στο μισό, παρασύροντας τις βιομηχανίες εξαρτημάτων, ελαστικών και πετρελαίου. [...]
 S. Berstein & P. Milza, Ιστορία της Ευρώπης, μτφρ. Μ. Κοκολάκης, Αλεξάνδρεια, Αθήνα 1997, τόμ. 3, σ. 67-68.
",history,12,8,7.977762102717605,0.0086866170586251,7,6.841129735641516,0.0844555449650731,4,3.798188241118652,0.0403865758180943,7,6.926474817699415,0.0214910182161744,4,4.170140691426624,0.0474274240942954,3,3.0085779020132577,0.0039723563877801,8,7.842693192680599,0.036753712097692,7.106681187106005,7,6.997669127214294,0.0013182784475421,7.998043189951204,1.6,12.0,38.888888888888886,0.000770905
759,759,139,140,"Η ελληνική γλώσσα είναι πια απλοποιημένη και απομακρύνεται
 σιγά σιγά κάπως από τα αρχαία ελληνικά των κλασικών χρόνων.
 Αρχίζει και παίρνει στοιχεία που με τους αιώνες θα οδηγήσουν στη
 σύγχρονη ελληνική γλώσσα.
 Η «Κοινή Ελληνική», όπως ονομάζεται η γλώσσα των ελληνιστικών
 χρόνων, απλώνεται και ενώνει όλη την οικουμένη, όπως έλεγε και
 ο Ρωμαίος ρήτορας Κικέρων τον 1ο αι. π.Χ. «Τα ελληνικά διαβάζονται από όλα σχεδόν τα έθνη…». Με τους Έλληνες και την ελληνική
 γλώσσα όλη η οικουμένη μιλάει την ίδια γλώσσα.
 Η ελληνική γλώσσα δέχεται και λέξεις από άλλες γλώσσες: λατινικές, όπως κάστρο, δικτάτορας, φαμίλια. Εβραϊκές, όπως Πάσχα,
 μεσίας, αλληλούια, και ονόματα όπως Γαβριήλ, Ιάκωβος, Ιωάννης,
 Μάρθα, Ματθαίος, Μιχαήλ, Συμεών. Αιγυπτιακές, όπως οθόνη,
 πάπυρος, όαση, ζύθος (μπίρα). Την κοινή ελληνική χρησιμοποιούν
 και λίγο αργότερα, στα ρωμαϊκά χρόνια, οι πρώτοι χριστιανοί.
",history,4,7,6.796709991396597,0.0484594042156723,6,5.943603500042514,0.0524891509671656,4,3.731059878326505,0.0467546197895119,5,5.918349198281703,0.0942003662012861,3,3.2786608089950278,0.0497774096891631,3,3.0005452244174506,0.0003856675743433,6,6.28659451501062,0.0510080921845762,7.957910299618561,7,6.987621084517741,0.0052357476062667,7.994662744276866,1.8,12.8,42.83099415204679,0.000878654
760,760,116,117,"Πανάλαφρος ο ύπνος σου του Απρίλη τα πουλιά
 - Για σύρε, Δήμο μου πιστέ, στην ποθητή πηγή μου
 σαν του σπιτιού σου να τ’ ακούς λογάκια και φιλιά
 και φέρε μου κρύο νερό να πλύνω την πληγή μου.
 και να σου φτάνουν του σκληρού χειμώνα οι καταρράχτες
 Δεν κλαίω τη λαβωματιά, δεν κλαίω και το βόλι,
 σαν τουφεκιού αστραπόβροντα και σαν πολέμου κράχτες.
 Μον’ κλαίω που με άφησε η συντροφιά μου όλη.
 Πλατιά του ονείρου μας η γη και απόμακρη. Και γέρνεις
 Σταλαματιά το αίμα μου, για σε Πατρίδα χύνω,
 εκεί και σβεις γοργά.
 για νάχεις δόξα και τιμή, να λάμπεις σαν τον κρίνο.
 Ιερή στιγμή. Σαν πιο πλατιά τη δείχνεις, και τη φέρνεις
 Παύλος Μελάς κι αν πέθανε, τα παλικάρια ζούνε
 σαν πιο κοντά!».
 θα φέρουνε τη λευτεριά στη χώρα που ποθούμε».
 Κ. Παλαμάς («Πολιτεία και Μοναξιά»)
",history,6,10,9.954855320567589,0.0114933987772562,8,8.123583162342214,0.0328714485145559,6,5.974656508357697,0.0094410616948231,7,7.015887797766396,0.0065822327242946,7,6.860641639228561,0.04578875891935,6,5.753900506364872,0.0450854413507403,10,9.989233289158284,0.0044692295895318,7.377525046515757,8,7.651625276269286,0.0520912053565343,7.000728750404335,2.1,7.7,33.46969696969697,0.00086521
761,761,9,10,"οι ραψωδοί:
 αυτοί που
 απάγγελλαν σε
 δημόσιους
 χώρους τα
 ποιήματα του
 Ομήρου.
 οι τελετές: οι
 εκδηλώσεις στις
 οποίες έπαιρναν
 μέρος πολλοί
 άνθρωποι.
",history,4,5,5.01109246175659,0.0039718379614447,4,3.9998702878963712,0.0001207194648826,2,2.0000328125715896,3.480132392196543e-05,7,6.935278004553311,0.0170590839120786,3,2.5700046392742024,0.0575803093787443,3,2.7310799214815162,0.0467696394949059,5,5.017132823396423,0.0051958625823508,7.992422018073,7,6.98382865243866,0.0059871642497545,7.999659243319456,0.5,10.8,43.76923076923077,0.00091065
762,762,33,34,"παράθεμα 1 Τα τρία μεγαλύτερα έργα του ελληνικού κόσμου
 Μίλησα πολύ για τους Σαμιώτες, γιατί αυτοί έχουν
 φτιάξει τα τρία μεγαλύτερα έργα του ελληνικού κόσμου. Από το πιο χαμηλό σημείο, δηλαδή τους πρόποδες ενός λόφου με ύψος 280 μέτρα περίπου τον
 τρύπησαν, ανοίγοντας σήραγγα που έχει άνοιγμα
 και στις δυο άκρες του. Το μήκος της σήραγγας είναι
 περίπου 1.300 μ., ενώ το ύψος της είναι όσο και το
 πλάτος της, δηλαδή μεγαλύτερο από 2,50 μέτρα. Σε
 όλο το μήκος της σήραγγας έσκαψαν και άλλη σήραγγα με βάθος λίγο πιο πολύ από 10 μέτρα και πλατιά ως 1 μέτρο· μέσα από αυτή περνούν σωλήνες,
 που φέρνουν στην πόλη νερό από μια μεγάλη πηγή.
 Αυτή τη σήραγγα τη σχεδίασε ο μηχανικός Ευπαλίνος από τα Μέγαρα. Το δεύτερο έργο είναι ο μόλος
 που έκαναν στο λιμάνι μέσα στη θάλασσα με βάθος
 37 μέτρα και μάκρος 368 μέτρα. Και το τρίτο: Έφτιαξαν έναν ναό, τον μεγαλύτερο απ' όσους ξέρω. Ο αρχι­
 τέκτονας αυτού του ναού είναι ο Ροίκος απ' τη Σάμο.
 Ηρόδοτος, Ιστορία, Γ ´, 60 (διασκευή)
",history,4,7,6.969169084828138,0.0278853227400598,7,6.802200062724296,0.0798074582898282,3,3.106690883825763,0.0272666597346913,5,4.990178670724163,0.0718242455532099,4,3.9845570623965614,0.0522229987242918,3,3.015858283247553,0.0066024851552851,6,6.131763552302516,0.0323662948506208,7.893308017078908,7,6.714884871704783,0.0513695654704458,7.987255880696466,2.9,9.0,36.95888324873096,0.000890902
763,763,18,19,"2. Τα δικαιώματα των γυναικών αγνοήθηκαν και από τους
 επαναστάτες
 Η Ολυμπία ντε Γκουζ υπήρξε μία από τις μαχητικότερες αγωνίστριες της γαλλικής επανάστασης. Άσκησε αυστηρή κριτική στους
 συντάκτες της Διακήρυξης των δικαιωμάτων του ανθρώπου επειδή
 αγνόησαν τις γυναίκες. Εκτελέστηκε στη λαιμητόμο το 1793.
 Γυναίκες, ξυπνήστε! Το μήνυμα της λογικής ακούγεται σ’ ολόκληρο
 τον κόσμο! Ανακαλύψτε τα δικαιώματά σας! Η ισχυρή αυτοκρατορία
 της φύσης δεν περιβάλλεται πλέον από την προκατάληψη, τον φανατισμό, τη δεισιδαιμονία και τα ψέματα. Η φλόγα της αλήθειας έχει
 σκορπίσει τα σύννεφα της ανοησίας και της καταπίεσης. Ο άνδρας,
 που ήταν μέχρι χθες υποδουλωμένος, έχει πολλαπλασιάσει τη δύναμή του και χρειάζεται και τη δική σας βοήθεια για να σπάσει τις αλυσίδες του. Με το να απελευθερωθεί μόνο αυτός, αδικεί κατάφωρα τη
 σύντροφό του. Γυναίκες, γυναίκες! Πότε θα πάψετε να είστε τυφλές;
 Τι έχετε κερδίσει μέχρι τώρα από την επανάσταση; […] Αγωνιστείτε,
 λοιπόν, για τα δικαιώματά σας.
 D. Levy, H. Applewhite, M. Johnson (επιμ.), «Olympe de Gouges, “Declaration
 of the Rights of Woman and Female Citizen”», Women in Revolutionary Paris, 1785-1795, University of Illinois Press, Urbana 1979, σ. 92.
",history,12,8,7.464142640200293,0.0737410193840546,7,7.141100863361316,0.0777972971192951,4,3.9770237150560277,0.008787103817697,6,5.616105992678399,0.06973541520554,4,4.340260743801082,0.0662623069685459,3,3.0229796832761195,0.0087876111754955,8,7.507987045351797,0.0652357450455458,7.020328354870799,7,6.7839471311090165,0.0452432439852637,7.999284355409145,3.7,13.3,39.297632158590304,0.000746504
764,764,221,222,"Η αρπαγή της
 Περσεφόνης
 από τον Άδη
 - Πλούτωνα.
 Τοιχογραφία από τον
 μικρό μακεδονικό
 τάφο της Βεργίνας.
 340-330 π.Χ.
 Ο θεός του Κάτω
 Κόσμου αρπάζει βίαια
 την Περσεφόνη και την
 ανεβάζει στο άρμα του.
 Δεξιά κατατρομαγμένη
 συντρόφισσα της
 Περσεφόνης. Πιθανόν
 έργο του
 μεγάλου ζωγράφου
 Νικόμαχου.
 (Βεργίνα, τάφος Α΄)
",history,10,7,6.932188548730409,0.0260074742610687,7,6.905951763470512,0.078641631437528,3,2.998503548766166,0.0009093371429713,7,6.43950928184131,0.077622067223032,4,3.9036311799427494,0.0600033927877538,4,4.000591003730733,0.0259486566543976,7,6.982095794953679,0.0622090111569703,7.997814679548583,7,6.948485425265062,0.0162207648949145,7.995197825246571,-0.8,9.0,35.23809523809524,0.000684577
765,765,29,30,"B Οι πηγές αφηγούνται...
 1. Εμπορικές συναλλαγές
 «4 Αυγούστου 1695. Ο Ιωάννης Πέγιος από την Καστοριά γράφει “...σου έστειλα με το γαλλικό καράβι
 68 μικρά δέματα κερί, 46 σακιά μαλλί και με το σημερινό 20 μικρά δέματα κερί, καλά προφυλαγμένα,
 και 18 σακιά μαλλί και είναι όλο το κερί 88 μικρά δέματα και όλο το μαλλί 64 σακιά και να τα πουλήσεις
 στην πιο καλή τιμή. Μάθε πως με τον πατέρα σου είμαστε τσακωμένοι και πιστεύω πως έστειλε να μου
 κατασχέσουν μέρος της περιουσίας και να με ντροπιάσει και μην βάλεις στο μυαλό σου ότι δεν έχω
 διαφορά με αυτόν, παρά έκαμε συντροφιά με άλλους φίλους και μου το έκαμαν αυτό σήμερα”».
 Κωνσταντίνου Δ. Μέρτζιου, Μνημεία μακεδονικής ιστορίας, β΄ έκδοση, Θεσσαλονίκη 2007, σ. 211.
 (Απόδοση στα νέα ελληνικά)
",history,6,7,6.93754005578883,0.0353437671687964,8,7.439404460888909,0.0761780407733404,3,3.0000209137484717,2.104489476082402e-05,5,5.303042391364784,0.0639508327024227,4,3.7004946397282765,0.0684540830853725,3,2.9984888632300013,0.0013992275937011,7,6.824046757724432,0.040673008013726,7.952560886440551,7,6.735490092258914,0.0514188844775777,7.9932517721899785,3.3,10.5,40.095238095238095,0.000844207
766,766,102,103,"παράθεμα 2 Το τέχνασμα του Λύσανδρου
 Οι στόλοι της Αθήνας και της Σπάρτης βρίσκονταν ο ένας απέναντι στον άλλο στα στενά του Ελλησπόντου. Ο αρχηγός του
 στόλου των Σπαρτιατών Λύσανδρος δε φαινόταν πρόθυμος
 να δώσει μάχη. Οι Αθηναίοι νόμισαν ότι οι Σπαρτιάτες φοβούνταν. Κατέβηκαν λοιπόν στη στεριά και άρχισαν να αγοράζουν
 ό,τι χρειάζονταν. Ο Λύσανδρος, έχοντας έτοιμο τον στόλο
 του, βρισκόταν στην άλλη πλευρά των στενών, απέναντι από
 τους Αθηναίους. Έδωσε εντολή σ’ ένα πλοίο του να πλεύσει
 στο μέσο της απόστασης. Απ’ εκεί οι ναύτες παρακολουθούσαν τους Αθηναίους. Μόλις τους είδαν να έχουν κατέβει στην  
 ξηρά, ύψωσαν μια ασπίδα. Ο Λύσανδρος, μόλις είδε την ασπίδα, διέταξε τον  στόλο να πλεύσει ολοταχώς. Οι Αθηναίοι που
 βρίσκονταν ακόμη στην ξηρά τα έχασαν. Έτρεξαν για τα
 πλοία, αλλά δεν πρόφτασαν. Πιάστηκαν όλοι αιχμάλωτοι.
 Ξενοφώντας, Ελληνικά, 1, 2, 27-28 (διασκευή)
",history,4,6,6.016382057664066,0.0069289112653036,7,6.9748219511766365,0.0775893857225763,3,3.000002979736337,5.06692482699464e-06,4,4.025924126886821,0.0097291392135042,4,3.9233962572543533,0.0599266860322904,3,2.999965655974023,0.0004110144490068,6,6.001545060917124,0.0009723856230767,7.9740412898642035,5,4.564158864081037,0.0558365158388297,7.00031007252619,0.3,9.2,38.37104072,0.000808487
767,767,13,14,"άλωση της Κωνσταντινούπολης από τους Οθωμανούς Τούρκους, το 1453, ήταν η κατάληξη της παρακμής του βυζαντινού κόσμου. Ήδη από τον 13ο αιώνα η άλλοτε ένδοξη Βυζαντινή Αυτοκρατορία
 αντιμετώπιζε πολλά πολιτικά, κοινωνικά και οικονομικά προβλήματα. Ξένες φυλές από το Βορρά και την
 Ανατολή εισέρχονταν στην περιοχή με ειρηνικό ή βίαιο τρόπο, ενώ Χριστιανοί της Δύσης, κυρίως οι Βένετοι, εκμεταλλεύονταν τα σπουδαιότερα εμπορικά λιμάνια, με αποτέλεσμα τον οικονομικό μαρασμό των
 εντοπίων. Μέσα σε δύο περίπου αιώνες ολόκληρη η ελληνική Χερσόνησος κατακτήθηκε από τους Οθωμανούς Τούρκους. Μόνο τα Ιόνια Νησιά, με εξαίρεση τη Λευκάδα για κάποια χρονικά διαστήματα, δεν
 πέρασαν ποτέ στην οθωμανική εξουσία. Παρέμειναν μάλιστα στην εξουσία των Βενετών έως το 1797, πότε
 πέρασαν στα χέρια των Γάλλων και στη συνέχεια των Άγγλων. Η περίοδος από την κατάκτηση της ελληνικής Χερσονήσου, στα μέσα του 15ου αιώνα, έως και τη Μεγάλη Επανάσταση του 1821, που οδήγησε στον
 σχηματισμό του νέου ελληνικού κράτους, ονομάζεται Τουρκοκρατία.
 ι δύο πρώτοι αιώνες της Τουρκοκρατίας ήταν οι δυσκολότεροι για τους Χριστιανούς. Οι δημογραφικές, οικονομικές και κοινωνικές μεταβολές ήταν μεγάλες. Αρκετοί κάτοικοι μετακινήθηκαν σε ορεινούς τόπους της Οθωμανικής Αυτοκρατορίας. Επίσης, οι βυζαντινοί άρχοντες εξαφανίστηκαν μετά την
 Άλωση. Τέλος, αρκετοί λόγιοι έφυγαν στη Δυτική Ευρώπη. Όλα αυτά επηρέασαν αρνητικά τη συνοχή
 του ελληνικού πληθυσμού. Τελικά όμως οι υπόδουλοι Έλληνες δεν αφομοιώθηκαν, αφού κατάφεραν να
 διαφυλάξουν, με τη βοήθεια και της Εκκλησίας, τρία βασικά στοιχειά της εθνικής τους ταυτότητας: τη θρησκεία, τη γλώσσα και την παράδοση.
 πό τα μέσα του 16ου αιώνα, η θέση των Ελλήνων στις τουρκοκρατούμενες περιοχές σταδιακά βελτιώθηκε. Την εποχή αυτή μειώθηκαν οι στρατιωτικές συγκρούσεις στην ελληνική Χερσόνησο και περιορίστηκε η φορολογία και το παιδομάζωμα. Οι εξελίξεις αυτές στην τουρκοκρατούμενη Ελλάδα, με τη συμβολή
 των Ελλήνων της Διασποράς, τόνωσαν την παιδεία και οδήγησαν προοδευτικά το έθνος στην εκπαιδευτική
 αναγέννηση του 18ου αιώνα, που προετοίμασε το έδαφος για την Απελευθέρωση.
 ρκετά προβλήματα αντιμετώπιζαν και οι Έλληνες υπήκοοι των Βενετών. Έως τον 16ο αιώνα δεν τους
 επιτρεπόταν η συμμετοχή στη διοίκηση, ενώ οι Βένετοι κατείχαν τα ανώτερα θρησκευτικά αξιώματα
 και την περιουσία της Εκκλησίας. Αυτοί οι περιορισμοί, σε συνδυασμό με άλλες διακρίσεις, όπως η βαριά
 φορολογία και η συμμετοχή σε αγγαρείες για την κατασκευή δημοσίων έργων, προκαλούσαν συχνά διαμαρτυρίες ακόμη και εξεγέρσεις εναντίον των κατακτητών, με γνωστότερη την εξέγερση στη Ζάκυνθο το
 1628, γνωστή ως «ρεμπελιό των ποπολάρων».
 Καθώς όμως περνούσαν τα χρόνια και αρκετές βενετικές κτήσεις έπεφταν στα χέρια των Οθωμανών
 Τούρκων, οι Βένετοι άρχισαν να γίνονται πιο φιλικοί προς τους Έλληνες, που είχαν αναλάβει και το βάρος
 της άμυνας. Οι διακρίσεις σε βάρος των Ελλήνων στις βενετοκρατούμενες περιοχές περιορίσθηκαν επίσης
 και λόγω της μακραίωνης συνύπαρξης, που συχνά οδηγούσε σε μικτούς γάμους και σε κοινές οικονομικές
 δραστηριότητες.
",history,6,8,7.874663801569028,0.0311515199367491,6,6.269415441239111,0.0470125394341455,4,3.9983949599336484,0.0010864296945012,7,6.9870118289581455,0.0040406247300473,4,3.8094500112420064,0.051446387099373,3,3.148062844242304,0.0336835919377514,8,7.880968042442447,0.0306315906735306,7.377536594725257,7,6.999806322825748,0.0004680714478339,7.99682259728641,4.0,16.3,57.80217669654289,0.00111353
768,768,150,151,"και εκτελέστηκαν οι έξι πρώτοι· αυτή ήταν η «δίκη των έξι».
 Η συνθήκη της Λοζάνης (1923) Παράλληλα, άρχισαν στη Λοζάνη της Ελβετίας διαβουλεύσεις για την υπογραφή
 μιας νέας συνθήκης ειρήνης. Εκπρόσωπος της Ελλάδας σε αυτές ορίστηκε, από την επαναστατική κυβέρνηση, ο Ελευθέριος Βενιζέλος. Μετά από πολύμηνες συζητήσεις υπογράφτηκε, στις 24 Ιουλίου 1923, η συνθήκη της Λοζάνης, με την
 οποία επισημοποιήθηκε η τουρκική κυριαρχία στη Μικρά Ασία και στην Α. Θράκη, ενώ παραχωρήθηκαν στην Τουρκία
 και η Ίμβρος με την Τένεδο. Επίσης, στη συνθήκη της Λοζάνης ενσωματώθηκε ελληνοτουρκική σύμβαση ανταλλαγής
 πληθυσμών (Ιανουάριος 1923), σύμφωνα με την οποία όλοι οι ορθόδοξοι χριστιανοί της Τουρκίας έπρεπε να μετοικήσουν στην Ελλάδα και όλοι οι μουσουλμάνοι της Ελλάδας να ακολουθήσουν τον αντίστροφο δρόμο. Εξαιρέθηκαν το
 Πατριαρχείο Κωνσταντινουπόλεως και οι Έλληνες της Κωνσταντινούπολης, της Ίμβρου και της Τενέδου (125.000 τότε),
 καθώς και οι μουσουλμάνοι της Δ. Θράκης
 2. Η επαναστατική κυβέρνηση προχωρά στη διανομή γαιών
 (118.000 τότε).
 Μετά την υπογραφή στη Λωζάνη της Σύμβασης για την υποχρεωτική
 Κοινωνικές και πολιτικές εξελίξεις στην
 ανταλλαγή
 πληθυσμών μεταξύ Ελλάδας και Τουρκίας (30 Ιανουαρίου 1923)
 Ελλάδα Η ελληνική επαναστατική κυβέρνηση
 και μπροστά στο πελώριο πρόβλημα της προσφυγικής αποκατάστασης,
 είχε να αντιμετωπίσει επείγοντα και σοβαρά
 παραμερίστηκε στις 14 Φεβρουαρίου το τελευταίο εμπόδιο που απέμενε
 προβλήματα. Η ραγδαία επιδείνωση της οικογια την αναγκαστική απαλλοτρίωση των τσιφλικιών: η συνταγματική απαίνομικής κατάστασης, η κατακόρυφη πτώση
 τηση να προηγείται «πλήρης» αποζημίωση των γαιοκτημόνων. Μετά την
 των μισθών και η επείγουσα ανάγκη αποκατάαναστολή της σχετικής διάταξης, όχι μόνο επιτρεπόταν η κατάληψη των
 στασης των παλαιών πολεμιστών (πολλοί από
 ιδιοκτησιών και πριν από την καταβολή αποζημιώσεων αλλά και η ίδια η
 αυτούς είχαν πολεμήσει 10-12 χρόνια) και των
 αποζημίωση έγινε σε κρατικές ομολογίες 30ετούς διάρκειας (που γρήγοπροσφύγων έκαναν επιτακτική τη λήψη μέρα απαξιώθηκαν). Άρχισε έτσι η άμεση απαλλοτρίωση και διανομή γαιών
 τρων. Σε αυτές τις συνθήκες, λοιπόν, και επιείτε σε πρόσφυγες είτε σε γηγενείς ακτήμονες, που επρόκειτο να ολοπλέον ωθούμενη από τη γενική ανάγκη αύξηκληρωθεί κατά το μεγαλύτερο μέρος της σε τρία μόλις χρόνια.
",history,12,8,7.98904521525958,0.0053084008840355,7,6.984792211892682,0.0185596975086855,4,3.9999036822664493,0.0001246409147509,7,6.786732073240273,0.0444614295497128,6,5.560264296008427,0.0628905123402435,3,3.0203304638903035,0.0079796761895108,8,7.586172969584936,0.0620175410247601,7.222696479428464,7,6.99529155883522,0.0024114496288763,7.994777438394976,5.3,18.5,66.16467727674625,0.001331514
769,769,224,225,"Απέναντι στη μάζα των αυτοχθόνων (οι Έλληνες) αποτελούσαν ένα σύνολο ομοιογενές
 ως προς το πολιτισμικό επίπεδο. Ομοιογενές, πρώτα λόγω της γλώσσας, της λεγόμενης
 «κοινής», που η χρήση της απλώνεται παντού στον κόσμο της Ανατολής κατά τον 3ο
 αιώνα. Ομοιογενές και ως προς τον τρόπο ζωής που έχει σαν σύμβολο το γυμνάσιο,
 τόπο συνάντησης, άσκησης, συζήτησης, στο οποίο οφείλουν να ανήκουν όσοι θέλουν
 να λογίζονται Έλληνες. Γυμνάσια θα βρούμε και στις πιο μικρές πόλεις, ακόμα και
 στη «χώρα» όπου υπάρχουν στρατιωτικές αποικίες απομονωμένες, οι οποίες ζουν με
 την αυταπάτη ότι «παριστάνουν την πόλη». Η ένταξη στο γυμνάσιο γίνεται έτσι για
 ορισμένους ιθαγενείς το σήμα της ανύψωσής τους στη σειρά των κατακτητών. Αλλά ας
 μην ξεγελιόμαστε· αυτοί για τους οποίους εφευρέθηκε το ρήμα «ελληνίζω» αποτελούν μια
 μειοψηφία, τόσο για την Αίγυπτο, όσο και στην αυτοκρατορία των Σελευκιδών, ή, ακόμα,
 στην πολύ ιδιόμορφη επαρχία που είναι η Ιουδαία. Ακόμη θα πρέπει να θυμίσουμε ότι η
 Βίβλος μεταφράστηκε από τα εβραϊκά στα ελληνικά, για τους Εβραίους της Αλεξάνδρειας.
 Claude Mossé, Annie Schnapp-Gourbellon, Επίτομη Ιστορία της αρχαίας Ελλάδας,
 μετ. Λύντιας Στεφάνου, Εκδ. Παπαδήμα, Αθήνα 20023, σσ. 447-448
 Τι ήταν το Γυμνάσιο;
",history,10,8,7.989440028852925,0.0051576659590333,8,7.878648369828852,0.0300700796096078,4,3.9998516980394925,0.0001342844335965,7,6.9966950836460455,0.0017800778491241,4,4.551437168545817,0.0914390857420128,4,3.9399408050008304,0.018268785247965,8,7.994819351470873,0.0026640711837159,7.053397454921878,7,6.999798306402425,0.0002645338245955,7.998824870361659,2.8,13.2,48.24608150470219,0.000945627
770,770,214,215,"2. Μιχαήλ Γκορμπατσόφ:
 Ο τελευταίος ηγέτης της
 Σοβιετικής Ένωσης δεν
 κατάφερε να ελέγξει τις
 μεταρρυθμίσεις που
 προσπάθησε να
 εφαρμόσει, με αποτέλεσμα
 την ανατροπή τόσο του
 ίδιου όσο και του
 σοβιετικού καθεστώτος.
",history,12,6,5.999896487366385,0.0012461739597978,4,3.999889395835936,0.0002614689429945,3,2.5926660565822033,0.054274768020698,4,4.076242449610049,0.0221777700740229,3,3.473933780539369,0.0579083066227002,3,2.777303543815581,0.0425878577140517,5,5.440656969969801,0.0560140767091295,7.962672785112332,5,4.880607089686237,0.0783653894754157,7.067467354776454,8.3,21.9,51.785714285714285,0.000831105
771,771,104,105,"ο 1854 οργανώθηκε στη Μακεδονία επαναστατικό κίνημα εναντίον των Οθωμανών, με
 τη συμμετοχή εθελοντών από την ελεύθερη Ελλάδα. Τη στρατολογία, τον εφοδιασμό
 και την αποστολή εθελοντών αναλάμβαναν συνήθως μυστικές εταιρείες από την ελεύθερη
 Ελλάδα, όπως η «Αδελφότης» και η «Εθνική Άμυνα», καθώς το ελληνικό κράτος υιοθετούσε
 επίσημα ουδέτερη στάση. Παλιοί και έμπειροι αγωνιστές, όπως ο Θεόδωρος Ζιάκας και ο
 Τσάμης Καρατάσος, μαζί με ντόπιους Μακεδόνες πολέμησαν εναντίον των Τούρκων αλλά
 αναγκάστηκαν να εγκαταλείψουν τη Μακεδονία, ύστερα από μεσολάβηση των Μεγάλων
 Δυνάμεων και κάτω από την πίεση της Οθωμανικής Αυτοκρατορίας.
 Μερικά χρόνια αργότερα, το 1878, Έλληνες επαναστάτες από την ελεύθερη Ελλάδα
 και τη Μακεδονία ξεσηκώθηκαν και κήρυξαν την ένωσή της με το ελληνικό κράτος. Ο
 λοχαγός Κοσμάς Δουμπιώτης αποβιβάστηκε στο Λιτόχωρο της Πιερίας με εθελοντές. Με
 τη βοήθεια του Επισκόπου Κίτρους Νικόλαου οι επαναστάτες αντιμετώπισαν πολυάριθμες
 τουρκικές στρατιωτικές δυνάμεις, αλλά τελικά ηττήθηκαν και διασκορπίστηκαν.
 Παρόλο που η επανάσταση στη Μακεδονία το 1878 απέτυχε, η ελληνική Κυβέρνηση
 την επικαλέστηκε στο Συνέδριο του Βερολίνου για να πείσει τις Μεγάλες Δυνάμεις να μην
 παραχωρήσουν την περιοχή στη Βουλγαρία, που την διεκδικούσε. Έτσι, η Μακεδονία παρέμεινε επαρχία της Οθωμανικής Αυτοκρατορίας.
 Παρακινημένη από την προσάρτηση των Επτανήσων στο ελληνικό κράτος, επαναστάτησε το 1866 η Κρήτη ζητώντας να ενωθεί με την Ελλάδα. Η Κρητική Επανάσταση κορυφώθηκε με το ολοκαύτωμα στο Αρκάδι. Στη μονή Αρκαδίου, κοντά στο Ρέθυμνο, κλείστηκαν
 επαναστάτες για να αντιμετωπίσουν τα τουρκικά στρατεύματα. Εκεί κατέφυγαν και γυναικόπαιδα για να προστατευθούν. Οι πολιορκημένοι, για να μην αιχμαλωτιστούν από τους
 Τούρκους, ανατινάχθηκαν τον Νοέμβριο του ίδιου χρόνου.
 Το ολοκαύτωμα στο Αρκάδι σκόρπισε μεγάλη συγκίνηση στη Δυτική Ευρώπη. Ωστόσο,
 μετά από σύσκεψη των Μεγάλων Δυνάμεων, το ελληνικό κράτος αναγκάσθηκε να μην υποστηρίζει επαναστατικά κινήματα εντός της Οθωμανικής Αυτοκρατορίας αλλά και να πληρώσει αποζημίωση στους Οθωμανούς.
 Το 1896 η Μακεδονία και η Κρήτη εξεγέρθηκαν ταυτόχρονα αλλά οι πολεμικές επιχειρήσεις διακόπηκαν και πάλι, μετά από παρέμβαση των Μεγάλων Δυνάμεων. Ως αντάλλαγμα, ο Σουλτάνος υποχρεώθηκε να παραχωρήσει αυτονομία στην Κρήτη. Οι ένοπλοι
 αγώνες, αν και με καθυστέρηση, άρχισαν να δικαιώνονται.
",history,6,8,7.985941660459041,0.0060303309452799,7,6.90517248244068,0.0256202142757695,4,3.9983037381734903,0.0010119456956903,7,6.976967854548491,0.0084639174983377,4,4.01478425696223,0.0437358025971511,3,3.095349272476369,0.025282582020036,8,7.907024277841842,0.0255973041993296,7.095346104246005,7,6.99947998253046,0.0004593748311001,7.9984848122843175,3.3,16.5,58.96666666666667,0.001141383
772,772,64,65,"Η αληθινά δύσκολη αυτή περίοδος, κατά την οποία ο ελληνικός κόσμος, εξασθενημένος,
 έζησε αναδιπλωμένος στον εαυτό του, ήταν πολύ μικρή. Από τα μέσα του 10ου αιώνα
 παρατηρείται μια τεχνολογική, δημογραφική και πνευματική αναγέννηση.
 Με τις κινήσεις των ελληνικών φύλων που σημειώνονται κατά τη διάρκεια του 12ου αιώνα
 π.Χ. και την εγκατάστασή τους στις διάφορες περιοχές της Ελλάδας σταθεροποιείται η
 διανομή τους στην εδαφική έκταση και διαμορφώνονται τα μόνιμα πλέον χαρακτηριστικά
 τους. Ο γεωγραφικός παράγοντας έπαιζε πρωταρχικό ρόλο σε αυτές τις μετακινήσεις.
 Γενικώς, παρατηρείται μια κίνηση από τα βόρεια προς τα νότια. Οι Δωριείς, το τελευταίο
 ελληνικό φύλο που μετακινείται μαζικά, από την Πίνδο όπου ζούσαν, μετακινήθηκαν προς
 τον Νότο και εγκαταστάθηκαν στην Πελοπόννησο και σε ένα τμήμα της Στερεάς. Στη συνέχεια
 προωθήθηκαν σε μερικές από τις Κυκλάδες (Μήλο, Θήρα) και αργότερα στην Κρήτη. Οι
 Θεσσαλοί, που ζούσαν και αυτοί στην περιοχή της Πίνδου, εγκαταστάθηκαν στη σημερινή
 Θεσσαλία, εξαναγκάζοντας τους παλαιούς κατοίκους της, Βοιωτούς και Αιολείς, τους μεν
 πρώτους να μετακινηθούν προς τη σημερινή Βοιωτία, τους δε δεύτερους να μεταναστεύσουν
 στη Λέσβο, στην Τένεδο και στα βόρεια της Μικράς Ασίας. Τέλος, οι Ίωνες των βόρειων
 παραλίων της Πελοποννήσου καταφεύγουν στην Αττική, στην Εύβοια και στις Κυκλάδες.
 Οι νέες κοινότητες είναι φυλετικές. Και το κράτος που δημιουργείται από τη συνένωση
 πολλών κοινοτήτων είναι φυλετικό. Αρχηγός του είναι ο βασιλιάς, ο οποίος εκλέγεται από τη
 συνέλευση των πολεμιστών. Αργότερα το αξίωμα μεταβάλλεται σε κληρονομικό. Η κυριότερη
 αρμοδιότητα του βασιλιά είναι η αρχιστρατηγία, γι’ αυτό στο αξίωμα του βασιλιά εκλέγεται ο
 ικανότερος πολεμιστής.
",history,10,8,7.993422660679435,0.0033694403205934,8,7.731035269491215,0.0468332602482829,4,3.9999602086027153,0.0001108489849405,7,6.99964235497464,0.0002477785651403,5,4.662619165086653,0.0721510605577673,3,3.002469971507253,0.0013931955402521,8,7.979840135528391,0.0082040599623015,7.037318893253087,7,7.000086489249174,0.0001084792803732,7.998663828474605,2.7,14.3,49.024452133794696,0.000998147
773,773,70,71,"παράθεμα 1 Το τέχνασμα του Θεμιστοκλή
 Ο Θεμιστοκλής τότε δεν μπορούσε να πείσει τους Αθηναίους με τη
 λογική, γι’ αυτό χρησιμοποίησε ένα τέχνασμα. Παρουσίασε λοιπόν
 στους συμπολίτες του θεϊκά σημάδια και χρησμούς. Ως θεϊκό σημάδι
 θεώρησε το περιστατικό με το φίδι, που βρισκόταν στον ναό της Αθηνάς στο Ερέχθειο. Αυτό εξαφανίστηκε εκείνες τις μέρες από τον ναό
 και οι ιερείς έβρισκαν άθικτες τις τροφές που του πρόσφεραν καθημερινά. Ο Θεμιστοκλής εξήγησε ως εξής αυτό το παράξενο γεγονός: 2. Νόμισμα της Αθηνάς
 είπε πως τάχα η θεά εγκατέλειψε την πόλη τους και τους έδειχνε τον Νίκης. Πάνω στο κράδρόμο για τη θάλασσα. Και τον χρησμό επίσης εξήγησε λέγοντας ότι νος υπάρχει κλαδί
 το «ξύλινο τείχος» δε σήμαινε τίποτε άλλο παρά τα πλοία. Στο τέλος ελιάς, σύμβολο νίκης.
 επικράτησε η γνώμη του. Έπεισε μάλιστα τους Αθηναίους να μπούνε (Βερολίνο,
 Αρχ. Μουσείο)
 στα καράβια και να φροντίσει ο καθένας να τακτοποιήσει τα γυναικόπαιδα και τους δούλους όπως μπορούσε. Όταν πήραν επίσημη απόφαση, οι πιο πολλοί Αθηναίοι μετέφεραν τους γονείς τους, τις γυναίκες και τα παιδιά τους στην Τροιζήνα. Οι Τροιζήνιοι
 τους υποδέχτηκαν φιλόξενα. Στα παιδιά των Αθηναίων επέτρεψαν να κόβουν φρούτα από παντού. Επίσης αποφάσισαν να πληρώνουν μισθούς σε δασκάλους για την εκπαίδευσή τους.
 Πλούταρχος, Θεμιστοκλής, 10 (διασκευή)
",history,4,7,6.988701480218026,0.0088570503894746,7,7.044769432777684,0.0475607586810259,3,3.000626379053287,0.0004214237722477,5,5.05020648029506,0.0352467302034347,4,4.025644974189163,0.0583256754215052,3,2.9996246757364133,0.0002759977625174,7,7.038575173254003,0.0668106554480731,7.994084158058428,6,5.847955814987131,0.0763394140580307,7.037323281230329,0.9,9.9,42.21121866468106,0.000861183
774,774,23,24,"B Οι πηγές αφηγούνται...
 1. Τι είναι το «Ρωμαίικο»
 «Ρωμαίικον. Στις ψυχές όλων των απλών Χριστιανών, που ήταν υποτελείς στο κράτος της Τουρκίας εδώ
 και τέσσερις αιώνες (αφότου δηλαδή κυριεύτηκε από τους Τούρκους η λεγόμενη Ευρωπαϊκή Τουρκία
 και έπειτα η ίδια η Κωνσταντινούπολη) διαφυλασσόταν η ιδέα και η ελπίδα της απελευθέρωσης και
 ανάκτησης της Βυζαντινής Αυτοκρατορίας με το όνομα “ρωμαίικον”. Έλαβε την ονομασία αυτή από
 τους Ρωμαίους αυτοκράτορες της Κωνσταντινούπολης, από τους οποίους ονομάστηκε και ολόκληρη
 η Βυζαντινή Αυτοκρατορία Ρωμαϊκό Κράτος ή και απλώς “Ρωμαίικον”, το οποίο ισοδυναμεί με τη λέξη
 “ελευθερία” για τους χριστιανούς υπόδουλους της Τουρκίας. Αυτή λοιπόν η ιδέα, “ρωμαίικον” έμεινε
 ριζωμένη στις καρδιές των χριστιανών Ελλήνων και ομοθρήσκων...».
 Γεωργίου Γαζή, γραμματικού του Καραϊσκάκη, Λεξικόν της Επαναστάσεως και άλλα έργα, επιμέλεια Λ. Βρανούσης, Ιωάννινα 1971, σ. 132.
 (Απόδοση στα νέα ελληνικά)
",history,6,8,7.998519411850573,0.0009250643372766,7,6.72969314951888,0.06520888380059,4,3.9999689066044084,4.490123060818664e-05,7,6.457246229524799,0.0685855701238933,4,4.225572068775364,0.0729537340997895,3,3.2235277239661073,0.0429284718934501,8,7.999608719759919,0.0004174143443384,7.000622502332135,7,6.9744328972446965,0.0095892227362767,7.987453110763454,2.8,15.0,51.35714285714286,0.000971003
775,775,108,109,"Ματιά στο παρελθόν
 Η Μετανάστευση
 Η οικονομική κρίση, που αντιμετώπισε η Ελλάδα τις τελευταίες δεκαετίες του 19ου αιώνα, προκάλεσε μεγάλα
 προβλήματα στον αγροτικό πληθυσμό της χώρας. Πολλοί άνδρες κυρίως από την Πελοπόννησο και τη Στερεά
 Ελλάδα, στην πλειονότητά τους αγρότες, υποχρεώθη- Έλληνες μετανάστες φτάνουν στις ΗΠΑ στις αρχές του 20ου αιώνα
 καν τότε, εξαιτίας των προβλημάτων στο εμπόριο της
 σταφίδας, να μεταναστεύσουν στο εξωτερικό αναζητώντας καλύτερες συνθήκες ζωής. Οι Ηνωμένες Πολιτείες
 της Αμερικής αποτέλεσαν δημοφιλή προορισμό των Ελλήνων μεταναστών. Εμπορικοί πράκτορες και εταιρείες
 ακτοπλοϊκών μεταφορών φρόντιζαν για την ασφαλή μεταφορά τους στις νέες πατρίδες. Ήταν η αφετηρία μιας
 μεταναστευτικής κίνησης, που επρόκειτο να συνεχιστεί και τον 20ό αιώνα.
",history,6,6,6.085944340581591,0.0236831509193782,6,6.002222641959577,0.0149667152224034,3,3.0005522344507085,0.0003778421187704,5,4.632066785995875,0.0562556316715636,3,3.2747919344418506,0.0488111898394268,3,3.0031694814651644,0.0017243856083729,6,6.003191145697656,0.0017361083855254,7.974039801870788,5,5.351174591873587,0.0684556338771341,7.009371374093462,4.6,18.5,63.16666666666666,0.001264147
776,776,240,241,"(Ο Αγέλαος) είπε πως ποτέ δεν πρέπει να πολεμούν οι Έλληνες μεταξύ τους, αλλά να
 χρωστούν μεγάλη χάρη στους θεούς, αν μπορούσαν, με μια σκέψη και δένοντας τα χέρια, όπως
 αυτοί που περνάνε ποτάμια, να αποκρούουν τις επιθέσεις των βαρβάρων σώζοντας τον εαυτό
 τους και τις πόλεις τους. Αν όμως αυτό είναι εντελώς αδύνατον, έλεγε με έμφαση, τουλάχιστον
 τώρα έπρεπε να συμφωνήσουν και να φυλάγονται λαμβάνοντας υπόψη τους ισχυρούς
 στρατούς και τον μεγάλο πόλεμο που είχε αρχίσει στη Δύση. Γιατί είναι φανερό στον καθένα,
 που και λίγο ανακατεύεται με την πολιτική, ότι, είτε οι Καρχηδόνιοι νικήσουν τους Ρωμαίους
 είτε οι Ρωμαίοι τους Καρχηδόνιους, είναι φυσικό να μην περιοριστούν οι νικητές με κανέναν
 τρόπο στην κυριαρχία της Ιταλίας και της Σικελίας, αλλά να έρθουν στην Ελλάδα και να
 προσπαθήσουν να επεκτείνουν τα σχέδιά τους και την εξουσία τους… Δεν πρέπει να περιμένει
 να σταθούν πάνω από την Ελλάδα τα νέφη που συσσωρεύονται στη Δύση…
 Πολύβιος, Ε. 104. 1-3, 10 (μετ. Ν.Δ. Τριανταφυλλόπουλου)
 Η κατάσταση
 στην Ελλάδα
 Ο Φλαμινίνος. Οι
 ελληνικές πόλεις
 για να τιμήσουν τον
 Φλαμινίνο έκοψαν
 νομίσματα με τη
 μορφή του.
 (Αθήνα, Νομισματική
 Συλλογή Εθνικού
 Αρχαιολογικού
 Μουσείου)
 Η πολιτική του
 «διαίρει και
",history,10,8,7.999374939397555,0.0006635471937954,8,7.9965635775277235,0.0025577656648922,4,3.999828669307135,0.0001469015747044,7,6.998307600382077,0.0009243589424128,4,3.767786891636206,0.0677976961131261,4,3.5624769925650206,0.0551938370999321,8,7.999742663815965,0.0003704790737619,7.015902318552207,7,6.999253898948666,0.0005244574166127,7.998052845334314,6.9,17.2,56.55357142857143,0.000880166
777,777,137,138,"την τύχη της. Τα Στενά τέθηκαν υπό διεθνή έλεγχο. Έτσι, η Οθωμανική αυτοκρατορία διαλυόταν.
 Η προσδοκία αποφυγής νέων συγκρούσεων οδήγησε τις νικήτριες χώρες στη δημιουργία της Κοινωνίας των
 Εθνών (ΚτΕ), ενός διεθνούς οργανισμού όπου θα μπορούσαν να απευθύνονται τα κράτη για να επιλύουν ειρηνικά
 τις μεταξύ τους διαφορές. Ωστόσο, κάθε κράτος-μέλος της Κοινωνίας των Εθνών είχε δικαίωμα να ασκήσει βέτο
 (αρνησικυρία), εμποδίζοντας τη λήψη μιας απόφασης, αλλά και να μη συμμορφωθεί προς τις υποδείΓΙΑ ΜΙΑ ΑΛΛΗ ΜΑΤΙΑ ΣΤΟ ΠΑΡΕΛΘΟΝ…
 ξεις που θα του γίνονταν. Τα δύο αυτά στοιχεία
 Ο Α´ Παγκόσμιος πόλεμος στον κινηματογράφο
 έμελλε να λειτουργήσουν διαλυτικά για την Κοινω0 Τσάρλι Τσάπλιν, Παρουσιάστε αρμ (1918).
 νία των Εθνών.
 Ένας απλός ανθρωπάκος πηγαίνει στον πόλεμο φιλοδοξώντας να γίνει ήρωας.
 0 Λούις Μίλστοουν, Ουδέν νεώτερον από το δυτικό μέτωπο
 ΑΣΚΗΣΕΙΣ – ΔΡΑΣΤΗΡΙΟΤΗΤΕΣ
 (1930).
 1. Να μελετήσετε την πηγή. Σε ποιο βαθμό εφαρΤαινία βασισμένη στο ομότιτλο έργο του Ε.Μ. Ρεμάρκ.
 μόστηκαν οι διακηρύξεις του προέδρου Ουίλ0 Στάνλεϊ Κιούμπρικ, Σταυροί στο μέτωπο (1957).
 σον στις συνθήκες που υπογράφτηκαν μετά τον
 Η σημαντικότερη, ίσως, ταινία για τον Α´ Παγκόσμιο πόπόλεμο;
 λεμο.
 2. Ποιες από τις συνθήκες που υπογράφτηκαν με0 Μάριο Μονιτσέλι, Ο Μεγάλος Πόλεμος (1959).
 τά το τέλος του Α´ Παγκόσμιου πολέμου αφοΗ καλύτερη ιταλική ταινία για τον Α´ Παγκόσμιο πόλεμο.
 ρούσαν και την Ελλάδα και τι προέβλεπε καθε0 Ντέιβιντ Λιν, Ο Λόρενς της Αραβίας (1962).
 μιά από αυτές; Η Ελλάδα έχασε ή κέρδισε εδάΟ ξεσηκωμός των Αράβων από τους Βρετανούς κατά τον
 φη; Πριν απαντήσετε, να μελετήσετε τον χάρτη
 Α´ Παγκόσμιο πόλεμο.
 της σ. 99.
 0 Πίτερ Γουέιρ, Καλλίπολις (1981).
",history,12,8,7.986074888544202,0.0057600049665542,7,7.180995784461629,0.038919656044343,3,3.3486468864202834,0.0519263954407181,6,6.1033635255575405,0.0784759695435219,4,4.34395169943582,0.0643797271387639,3,3.3212370471549093,0.0505804565699427,8,7.981481249798833,0.0071658599214985,7.00857347193687,7,6.9747670823999215,0.0095118985359453,7.998063825622921,1.7,11.5,38.92045454545455,0.000750229
778,778,14,15,"Δε γνωρίζουμε αν οι άνθρωποι είχαν ατομική
 ιδιοκτησία της γης. Το πιο πιθανό είναι ότι η γη ανήκε
 συλλογικά στην κοινότητα. Τα νεολιθικά κοπάδια, από
 οικόσιτα ζώα, πρέπει να ήταν μικρά. Την ευθύνη για τη
 βοσκή τους μπορεί να την είχε ολόκληρη η κοινότητα.
 Ο άνθρωπος της Νεολιθικής εποχής στην Ελλάδα
 δεν είναι μόνος. Αποτελεί αναπόσπαστο μέρος μιας
 ευρύτερης ομάδας, της κοινότητας. Τέλος, η μελέτη
 των τρόπων ταφής των νεκρών, γενικώς η φροντίδα γι’
 αυτούς, μας οδηγεί στο συμπέρασμα ότι ο νεολιθικός
 άνθρωπος στην Ελλάδα χαρακτηρίζεται από έντονο
 θρησκευτικό συναίσθημα.
 Εκτός από τα ειδώλια, τα κοσμήματα και άλλα
 διακοσμητικά αντικείμενα που εξακολουθούν να κατασκευάζονται ήδη από την Παλαιολιθική εποχή,
 εφευρίσκεται τώρα το πλάσιμο πήλινων αγγείων που
 ψήνονταν κατόπιν στη φωτιά, ώστε να γίνουν σκληρά
 και ανθεκτικά. Στην αρχή όλα ήταν χονδροειδή, μονόχρωμα και ακόσμητα. Αργότερα τα σχήματά τους
 έγιναν κομψότερα και έφεραν διακόσμηση. Τα σχέδια
 αποτελούνταν αρχικά από παράλληλες ή τεθλασμένες
 γραμμές, τρίγωνα, σπείρες και μαιάνδρους. Τα ποικίλα
 αυτά κοσμήματα ζωγραφίζονταν με ζωηρά χρώματα.
 Τα νεολιθικά ειδώλια κατασκευάζονταν από πηλό,
 σπανιότερα από λίθο, και συχνά διακοσμούνταν με
 ζωγραφιστά σχέδια. Παριστάνουν κυρίως γυναικείες
 μορφές, όρθιες ή καθιστές, κάποτε με παιδί στην
 αγκαλιά. Λιγότερα είναι τα ειδώλια ανδρών και ακόμη
",history,10,7,6.625180899225953,0.0542719775528061,7,6.999933658919076,0.0172517661986517,3,3.320821602656224,0.050390139958765,5,5.2299348633681575,0.0727304440181022,4,4.02758938016359,0.033029674744977,3,3.020331407453966,0.0079800405537789,6,6.312382641859927,0.0564604462711537,7.95257405172697,7,6.899395835200622,0.027003865147437,7.970575335726608,1.4,12.5,45.39767103347889,0.000937553
779,779,5,6,"Το κίνημα του Διαφωτισμού
 Η απόρριψη κάθε αυθεντίας, η κριτική κάθε υφιστάμενης γνώσης, η
 αποδοχή της λογικής ως του μόνου ασφαλούς τρόπου ερμηνείας του
 κόσμου και η πεποίθηση ότι ο άνθρωπος μπορεί να προοδεύει διαρκώς
 ήταν θέσεις που συμμερίζονταν πολλοί Ευρωπαίοι διανοούμενοι. Έτσι,
 2. Ρουσό
 3. Βολτέρος
 διαμορφώθηκε βαθμιαία ένα κίνημα που ονομάστηκε Διαφωτισμός.
 Πρωτοεμφανίστηκε στην Αγγλία του τέλους του 17ου αιώνα, κορυφώθηκε στη Γαλλία του 18ου αιώνα και εξαπλώθηκε στην Ευρώπη και έξω
 3. Διαφωτισμός και πολιτική
 απ’ αυτήν. Οι εκπρόσωποί του ονομάστηκαν φιλόσοφοι ή διαφωτιστές.
",history,12,8,7.622874548818686,0.0619429785739546,6,6.142445640986466,0.0605147376527491,4,3.9991976072315083,0.000526976967107,7,6.983597128846931,0.0066654908569912,3,3.0058279490567656,0.0616523056329504,4,3.5312183639689465,0.0555654814737438,7,6.651188275478944,0.0602619346636497,7.999086357868123,7,6.986775771507141,0.0054404413494002,7.9971433474784135,3.0,14.5,44.44588744588745,0.000832983
780,780,61,62,"ΕΝΟΤΗΤΑ 13
 Κοινωνικές και πολιτικές διαστάσεις της βιομηχανικής επανάστασης
 Η βιομηχανική επανάσταση έφερε σοβαρές
 κοινωνικές και πολιτικές αλλαγές.
 Πληθυσμιακές μεταβολές Η βελτίωση του βιοτικού επιπέδου προκάλεσε στην Ευρώπη, ιδίως
 μετά το 1850, εντυπωσιακή πληθυσμιακή αύξηση,
 ένα μέρος της οποίας διοχετεύτηκε στη μετανάστευση. Η εσωτερική μετανάστευση προς τις
 βιομηχανικές πόλεις πύκνωσε τις στρατιές των
 εργατών. Τότε, άρχισαν να δημιουργούνται εργατικά προάστια, κοντά ή και ανάμεσα στα εργοστάσια. Η εξωτερική μετανάστευση κατευθύν1. Μετανάστες στο κατάστρωμα πλοίου ταξιδεύουν προς την Αμερική.
 θηκε στις ΗΠΑ, στον Καναδά και στην Αυστραλία.
 Κοινωνικοί μετασχηματισμοί Παράλληλα, άλλαζαν τα κοινωνικά δεδομένα.
 Οι αριστοκράτες-μεγαλογαιοκτήμονες παρέμεναν πανίσχυροι στην ανατολική και μεσογειακή Ευρώπη, καθώς η περιορισμένη διάδοση της βιομηχανίας στις περιοχές αυτές δεν έθιγε τις προϋπάρχουσες κοινωνικές δομές. Στην Αγγλία, όπου είχαν αρχίσει να ασχολούνται με επιχειρήσεις καπιταλιστικού χαρακτήρα, έπαιζαν σημαντικό ρόλο. Αντιθέτως, στη Γαλλία,
 όπου η αριστοκρατία δεν έδειξε ιδιαίτερο ενδιαφέρον για νέου τύπου οικονομικές δραστηριότητες, η επιρροή της περιοριζόταν διαρκώς.
 Οι αστοί ήταν, πλέον, η κυρίαρχη κοινωνική τάξη. Διακρίνονταν σε μεγαλοαστούς (βιομήχανοι, μεγαλέμποροι, τραπεζίτες), μεσοαστούς (βιοτέχνες, ελεύθεροι επαγγελματίες) και μικροαστούς (δημόσιοι και ιδιωτικοί υπάλληλοι). Οι μεγαλοαστοί συγκροτούσαν την άρχουσα κοινωνική τάξη. Διέθεταν πλούτο, υψηλό κοινωνικό κύρος και πολιτική επιρροή.
 Οι αγρότες αποτελούσαν την πλειονότητα των Ευρωπαίων κατά
 τον 19ο αιώνα και ζούσαν υπό εξαιρετικά ασταθείς συνθήκες, εκτεθειμένοι στις διαθέσεις των μεγαλοκτηματιών και στις διακυμάνσεις
 των τιμών. Πολλοί μετανάστευαν αναζητώντας καλύτερη τύχη.
 Οι εργάτες, άνδρες, γυναίκες και παιδιά, αυξάνονταν όσο αναπτυσσόταν η βιομηχανία. Εργάζονταν 12-16 ώρες καθημερινά, δίχως ούτε μια μέρα ανάπαυσης, και έπαιρναν μισθούς πείνας.
 Ζούσαν, στριμωγμένοι πολλοί μαζί, σε μικρά και ανθυγιεινά σπίτια και πέθαιναν νέοι. Το 1827 ο μέσος όρος ζωής των εργατών
 2. Παιδική εργασία σε ανθρακωρυχείο
 της γαλλικής βιομηχανικής πόλης Μιλούζ ήταν τα 27 χρόνια!
 την εποχή της βιομηχανικής επανάστασης.
 Σοσιαλιστικές θεωρίες Τα έντονα κοινωνικά προβλήματα γέννησαν, τον 19ο αιώνα, μια σειρά θεωρίες που, επειδή τόνιζαν την
 1. Το Κομμουνιστικό Μανιφέστο
 προτεραιότητα του κοινωνικού (social) συμφέροντος έναντι του
 Οι κομμουνιστές θεωρούν ανάξιό τους να κρύβουν τις
",history,12,6,6.249642068442171,0.049169173843833,6,6.02907851271177,0.0108278817578335,4,3.817576017269303,0.0381495587021014,5,5.07720268740195,0.0708225920262805,4,4.114874383059032,0.0654825028186118,3,3.16451498956053,0.0359089781155329,6,6.017395626145264,0.0069228845965483,7.991421851516009,7,6.93237103600012,0.017842663330537,7.998966965459772,1.2,16.5,53.92206185567011,0.001023752
781,781,49,50,"Ματιά στο παρελθόν
 Η Ιερή Συμμαχία
 Η σύσταση της Φιλικής Εταιρείας έγινε σε μια ιδιαίτερα δυσμε­
 νή για την ελληνική υπόθεση στιγμή. Το 1815 νικήθηκε οριστι­
 κά ο Ναπολέοντας και οι φιλελεύθερες ιδέες της Γαλλικής Επα­
 νάστασης παραμερίστηκαν. Τότε ιδρύθηκε η Ιερή Συμμαχία με
 πρωτοβουλία των νικητών (κυρίως της Αυστρίας, της Ρωσίας
 και της Πρωσίας), οι οποίοι επιθυμούσαν να διατηρηθεί το «πα­
 λαιό μοναρχικό καθεστώς». Για τον λόγο αυτό, ήταν αντίθετοι
 σε κάθε επαναστατική κίνηση, καταδικάζοντάς την ως επικίν­
 δυνη.
 Το Συνέδριο της Βιέννης (1815)
",history,6,7,7.18158519844755,0.0386304285944251,8,7.970790598792293,0.0107164066339884,4,3.8175760228752154,0.0381495634884957,7,6.991343051072576,0.0036413332451615,4,4.761083946008156,0.0879883538984913,3,3.0758600442698594,0.0215654418615443,7,6.982814762382787,0.0178753460275913,7.997519125929102,7,6.997998232311147,0.0010642505902198,7.999070816254971,2.8,12.9,51.11313131313131,0.000999025
782,782,96,97,"Η βαλκανική κρίση των ετών 1875-1878 Παράλληλα, η ανάδυση των εθνικών ιδεών προκάλεσε επαναστάσεις στην
 Ερζεγοβίνη, στη Βοσνία και στη Βουλγαρία (1875-1876). Η Οθωμανική αυτοκρατορία απάντησε με μαζικές σφαγές και
 η Ρωσία, αντιδρώντας, της κήρυξε τον πόλεμο (1877). Λίγο αργότερα ξέσπασαν στη Θεσσαλία, στη Μακεδονία, στην
 Ήπειρο και στην Κρήτη επαναστάσεις των ελληνικών πληθυσμών (1878).
 Η συνθήκη του Αγίου Στεφάνου (Φεβρουάριος 1878) Η ρωσική επικράτηση στον ρωσοτουρκικό πόλεμο υποχρέωσε τον σουλτάνο να υπογράψει τη συνθήκη του Αγίου Στεφάνου (Φεβρουάριος 1878). Κύριος όρος της ήταν η δημιουργία της αυτόνομης ηγεμονίας της Βουλγαρίας, της «Μεγάλης Βουλγαρίας» όπως ονομάστηκε, που περιλάμβανε
 πολλές περιοχές με πυκνή ελληνική παρουσία. Με τις αποφάσεις του Αγίου Στεφάνου, υπονομεύονταν τόσο οι ελληνικές επιδιώξεις όσο και τα αγγλικά συμφέροντα στην περιοχή.
 Το συνέδριο του Βερολίνου (Ιούνιος 1878) Αντιδρώντας η Μ. Βρετανία και η Γερμανία, απαίτησαν αναθεώρηση της
 συνθήκης. Με πρωτοβουλία τους συγκλήθηκε, τον Ιούνιο του 1878, το συνέδριο του Βερολίνου. Εκεί η βρετανική και
 η γερμανική διπλωματία δήλωσαν ότι δεν θα αποδέχονταν την ίδρυση ενός μεγάλου βουλγαρικού κράτους. Έτσι, αντί
 της «Μεγάλης Βουλγαρίας» δημιουργήθηκαν μια πολύ μικρότερη αυτόνομη Βουλγαρία και μια αυτόνομη Ανατολική
 Ρωμυλία (τότε, νότια της Βουλγαρίας· σήμερα, η νότια Βουλγαρία), και οι δύο υπό την επικυριαρχία του σουλτάνου.
 Η Σερβία, η Ρουμανία και το Μαυροβούνιο κηρύχθηκαν ανεξάρτητες. Η Μακεδονία, η Θράκη και η Ήπειρος παρέμειναν
 στην Οθωμανική αυτοκρατορία. Η διοίκηση της Βοσνίας-Ερζεγοβίνης ανατέθηκε στην Αυστροουγγαρία. Η Κύπρος παραχωρήθηκε στην Αγγλία.
 Η ενσωμάτωση της Θεσσαλίας και της Άρτας στην Ελλάδα (1881) Μετά από ελληνοτουρκικές διαπραγματεύσεις,
 η Θεσσαλία (εκτός από την περιοχή της Ελασσόνας) και η επαρχία της Άρτας ενσωματώθηκαν στο ελληνικό κράτος
 το 1881.
 Η προσάρτηση της Α. Ρωμυλίας από τη Βουλγαρία (1885) Το 1885, ωστόσο, οι Βούλγαροι, παραβιάζοντας τις αποφάσεις του συνεδρίου του Βερολίνου, προσάρτησαν την Α. Ρωμυλία, περιοχή με σημαντική ελληνική παρουσία. Αντιδρώντας η Σερβία κήρυξε τον πόλεμο στη Βουλγαρία. Στην Ελλάδα, η κοινή γνώμη αξίωνε ένοπλη επέμβαση, αλλά η
 κυβέρνηση, πιεζόμενη από τις Δυνάμεις, έμεινε ουδέτερη.
 Μακεδονικό ζήτημα και μακεδονικός αγώνας Ο αγώνας για τον έλεγχο της Μακεδονίας, που ήταν τότε τμήμα της
 Οθωμανικής αυτοκρατορίας, ονομάστηκε μακεδονικό ζήτημα. Έλληνες, Βούλγαροι και Σέρβοι διεκδίκησαν, με βάση τις
 δικές τους εθνικές επιδιώξεις ο καθένας, την ενσωμάτωση ολόκληρης ή ενός
 1. Το μακεδονικό ζήτημα
 τμήματος της Μακεδονίας. Η σύγκρουα. Η εκπαιδευτική-ιδεολογική διάσταση
 ση εκδηλώθηκε αρχικά ως αγώνας για
 Οι ημέτεροι (διδάσκαλοι) περιορίζονται απλώς εις την τυπικήν διδασκαλίαν
 τον έλεγχο της εκπαίδευσης και της
",history,12,8,7.923112532869563,0.022008614112159,7,6.910511027697911,0.0278173128630863,4,3.9947917712643175,0.0026324666219834,7,6.63719631796539,0.0587218739982076,4,3.8033683313212805,0.0501177654032678,3,3.0001231385403457,9.94703981518085e-05,8,7.742906109524217,0.0504448245139359,7.5312081250552865,7,6.995075440284836,0.0024335131118198,7.999569425681983,2.4,14.9,53.89471793029105,0.001084075
783,783,192,193,"Επιτύμβια στήλη
 Έλληνα πολεμιστή
 που σκοτώθηκε σε
 μία από τις
 εκστρατείες του
 Κίμωνα για την
 απελευθέρωση της
 Κύπρου από τον
 περσικό ζυγό.
 (Λευκωσία,
 Κυπριακό Μουσείο).
",history,10,5,5.232961398999976,0.0474008404602106,4,3.9997307575524808,0.0002036588910258,2,2.148042327753558,0.0336763381571508,5,4.752950444350063,0.0814620477986951,3,2.8136315758802084,0.0521962475664056,2,2.0758586264028054,0.0215716378489989,6,6.110090900074965,0.0869565795920705,7.982014246016206,7,6.701486244763146,0.0506705173655746,7.999612962652009,1.1,11.9,45.0,0.000917363
784,784,222,223,"Η ιστορία βρίσκεται ήδη στον Όμηρο: τα δώδεκα παιδιά της
 (ενν. της Νιόβης), έξι κορίτσια και έξι αγόρια, αφανίστηκαν.
 Ο Απόλλων με το ασημένιο τόξο του σκότωσε τους γιους και
 η Άρτεμις από μίσος προς τη Νιόβη σκότωσε τα κορίτσια,
 γιατί άρχισαν έναν ανταγωνισμό με τη Λητώ. Η Νιόβη
 υπερηφανευόταν ότι γέννησε πολλά παιδιά, ενώ η Λητώ
 μόνο δύο. Εννιά μέρες κείτονταν στο αίμα οι σκοτωμένοι και
 δεν βρέθηκε κανείς να τους θάψη γιατί ο γιος του Κρόνου
 μεταμόρφωσε τους ανθρώπους εκεί γύρω σε πέτρες. Τη δεκάτη
 μέρα οι ίδιοι οι ουράνιοι θεοί θάψανε τους νεκρούς. Η Νιόβη
 αποκαμωμένη από το κλάμα τη μέρα τούτη έκοψε τη νηστεία της.
 Αλλά μεταμορφώθηκε σε λιθάρι, που τώρα βρίσκεται στην
 Η θανάτωση των παιδιών της
 Νιόβης, παράσταση επηρεασμένη από τη
 οροσειρά Σίπυλο και εξακολουθεί να υποφέρη. Αυτό είναι το
 μεγάλη ζωγραφική του Πολύγνωτου και του
 θέλημα των θεών.
 Μίκωνα. Παρίσι, Μουσείο Λούβρου
 Κ. Κερένυι, Η Μυθολογία των Ελλήνων, μετάφραση
 Δ. Σταθόπουλου (Εκδ. Γαλαξία, Αθήνα 1968)
",history,10,8,7.999091251527545,0.0007524546179697,8,8.011472493208737,0.0053148523452872,4,3.984272667033167,0.0066924938988788,7,6.9995586852922145,0.0003351202213739,7,6.687606300089101,0.0579197652507159,5,4.3645384632836794,0.0785029408755471,8,7.991494552893016,0.0040407291332735,7.006685815104902,7,6.999907640585299,0.0004034538530512,7.9900744422047865,1.5,9.2,38.00709219858156,0.00086672
785,785,136,137,"Ρωσίας. Επίσης, σημαντικό ρόλο έπαιξε
 10. Αυτόνομη κρατική υπόσταση για τους λαούς της Αυστροουγγαρίας.
 η αρχή της αυτοδιάθεσης των λαών,
 11. Εδαφική ακεραιότητα για τα βαλκανικά κράτη.
 κεντρική ιδέα των 14 σημείων του Αμε12. Αυτόνομη κρατική υπόσταση για τους λαούς της Οθωμανικής αυτοκρατορίας
 ρικανού προέδρου Ουίλσον, σύμφωνα
 και ελεύθερη διέλευση από τα Δαρδανέλια.
 με την οποία σε κάθε λαό αναγνωριζό13. Μια ενιαία και ελεύθερη Πολωνία.
 ταν το δικαίωμα να αποφασίζει μόνος
 14. Να δημιουργηθεί ένας σύνδεσμος των εθνών.
 του για το μέλλον του.
 Πηγή: Jack Watson, European History 1815-1941, Λονδίνο 1981, σ. 243.
 Η συνθήκη των Βερσαλιών (Ιούνιος
 1919) υποχρέωνε τη Γερμανία να παραχωρήσει εδάφη της στη Γαλλία, στο Βέλγιο, στη Δανία και στις νεοσύστατες Πολωνία, Τσεχοσλοβακία και Λιθουανία, να αναγνωρίσει τη Ρηνανία και το Σάαρ (γερμανικές περιοχές στα γαλλογερμανικά σύνορα) ως αποστρατιωτικοποιημένη ζώνη, να πληρώσει βαριές πολεμικές αποζημιώσεις, να εγκαταλείψει τις αποικίες της και τα εδάφη
 που είχε κερδίσει από τη Ρωσία με τη συνθήκη του Μπρεστ-Λιτόφσκ και να περιορίσει στο ελάχιστο τις ένοπλες
 δυνάμεις της, ουσιαστικά να αφοπλιστεί.
 Η συνθήκη του Αγίου Γερμανού (Σεπτέμβριος 1919) εξανάγκαζε την Αυστροουγγαρία να αναγνωρίσει την ανεξαρτησία της Ουγγαρίας, της Τσεχοσλοβακίας, της Γιουγκοσλαβίας και της Πολωνίας και να παραχωρήσει σε αυτές πολλά εδάφη. Έτσι, η Αυστροουγγρική αυτοκρατορία διαλυόταν.
 Η συνθήκη του Νεϊγύ (Νοέμβριος 1919) υποχρέωνε τη Βουλγαρία να παραιτηθεί από κάθε διεκδίκησή της στην
 Α. Μακεδονία και τη Δ. Θράκη (τα εδάφη αυτά δόθηκαν στην Ελλάδα) και να παραχωρήσει εδάφη της στη Ρουμανία
 και στη Σερβία. Παράλληλα, προβλεπόταν η δυνατότητα αμοιβαίας ανταλλαγής πληθυσμών ανάμεσα σε Ελλάδα
 και Βουλγαρία.
 Η συνθήκη του Τριανόν (Ιούνιος 1920) υπαγόρευσε στην ανεξάρτητη Ουγγαρία να παραχωρήσει εδάφη στην
 Τσεχοσλοβακία, στη Ρουμανία και στη Γιουγκοσλαβία.
 Η συνθήκη των Σεβρών (28 Ιουλίου/10 Αυγούστου 1920) επιβλήθηκε στην Οθωμανική αυτοκρατορία. Ο σουλτάνος
 παραχωρούσε την κυριαρχία της Μεσοποταμίας (σημ. Ιράκ), της Παλαιστίνης και της Υπεριορδανίας (σημ. Ιορδανία)
 στη Βρετανία, ενώ της Συρίας και του Λιβάνου στη Γαλλία. Το Κουρδιστάν και η Αρμενία θα γίνονταν ανεξάρτητα
",history,12,8,8.070417138107587,0.0243557805207688,7,7.271661569897269,0.0476319898013807,4,4.002426918706107,0.0014305971733871,7,6.999885128686401,9.949755533055089e-05,5,4.825605275640555,0.082453951440383,3,3.148046626075484,0.0336910898244626,8,7.992598572593238,0.0058275619309647,7.07585184515105,7,7.000371489472812,0.0002783784140919,7.996806993067366,1.2,12.8,47.73649484536082,0.000860854
786,786,52,53,"Η μυκηναϊκή Ελλάδα, η οποία δημιουργήθηκε κυρίως με ανοίγματα προς το εξωτερικό,
 δεν ίδρυσε αυτοκρατορία. Άσκησε ισχυρή επιρροή, άμεση ή έμμεση, από τη Σαρδηνία έως
 τον Ορόντη, από τη Μακεδονία ως τον Νείλο, αλλά δεν άσκησε ποτέ πολιτική ηγεμονία.
 Αφού άντλησε από την Κρήτη, από την Εγγύς Ανατολή, ακόμη και από την Ευρώπη, τους
 παράγοντες της βαθιάς πολιτιστικής μεταβολής και αφού τους αφομοίωσε, η ηπειρωτική
 Ελλάδα παρέμεινε σχετικά ανεπηρέαστη από τις ξένες πολιτιστικές επιδράσεις, ενώ
 παράλληλα οι οικονομικές επαφές με το εξωτερικό είχαν ζωτική σημασία για την ανάπτυξη
 και τη λειτουργία των ανακτορικών κέντρων. Και όταν οι επαφές αυτές διαταράχτηκαν ή
 διακόπηκαν, τότε το ανακτορικό σύστημα κατέρρευσε.
 René Treuil, Οι πολιτισμοί του Αιγαίου,
 μετ. Όλγας Πολυχρονοπούλου (Καρδαμίτσα), σ. 471
 νία θυμίζει μια πυραμίδα, στην κορυφή της οποίας βρίσκεται ο άναξ. Αυτός, μαζί με
 την οικογένειά του, κατοικούσε στο ανάκτορο, το κέντρο εξουσίας της κάθε επικράτειας.
 Ακολουθούσαν στην ιεραρχία οι διάφοροι αυλικοί και το ιερατείο. Οι κάτοικοι της κάθε
 περιοχής αποτελούσαν τους δήμους. Οι δήμοι ήταν πολυάριθμοι, οργανωμένοι σε χωριά, γύρω
 από το διοικητικό κέντρο, το ανάκτορο. Εκτός από τους γεωργούς και τους κτηνοτρόφους,
 οι πινακίδες με κείμενα σε Γραμμική γραφή Β μας παραδίδουν μια ανεξάντλητη σειρά από
 εξειδικευμένους τεχνίτες. Στην κατώτερη κοινωνική βαθμίδα βρίσκονται οι δούλοι.
 Η Γραμμική
 Στην Κνωσό οι αρχαιολόγοι ανακάλυψαν ένα πλήθος από πήλινες επιγραφές γραμμένες σε
 γραφή Β
 Γραμμική γραφή Β, οι οποίες χρονολογήθηκαν μετά το 1400 π.Χ., περίοδο της υποτιθέμενης
 κατάληψης της Κρήτης από τους Μυκηναίους. Παρόμοιες επιγραφές βρέθηκαν και
 στη μεσσηνιακή Πύλο. Το 1952 οι Βρετανοί Μάικλ Βέντρις και Τζον Τσάντγουικ
 αποκρυπτογράφησαν τη γραφή των πινακίδων, τη Γραμμική Β. Τότε διαπιστώθηκε ότι η
 γλώσσα των πινακίδων ήταν ελληνική. Νεότερες ανασκαφές έφεραν στο φως πινακίδες με τη
",history,10,8,7.997787043780157,0.0012970703830095,7,7.11841523944959,0.0297905278558194,4,3.997528393428638,0.001390987367145,7,6.983240612657028,0.0068573211653744,5,5.477432105679327,0.0625299532556901,4,3.6224643266973544,0.0532324109964231,8,7.998630039144693,0.000866877188483,7.042084107590426,7,6.995265477655721,0.0024244675744184,7.974013716364425,2.0,13.0,48.710027100271006,0.00101716
787,787,204,205,"ΕΝΟΤΗΤΑ 51
 Διπολισμός και Ψυχρός Πόλεμος
 Οι ΗΠΑ και η Σοβιετική Ένωση γίνονται υπερδυνάμεις Το τέλος του Β´ Παγκόσμιου πολέμου ανέδειξε τις ΗΠΑ σε
 υπερδύναμη. Πανίσχυρες οικονομικά και στρατιωτικά, ήταν η μόνη χώρα που διέθετε τότε το πιο φοβερό όπλο, την
 ατομική βόμβα.
 Παρ’ όλα αυτά, η αμερικανική ηγεσία είχε θορυβηθεί από την επέκταση της σοβιετικής επιρροής στην Α. Ευρώπη.
 Οι ηγέτες των ΗΠΑ πίστευαν ότι, για να διασφαλίσουν σε παγκόσμιο επίπεδο τα συμφέροντα της χώρας τους, θα
 έπρεπε να αναλάβουν αγώνα εναντίον του κομμουνισμού: η χορήγηση στρατιωτικής και οικονομικής βοήθειας, οι
 επενδύσεις από Αμερικανούς κεφαλαιούχους, αλλά και η ανατροπή καθεστώτων που ακολουθούσαν πολιτική αντίθετη
 προς τα αμερικανικά συμφέροντα υπήρξαν τα κύρια μέσα άσκησης της εξωτερικής τους πολιτικής. Παράλληλα, στο
 εσωτερικό των ΗΠΑ εντάθηκε ο αντικομμουνισμός. Με επικεφαλής τον γερουσιαστή Μακάρθι εξαπολύθηκαν άγριες
 διώξεις εναντίον πολιτών που ήταν ή θεωρήθηκε ότι ήταν κομμουνιστές. Καθοριστικό ρόλο στη διαμόρφωση αυτής
 της πολιτικής έπαιξε ο Χάρι Τρούμαν, νέος πρόεδρος των ΗΠΑ μετά τον Ρούζβελτ.
 Παράλληλα, στη δεκαετία του ’50 η Σοβιετική Ένωση, χάρη στη συνεργασία της με τα άλλα κομμουνιστικά καθεστώτα, την εξαιρετικά γρήγορη οικονομική της ανάπτυξη και την κατασκευή ατομικής βόμβας, εξελίχθηκε και αυτή
 σε υπερδύναμη.
 Διπολισμός και Ψυχρός Πόλεμος Η ύπαρξη δύο υπερδυνάμεων οδήγησε στον διπολισμό, ένα σύστημα διεθνών σχέσεων που
 ισορροπούσε σε δύο αντίπαλους πόλους. Ο έντονος και πολύμορφος ανταγωνισμός (ιδεολογικός, οικονομικός, πολιτικός, πολιτιστικός, αθλητικός) ανάμεσα στις δύο υπερδυνάμεις, που άρχισε στα τέλη του Β´ Παγκόσμιου πολέμου και τερματίστηκε στα
 τέλη της δεκαετίας του 1980, χωρίς ποτέ να εξελιχθεί σε ένοπλη
 σύγκρουση μεταξύ τους, ονομάστηκε Ψυχρός Πόλεμος.
 Η πρώτη φάση του Ψυχρού Πολέμου (1947-1962 περίπου) Κατά
 την πρώτη και πιο επικίνδυνη φάση του Ψυχρού Πολέμου η ένταση κλιμακώθηκε επικίνδυνα.
 Αρχικά, ο πρόεδρος των ΗΠΑ Τρούμαν διατύπωσε ένα πολιτικό
 αξίωμα, το δόγμα Τρούμαν, σύμφωνα με το οποίο η χώρα του θα
 1. Πύραυλοι των ΗΠΑ. Ο ανταγωνισμός των εξοπλισμών
 βοηθούσε εκείνα τα κράτη της Δύσης που δέχονταν πιέσεις από
 ήταν ένα από τα κύρια γνωρίσματα του Ψυχρού Πολέμου.
",history,12,8,7.943467331379338,0.0169031491679408,7,6.961122758592985,0.0190174036456701,4,3.9986766524358472,0.0008134839875437,7,6.891335030403809,0.0281979843765962,4,3.949937954068446,0.0720267483243407,3,3.132975413264603,0.0314849928158135,8,7.4282925858438205,0.0729784558264816,7.407330765107872,7,6.989617756232292,0.0046338522376699,7.99951046743945,5.3,17.4,60.63373860182371,0.001189032
788,788,72,73,"ατά τη διάρκεια του 1821, οι Τούρκοι επιχείρησαν να στείλουν στην Πελοπόννησο
 τρία ασκέρια, για να καταπνίξουν την Επανάσταση. Κανένα τους όμως δεν κατάφερε
 να φτάσει στον προορισμό του, λόγω της ένοπλης αντίστασης των Ελλήνων αγωνιστών της
 Στερεάς Ελλάδας. Το ένα από αυτά διοικούσε ο Μαχμούτ, που ονομαζόταν και Δράμαλης
 επειδή καταγόταν από τη Δράμα.
 Ο Δράμαλης ήταν πασάς της Λάρισας και διέθετε στρατιωτική πείρα από προηγούμενες
 επιχειρήσεις στη Σερβία, στις οποίες συμμετείχε. Αφού κατέστειλε τα επαναστατικά κινήματα στο Πήλιο, στα Άγραφα και στον Ασπροπόταμο, διορίστηκε αρχηγός της εκστρατείας
 στην Πελοπόννησο.
 Έτσι την άνοιξη του 1822, αφού συγκέντρωσε στην Υπάτη 18.000 στρατιώτες (πεζούς
 και ιππείς), πυροβόλα και εκατοντάδες μεταφορικά ζώα, κατευθύνθηκε νότια. Ο Δράμαλης
 πυρπόλησε τη Θήβα και μέσω των Μεγάρων πέρασε με τον πολυάριθμο στρατό του στην
 Κόρινθο. Από εκεί έφτασε μέχρι το Άργος χωρίς να συναντήσει αντίσταση.
 Τότε ο Κολοκοτρώνης μαζί με άλλους αγωνιστές έθεσε υπό τον έλεγχο του τις διαβάσεις
 και τα περάσματα, απομονώνοντας τη στρατιά του Δράμαλη στην πεδιάδα της Αργολίδας.
 Ταυτόχρονα, μέσα στο φρούριο του Άργους κλείστηκαν ένοπλοι με αρχηγούς τον Δημήτριο
 Υψηλάντη και τον Πάνο, γιο του Θεόδωρου Κολοκοτρώνη. Οι επαναστάτες, εφαρμόζοντας
 την τακτική της «καμένης γης», έκαψαν τα γεννήματα και τα αποθηκευμένα σιτηρά.
 Εξαντλημένοι από την πολιορκία του κάστρου, από την έλλειψη τροφής και τις ασθένειες, οι Οθωμανοί αποφάσισαν να επιστρέψουν στην Κόρινθο. Όμως οι τέσσερις οδοί
 διαφυγής είχαν καταληφθεί έγκαιρα από τις ελληνικές δυνάμεις, με εντολή του Κολοκοτρώνη. Ο ίδιος έπιασε το στενό των Δερβενακίων με 2.500 πολεμιστές, κρύβοντας μέσα
 σε θάμνους 800 από αυτούς. Αλλά και άλλοι οπλαρχηγοί, όπως ο Νικηταράς (Νικήτας
 Σταματελόπουλος), ο Παπαφλέσσας και ο αδελφός του Νικήτας Φλέσσας, κατέφθασαν για
 να βοηθήσουν.
 Στις 26 Ιουλίου του 1822 έγινε φονική μάχη στα Δερβενάκια, κατά την οποία οι Τούρκοι στρατιώτες παγιδεύτηκαν. Όσοι κατάφεραν να σωθούν, κατέφυγαν στην Κόρινθο. Στα
 χέρια των Ελλήνων έπεσαν πολλά λάφυρα, ενώ ο Θεόδωρος Κολοκοτρώνης ανακηρύχθηκε αρχιστράτηγος.
 Έχοντας χάσει το 1/5 του στρατεύματος του, πολεμικό υλικό και πολλά ζώα, ο Δράμαλης πέθανε από τη λύπη του στην Κόρινθο. Η Επανάσταση για άλλη μια φορά είχε σωθεί.
",history,6,8,7.294491753058338,0.0824044409774782,6,6.003838072547658,0.0034809603168853,4,3.9399145814857377,0.0182471148476555,5,5.0721205495087816,0.0344044660007477,3,3.33550676655841,0.0544128172058393,3,3.0474218733259875,0.0153322533536541,6,6.23828099783897,0.0480014372201969,7.966913275945018,5,5.699493286582083,0.0839921166936721,7.0066250355303055,2.3,13.1,50.69325699745547,0.001094853
789,789,132,133,"ΣΤΑ ΑΡΧΑΙΑ ΧΡΟΝΙΑ
 «πύρρεια νίκη», που σημαίνει νίκη, αλλά με πολλές απώλειες. Την τρίτη
 φορά νικήθηκε και έτσι αναγκάστηκε να γυρίσει στην πατρίδα του.
 Αλλά και όταν επέστρεψε στην Ήπειρο, δεν έμεινε ήσυχος. Αυτή τη
 φορά στράφηκε προς τη νότια Ελλάδα. Ο Σπαρτιάτης Κλεώνυμος του
 ζήτησε βοήθεια για να γίνει βασιλιάς της Σπάρτης. Ο Πύρρος έφτασε
 στη Σπάρτη τη στιγμή που ο στρατός των Σπαρτιατών έλειπε σε εκστρατεία. Η πόλη δεν είχε τείχη και υπήρχε κίνδυνος να κυριευτεί. Τη
 νύχτα οι γυναίκες σκάβοντας κατάφεραν να υψώσουν χωμάτινο τείχος. Η ηρωική αντίσταση των ανδρών όσο και των γυναικών έκαναν
 τον Πύρρο να εγκαταλείψει την προσπάθεια.
 Στη συνέχεια κατευθύνθηκε στο Άργος, γιατί πληροφορήθηκε ότι ο
 μακεδονικός στρατός ήταν έτοιμος να καταλάβει την πόλη. Τη νύχτα
 στη διάρκεια σύγκρουσης, ο Πύρρος σκοτώθηκε και ο στρατός του
 παραδόθηκε στους Μακεδόνες (272 π.Χ.).
 Έλειψε έτσι ένας άξιος αρχηγός την εποχή που οι Ρωμαίοι είχαν αρχίσει να απειλούν την Ελλάδα.
",history,4,6,6.001717195318861,0.0010211132113596,6,6.053175934290778,0.0554390297220536,3,3.0035932041203175,0.0019128015722788,5,4.933939787787125,0.0433217364104309,4,3.573779128293154,0.0585929620398341,3,2.999094717101922,0.000591028907304,6,6.000225215469982,0.0001930675352258,7.962670691239566,5,5.054174734267349,0.0342062901300873,7.004029771160276,1.2,9.8,38.973206568712186,0.000838002
790,790,85,86,"Ο τρόπος με τον οποίο είχε οργανωθεί η ζωή στη Σπάρτη επηρέασε και την αγωγή των
 Αγωγή νέων
 νέων. Τα παιδιά από την ηλικία των επτά ετών τα αναλάμβανε η
 πόλη. Ζούσαν όλα μαζί σε ομάδες, όπου μάθαιναν να υπομένουν
 τη σκληρή ζωή και τις κακουχίες. Διδάσκονταν ανάγνωση, γραφή,
 μουσική και χορό. Με ανάλογο τρόπο εκπαιδεύονταν και τα κορίτσια,
 τα οποία συμμετείχαν ελεύθερα σε πολλές εκδηλώσεις της πόλης.
 Έπρεπε και αυτά να αποκτήσουν δυνατό σώμα και να διαπλάσουν
 Σπαρτιάτης
 ηθικό χαρακτήρα. Έτσι θα μπορούσαν στο μέλλον να γίνουν άξιες
 πολεμιστής
 (480 π.Χ.), ο
 μητέρες.
 οποίος πιστεύεται
 Για πολλά χρόνια η ζωή στη Σπάρτη συνεχίστηκε χωρίς σημαότι εικονίζει τον
 ντικές αλλαγές και διαφοροποιήσεις. Οι Σπαρτιάτες, ανδρείοι και
 Λεωνίδα (Σπάρτη,
 υπερήφανοι, άφησαν ένα υπόδειγμα γενναιότητας, μοναδικό στον
 Αρχαιολογικό
 κόσμο.
 Μουσείο).
",history,10,6,6.075850261051649,0.0220004437370451,7,7.0189084239510535,0.0108377022423912,3,3.0003797175511693,0.0002710286812426,5,5.003919073331417,0.0217729655603228,6,5.778656293887252,0.0516324246740235,3,3.000011517073631,3.5177002123079394e-05,6,6.013043365459453,0.0053966697732918,7.8670329391584914,6,6.047739008120686,0.0760871902226446,7.01242315986201,1.7,11.7,38.09209744503862,0.00080018
791,791,31,32,"B Οι πηγές αφηγούνται...
 1. Επιστολή Ελλήνων κατοίκων του Umago, παραθαλάσσιας πόλης στη Βορειοδυτική Ιταλία, προς
 τον Ιωάννη Λαζάρου
 «Στέλνουμε την επιστολή αυτή για να σας ενημερώσουμε ότι είμαστε έντεκα οικογένειες χριστιανοί στη
 δούλεψη του κυρίου Φραντζέσκι στο Μαγό (Umago)*. Έως τώρα είχαμε έναν παπά Σλάβο και μας είχαν
 και μία εκκλησούλα φράγκικη και κάναμε την τελετή, έτσι όπως ορίζει ο Θεός. Όμως πάει ένας χρόνος,
 που ο παπάς μας άφησε και έφυγε και είμαστε σαν τα πρόβατα χωρίς βοσκό, που όταν θέλει ο λύκος τα
 αρπάζει από αυτά και τρώει, έτσι είμαστε. Για τον λόγο αυτό απευθυνόμαστε σε σας για την αγάπη του
 Χριστού να διευθετήσετε το ζήτημα. Να το πεις στον Πανιερώτατο Δεσπότη και σε όλους τους άρχοντες. Από σας ζητάμε βοήθεια (ψυχικό) καθώς είμαστε εβδομήντα ψυχές μικροί και μεγάλοι και κινδυνεύουμε να χαθούμε, επειδή είμαστε όλοι φτωχοί και δεν μπορούμε να κάνουμε έξοδα να έρθουμε στη
 Βενετία να παρουσιαστούμε μπροστά στον πρόεδρο. Και ο πρόεδρος είναι φιλεύσπλαχνος και νομίζω
 πως δεν θα μας αφήσει να χαθούμε. Για τον λόγο αυτό σας παρακαλούμε όλοι μας για την αγάπη του
 Εσταυρωμένου και της Θεοτόκου να μας κάνετε ένα εκκλησάκι για να έχουμε τον παπά μας».
 Αρτέμιδος Ξανθοπούλου-Κυριακού, «Ειδήσεις για άγνωστη ελληνική αποικία στην Ίστρια τον 18ο αιώνα», Θησαυρίσματα, τόμ. 10 (Βενετία, 1973), σ. 209.
 (Απόδοση στα νέα ελληνικά)
",history,6,6,6.236140023127575,0.0458357517388396,4,4.649333759976798,0.0852952412672044,3,3.015906366315349,0.0065572052666649,5,4.759822334033743,0.0466243437087556,3,3.278022952043102,0.0507999606137183,3,2.9821419672836456,0.009324632652851,6,6.012941623448118,0.0055658059912791,7.851950440170185,5,5.160572877920117,0.0439012730353842,7.003075285654631,3.3,12.2,42.702999702999705,0.000967249
792,792,68,69,"120 μαθητές [...] το πρώτο σχολείο δευτεροβάθμιας εκπαίδευσης
 μια Μεγάλη Βουλγαρία (συνθήκη του Αγίου Στεφάνου, 1878).
 που παρείχε διδασκαλία στην εθνική βουλγαρική γλώσσα. [...] Το
 Οι αντιδράσεις, ωστόσο, της Αγγλίας και της Γερμανίας οδήίδιο με την τυπογραφία. Το 1839 ιδρύθηκε το πρώτο τυπογραγησαν στη δημιουργία ενός εδαφικά περιορισμένου αυτόνοφείο που χρησιμοποιούσε βουλγαρικούς χαρακτήρες. [...] Το 1844
 μου βουλγαρικού κράτους (συνέδριο του Βερολίνου, 1878). Η
 εμφανιζόταν η πρώτη βουλγαρική εφημερίδα.
 Βουλγαρία απέκτησε την ανεξαρτησία της το 1908.
 R. Ristelhueber, Ιστορία των βαλκανικών λαών, γ´ έκδοση,
 Οι Ρουμάνοι κατοικούσαν στις βόρειες επαρχίες της Οθωμτφρ. Α. Μεθενίτη, Α. Στεφανής, Παπαδήμας, Αθήνα 2003, σ.
 171-172.
 μανικής αυτοκρατορίας (Μολδαβία, Βλαχία) και διεκδικούσαν
 από τα μέσα του 19ου αιώνα, την εθνική τους ανεξαρτησία.
 Σημαντικό βήμα προς αυτή την κατεύθυνση υπήρξε το ότι, στα 1858-1859, οι δύο ηγεμονίες απέκτησαν κοινούς νόμους και
 ένοπλες δυνάμεις και εξέλεξαν τον ίδιο ηγεμόνα, τον Αλέξανδρο Κούζα. Αργότερα, ο Κούζα ανατράπηκε και αντικαταστάθηκε από τον Κάρολο Α´, ο οποίος συμμάχησε με τη Ρωσία και κήρυξε την ανεξαρτησία της Ρουμανίας, που αναγνωρίστηκε
 επίσημα από το συνέδριο του Βερολίνου (1878).
 Τέλος, οι Μαυροβούνιοι ίδρυσαν και αυτοί ανεξάρτητο κράτος το 1878, με βάση τις αποφάσεις του συνεδρίου του Βερολίνου.
 ΑΣΚΗΣΕΙΣ – ΔΡΑΣΤΗΡΙΟΤΗΤΕΣ
 1. Ποιες κοινωνικές και πολιτικές δυνάμεις έλεγξαν τις διαδικασίες ενοποίησης της Ιταλίας και της Γερμανίας; Πριν
 απαντήσετε, να μελετήσετε τις πηγές 1, 2 και την εικόνα 3.
 2. Να μελετήσετε την πηγή 3 παράλληλα με την πηγή 2 της ενότητας 5. Ποιες ομοιότητες εντοπίζετε στην πορεία
 εθνικής συνειδητοποίησης Ελλήνων και Βουλγάρων;
",history,12,8,8.000220278034249,0.001192617946664,8,8.007869566931983,0.0042217478743239,4,3.9996221047970266,0.0002737545328111,7,6.977648166066501,0.0086171180147169,5,4.909112167049898,0.0730586949409573,4,3.755579623751487,0.0450624810171601,8,8.000615559988319,0.0005535198420527,7.075855725276668,7,6.998015581153709,0.0011563376011872,7.999876074277168,1.8,14.1,47.558131663564055,0.000935207
793,793,164,165,"Χιλιάδες εργοστάσια έκλεισαν τις πόρτες τους. Η πείνα ήταν
 ο καθημερινός σύντροφος του Γερμανού εργαζομένου. Επιπλέον,
 υπήρχε η τεχνητή έλλειψη, την οποία δημιούργησαν οι Εβραίοι
 και η οποία ανάγκαζε τους εργαζομένους να τρέχουν [...] παρακαλώντας τους αγρότες για λίγη τροφή […]. Η κυβέρνηση πήρε
 μέτρα ενάντια στο λαό, έτσι ώστε ένας έντιμος εργαζόμενος
 έπρεπε να καταφύγει στην κλοπή για να βρει τροφή […]. Όλοι οι
 συμπολίτες μου, με την εξαίρεση των κομμουνιστών, ποθούσαν
 να έρθουν καλύτερες μέρες. Όσο για μένα, όπως και πολλοί άλλοι, είχα χάσει ό,τι είχα και δεν είχα μέσα σ’ αυτές τις αντίξοες
 οικονομικές συνθήκες. Και έτσι, στις αρχές του 1930, εντάχθηκα
 στο Εθνικοσοσιαλιστικό Κόμμα [το ναζιστικό κόμμα του Χίτλερ].
 Ian Kershaw, Χίτλερ 1936-1945: Νέμεσις, μτφρ. Γρ. Ν. Κονδύλης,
 Scripta, Αθήνα 2001, σ. 357.
",history,12,8,7.985342325820738,0.0066376131015406,8,8.005165448030755,0.0049776427880027,4,3.99998699364005,9.048649492575672e-05,7,6.840999118788545,0.0369631623201866,6,6.235267806861884,0.0854210277100832,5,4.669372777230819,0.0529782582441238,8,7.973470368069016,0.0100488218922171,7.060082135863922,7,6.975905158640671,0.0090786203607011,7.998669409024387,1.0,11.1,37.38006571741512,0.00079097
794,794,8,9,"B Οι πηγές αφηγούνται...
 1. Ο Δον Κιχώτης ξεκινά το ταξίδι του
 « Όταν τελείωσε αυτές του τις προετοιμασίες (ο Δον Κιχώτης) δεν ήθελε πια να χάνει καιρό, κι αποφάσισε να βάλει μπροστά τα σχέδιά του. Γιατί συλλογιότανε πόσο μεγάλη ζημιά έπρεπε να είναι για τον
 κόσμο κάθε αργοπορία του: τόσες ήταν οι δυστυχίες που λογάριαζε ν’ ανακουφίσει, τόσα άδικα να διορθώσει, τόσες πλάνες να σκορπίσει και καταχρήσεις να τιμωρήσει και χρέη να ξεπληρώσει. Κι έτσι, δίχως
 ν’ ανακοινώσει σε κανέναν τους σκοπούς του και δίχως κανένας να τον δει, ένα πρωί, πριν να ξημερώσει
 μια από τις πιο καυτερές ημέρες του Ιουλίου, αρματώθηκε με όλα του τα όπλα, ανέβηκε στο Ροσινάντε
 (το άλογό του), έβαλε στο κεφάλι του το κράνος του, πέρασε στο μπράτσο του την ασπίδα, άρπαξε το
 κοντάρι του και από την πισινή πόρτα της αυλής βγήκε στον κάμπο, γεμάτος χαρά που έβλεπε με πόση
 ευκολία άρχιζε να εφαρμόζει το ευγενικό του σχέδιο».
 Μιχαήλ Θερβάντες, Ο Δον Κιχώτης, μετάφραση και πρόλογος Κ. Καρθαίου, Αθήνα 1954, σ. 40.
",history,6,8,7.987569533889399,0.005395927283872,8,7.332491249457234,0.0827431741039065,3,3.2450867088118684,0.0447198613385392,6,6.024243911983419,0.0328018375886803,4,4.121438985224813,0.0824741978883806,5,4.449212440131305,0.0745452676498099,8,7.6772471046379,0.0510577079481562,7.002794661966163,7,6.79024445671422,0.0438960127880203,7.993227148348524,7.2,15.5,52.40547263681592,0.001155542
795,795,201,202,"1. Να αναφέρετε τραγωδίες και κωμωδίες
 που έχετε παρακολουθήσει και τα
 στοιχεία που σας γοήτευσαν σε αυτά
 τα έργα. Επίσης να συγκρίνετε τον
 ρόλο του θεάτρου στην αρχαία και τη
 σύγχρονη κοινωνία.
 2. Ο Σωκράτης δίδαξε ήθος και συνέπεια λόγων και έργων. Πώς το αντιλαμβάνεστε αυτό;
 3. Σε ποιους λόγους οφείλεται η ύπαρξη
 προσωπικών απόψεων στη συγγραφή
 της ιστορίας;
 4. Ποιες νομίζετε ότι είναι οι βασικές
 διαφορές ανάμεσα στην αρχαία και τη
 σύγχρονη ιατρική;
",history,10,7,6.936505817773778,0.0217833328904323,7,7.117182258827597,0.036964358918768,4,3.9840934147841836,0.006557180736394,6,6.271256829369122,0.0826572487529719,,,0.0113552825825944,,,0.0106317173693884,7,6.936514990748179,0.0263589200508261,7.999616715940647,7,6.981421890339334,0.0074550155755015,7.999931834147162,1.0,9.4,39.07142857142857,0.000675928
796,796,230,231,"Η Ελλάδα κατά τη δεκαετία του ’80 (1981-1989)
 Κυβερνήσεις ΠΑΣΟΚ, 1981-1985 Η νίκη του ΠΑΣΟΚ με
 επικεφαλής τον Ανδρέα Παπανδρέου στις εκλογές του
 1981 αποτέλεσε μια σημαντική τομή στην ελληνική μεταπολεμική ιστορία, καθώς για πρώτη φορά ανέλαβε τη διακυβέρνηση της χώρας ένα κόμμα με τόσο ριζοσπαστικό
 πρόγραμμα.
 Το ΠΑΣΟΚ κέρδισε τις εκλογές απευθυνόμενο στην
 κοινωνική κατηγορία των «μη προνομιούχων» και προβάλλοντας μια ριζοσπαστική πρόταση μετασχηματισμού της
 κοινωνίας που συνοψιζόταν στο σύνθημα «Αλλαγή» και
 εκφραζόταν με το τρίπτυχο «λαϊκή κυριαρχία, εθνική ανεξαρτησία, κοινωνική δικαιοσύνη».
 Οι εκλογές του 1981 εγκαινίασαν την πρώτη περίοδο
 πρωθυπουργίας του Ανδρέα Παπανδρέου, η οποία κράτησε,
 μετά και την εκλογική νίκη του 1985, έως το 1989 και σφραγίστηκε από μια σειρά σημαντικών πολιτικών επιλογών.
 Πρώτα απ’ όλα, η επίσημη αναγνώριση όλων των αντι1. Ο Α. Παπανδρέου απευθύνεται σε συγκέντρωση του ΠΑΣΟΚ.
 στασιακών οργανώσεων ―δηλαδή, πρακτικά, των οργανώσεων της Αριστεράς, που δεν είχαν αναγνωριστεί μετά
 τον Εμφύλιο― διαμόρφωσε ένα εντελώς νέο πολιτικό κλίμα, επουλώνοντας πληγές ανοιχτές για σαράντα χρόνια. Η
 απόφαση αυτή συνοδεύτηκε από τιμητικές συνταξιοδοτήσεις και άλλες παροχές (μετάλλια, τιμητικά διπλώματα), καθώς και από την άρση πολλών δυσμενών συνεπειών του Εμφυλίου και της μετεμφυλιακής εποχής. Στο πλαίσιο αυτό,
 διευκολύνθηκε και η επιστροφή χιλιάδων πολιτικών προσφύγων από τη Σοβιετική Ένωση και τις άλλες λαϊκές δημοκρατίες της Α. Ευρώπης.
 Μέτρα κοινωνικού χαρακτήρα, όπως ο διπλασιασμός των κατώτατων συντάξεων και οι σημαντικές αυξήσεις των
 1. Διακήρυξη βασικών αρχών και στόχων του ΠΑΣΟΚ, 3 Σεπτεμβρίου 1974 (αποσπάσματα)
 […] Ανακοινώνουμε σήμερα την εκκίνηση ενός νέου πολιτικού κινήματος που πιστεύουμε ότι εκφράζει τους πόθους και τις ανάγκες
 του απλού Έλληνα, ενός Κινήματος που να ανήκει στον αγρότη, τον εργάτη, τον βιοτέχνη, τον μισθωτό, τον υπάλληλο, στην θαρραλέα και φωτισμένη νεολαία μας. […]
 Βασικός, κυρίαρχος στόχος του Κινήματος είναι η δημιουργία πολιτείας απαλλαγμένης από έλεγχο ή επιρροή της οικονομικής
 ολιγαρχίας, πολιτείας ταγμένης στην προστασία του έθνους και στην υπηρεσία του λαού. Η εθνική ανεξαρτησία είναι αναπόσπαστα δεμένη με τη λαϊκή κυριαρχία, με τη δημοκρατία σε κάθε φάση της ζωής του τόπου, με την ενεργό συμμετοχή του πολίτη σ'
 όλες τις αποφάσεις που τον αφορούν. […]. Και βέβαια πρέπει η Ελλάδα να αποχωρήσει και από το στρατιωτικό και από το πολιτικό
 ΝΑΤΟ. […] Μα πίσω από το ΝΑΤΟ, πίσω από τις αμερικανικές βάσεις είναι οι μονοπωλιακές, πολυεθνικές επιχειρήσεις και τα ντόπια
 υποκατάστατά τους. Γι' αυτό η κοινωνική απελευθέρωση, ο σοσιαλιστικός μετασχηματισμός, αποτελεί τον θεμέλιο λίθο του Κινήματός μας. Για να απολαμβάνει ο αγρότης το προϊόν του ιδρώτα και της γης του, για να απολαμβάνει ο εργάτης, ο βιοτέχνης, ο
",history,12,6,6.884503452068733,0.071686789880965,7,6.905260835990209,0.0256517542211785,4,3.9770242261148496,0.0087877996397721,7,6.348057517832444,0.0754696161219852,4,4.2963294309274715,0.0702846300224401,3,3.222712578820847,0.0425938311341702,6,6.4608920302210535,0.069620560887301,7.90465032824423,7,6.989025521339499,0.004591019991448,7.985922277148347,6.2,18.9,61.03373217922607,0.001226748
797,797,149,150,"ξηρά. Ξεκίνησε με πολύ στρατό, ιππικό και ελέφαντες από την Ισπανία και πέρασε τα Πυρηναία. Διέσχισε μέσα σε άπειρες δυσκολίες τις
 Άλπεις και έκανε εισβολή στην Ιταλία.
 Οι Ρωμαίοι με πολλές δυνάμεις προσπάθησαν να του φράξουν το
 δρόμο προς τη Ρώμη, αλλά νικήθηκαν. Ο Αννίβας αργότερα έφτασε
 μπροστά στη Ρώμη και αυτό έκανε τους Ρωμαίους να νιώσουν πανικό.
 Δε στάθηκε όμως πολύ εκεί. Προτίμησε να κατακτήσει τη νότια Ιταλία.
 Ο καιρός περνούσε και οι Ρωμαίοι αποφάσισαν να κάνουν απόβαση στην ίδια την Καρχηδόνα. Οι Καρχηδόνιοι ένιωσαν τον κίνδυνο και
 αναγκάστηκαν να καλέσουν τον Αννίβα να σταματήσει τις επιχειρήσεις στην Ιταλία και να γυρίσει πίσω. Τελικά οι Ρωμαίοι με αρχηγό τον  
 Σκιπίωνα νίκησαν τους Καρχηδόνιους στη Ζάμα (202 π.Χ.). Εκεί νικήθηκε ο Αννίβας για πρώτη φορά. Οι Καρχηδόνιοι αναγκάστηκαν να
 πληρώσουν πολλά χρήματα και να διαλύσουν τον στόλο τους.
 Αργότερα η Καρχηδόνα άρχισε πάλι να αναπτύσσεται. Αυτό δεν
 άρεσε στους Ρωμαίους. Βρήκαν κάποια αφορμή, έστειλαν πάλι στρατό και την κατέστρεψαν από τα θεμέλια (146 π.Χ.).
",history,4,6,6.108188303255247,0.0278096761709396,7,7.404718487341597,0.0712289233997705,3,3.0031723959036576,0.00172083679613,4,4.202671711128019,0.0407428223613603,4,4.237711720757034,0.0581584866677092,3,3.000471513141221,0.0003542407448939,6,6.00223136285058,0.0013555818100186,7.979664912171131,5,4.748422624571305,0.0519779831987603,7.0051605573899,0.8,9.5,38.46042500769941,0.000716773
798,798,146,147,"παράθεμα 2 Μύθοι για τους Ρωμαίους και τη Ρώμη
 Σύμφωνα με τη ρωμαϊκή παράδοση ο ήρωας
 της Τροίας Αινείας, μετά την καταστροφή της
 πατρίδας του, έφυγε με πολλούς συντρόφους
 του. Ύστερα από πολλές περιπλανήσεις στη
 θάλασσα, έφτασε στην Ιταλία, κυρίεψε το Λάτιο και έγινε βασιλιάς της χώρας. Λέγεται λοιπόν ότι οι Ρωμαίοι κατάγονται από τους Τρώες
 και τον Αινεία. Απόγονοι του Αινεία ήταν  οι δίδυμοι Ρωμύλος και Ρέμος. Οι Ρωμαίοι έλεγαν
 ότι, μόλις γεννήθηκαν τα δυο αδέρφια, ο θείος
 τους θέλησε να τα εξαφανίσει, για να μην του
 πάρουν την εξουσία μεγαλώνοντας. Έτσι τα 4. Ρέμος και Ρωμύλος, τα δύο μωρά που μεγάλωέβαλε σ’ ένα καλάθι και τα έριξε στο ποτάμι Τί- σαν πίνοντας το γάλα της λύκαινας (Ρώμη, Μουβερη. Το ποτάμι όμως είχε πλημμυρίσει, τα νε- σείο Καπιτωλίου)
 ρά του παρέσυραν το καλάθι και το έφεραν
 στους πρόποδες του Παλατίνου λόφου. Εκεί βρήκε τα μωρά μια λύκαινα, τα θήλασε και τα έσωσε.
 Κατόπιν τα πήρε ένας βοσκός του θείου τους και τα μεγάλωσε μαζί με τη γυναίκα του. Τα παιδιά,
 όταν μεγάλωσαν, σκότωσαν τον κακό θείο τους και αποφάσισαν να χτίσουν δική τους πόλη. Μάλωσαν όμως για τον τόπο και ο Ρωμύλος σκότωσε τον Ρέμο και στη συνέχεια ίδρυσε τη Ρώμη.
 Πλούταρχος, Ρωμύλος, 2, 3, 6, 8 και 9, αποσπάσματα (διασκευή)
",history,4,6,6.000681948120473,0.0009905621798907,8,7.65760473991395,0.0554556289375751,3,2.9999985060920835,2.598221008258536e-06,4,4.5034423545907885,0.0568699653832645,4,4.365091431211113,0.0838992989349085,3,2.9978288783022435,0.0012604586545131,6,6.000325643934048,0.0002576981804117,7.939911939232502,5,5.132218521446475,0.0491352670264299,7.001109466284106,2.6,9.3,40.037380290392335,0.000927228
799,799,156,157,"1. ΗΠΑ, 1928:
 κατάρρευση των τιμών στο χρηματιστήριο, η οποία
 Η ευφορία πριν από την οικονομική καταιγίδα
 ξεκίνησε στις 24 Οκτωβρίου του 1929, τη «Μαύρη
 Κανένα Κογκρέσο των Ηνωμένων Πολιτειών [...] δε βρέθηκε μπροστά
 Πέμπτη». Το φαινόμενο ονομάστηκε κραχ και ήταν η
 σε πιο μεγάλη και ευχάριστη προοπτική απ’ αυτή που φαίνεται σήμερα
 αρχή μιας οικονομικής κρίσης που εξαπλώθηκε ραμπροστά μας [...] Ο μεγάλος πλούτος που δημιούργησαν οι επιχειρήγδαία σχεδόν σε ολόκληρο τον κόσμο.
 σεις και η βιομηχανία μας και που έσωσε τη χώρα μας, διανεμήθηκε
 Σε διάστημα λίγων εβδομάδων είχαν χαθεί πολσοφά ανάμεσα στο λαό μας και σταθερά τοποθετήθηκε στο εξωτεριλές
 περιουσίες. Επιχειρήσεις έκλεισαν, χιλιάδες
 κό [...]. Οι απαιτήσεις για την ύπαρξή μας ξεπέρασαν τον κανόνα της
 επιχειρηματίες
 καταστράφηκαν και εκατομμύρια
 αναγκαιότητας και μετέβησαν στην περιοχή της πολυτέλειας. [...] Η χώεργαζόμενοι έμειναν άνεργοι. Το 1931 η οικονομία
 ρα μπορεί να κοιτάζει το παρόν με ικανοποίηση και να προσβλέπει στο
 των ΗΠΑ είχε σχεδόν καταρρεύσει. Την ίδια στιγμή,
 μέλλον με αισιοδοξία.
 ωστόσο, μεγάλες επιχειρήσεις, που άντεξαν στην
 Μήνυμα του Προέδρου των ΗΠΑ Calvin Coolidge στο Κογκρέσο,
 4.12.1928.
 κρίση, εξαγόραζαν μικρότερες επιχειρήσεις. Έτσι,
 Πηγή: E.J. Hobsbawm, Η εποχή των άκρων. Ο σύντομος εικοστός αισυγκεντρωνόταν η οικονομική ισχύς και σχηματίώνας, 1914-1991, μτφρ. Β. Καπετανγιάννης, Θεμέλιο, Αθήνα 1995, σ. 116.
 ζονταν πανίσχυρα οικονομικά συγκροτήματα.
",history,12,8,8.000259736575316,0.0002788868002174,8,7.622412268988228,0.0534262647530075,4,3.999091710998016,0.0009218084673239,7,6.999836222174274,0.0001355263440008,6,5.597853867686354,0.0934766346608774,3,3.0307774024233822,0.0098745977370616,8,8.00045765766481,0.0006010263014833,7.002798147112799,7,7.000051434313264,0.000208974368893,7.998954118877009,1.0,12.9,45.917229729729726,0.000888528
800,800,101,102,"Ο στρατός των Πελοποννησίων έκανε εισβολή στην Αττική (431 π. Χ.)
 και άρχισε να προκαλεί καταστροφές. Οι κάτοικοι της περιοχής με δια­­
 ταγή του Περικλή κλείστηκαν στα Μακρά τείχη, που προστάτευαν όλη
 την περιοχή από την Αθήνα ως τον Πειραιά. Παράλληλα, ο αθηναϊκός
 στόλος λεηλάτησε τα παράλια της Λακωνίας. Τον δεύτερο χρόνο έπεσε μεγάλη αρρώστια (λοιμός) στην Αθήνα. Πέθαναν τότε πολλοί. Ανάμεσα σε αυτούς ήταν κι ο Περικλής. Η Αθήνα έχασε τον αρχηγό της
 σε μια πολύ δύσκολη στιγμή.
 Ο πόλεμος σιγά σιγά απλώθηκε σε πολλές περιοχές. Οι αντίπαλοι
 πολεμούσαν με πείσμα. Πολλοί όμως είχαν κουραστεί και ήθελαν να
 σταματήσει ο πόλεμος. Αγωνίστηκαν λοιπόν και πέτυχαν να γίνει ειρήνη. Την πρωτοβουλία είχε ο στρατηγός Νικίας, γι’ αυτό και η ειρήνη ονομάστηκε Νικίεια (421 π.Χ.).
 Η ειρήνη όμως δεν κράτησε για πολύ. ο πόλεμος ξανάρχισε. Ο Αλκιβιάδης, άνθρωπος υπερβολικά φιλόδοξος, κατάφερε να παρασύρει
 τους Αθηναίους σε μια εκστρατεία στη Σικελία εναντίον των Συρακουσών. Αν πετύχαιναν να νικήσουν, όλο το εμπόριο θα περνούσε στα
 χέρια των Αθηναίων. Η Αθήνα θα κυριαρχούσε όχι μόνο στο Αιγαίο
 πέλαγος αλλά και στο Ιόνιο. Η εκστρατεία έγινε (415-413 π.Χ.), αλλά
",history,4,6,6.294901217770622,0.0489856251942318,6,6.402311765958075,0.0613671801229697,3,2.9999832335734027,2.0618204533857222e-05,5,4.562449814950696,0.0552903834598753,4,3.835018854584632,0.0752715072608453,3,3.000224419178963,0.000180005334233,6,6.002497818162169,0.001404050035559,7.99029078651165,5,4.880014911341277,0.0361943501248215,7.000965279905358,-0.1,8.3,37.00595238095238,0.000650803
801,801,26,27,"ΕΝΟΤΗΤΑ 5
 Ο ελληνισμός από τα μέσα του 18ου αι. έως τις αρχές του 19ου αι.
 Οικονομικοί και κοινωνικοί μετασχηματισμοί Η επέκταση του ευρωπαϊκού εμπορίου στην Ανατολή ενίσχυσε τις
 εμπορικές συναλλαγές της δυτικής Ευρώπης με την Οθωμανική αυτοκρατορία. Καθώς οι Τούρκοι σταδιοδρομούσαν,
 κατά παράδοση, στον κρατικό τομέα, Έλληνες, Εβραίοι και Αρμένιοι διακρίθηκαν στο εμπόριο και στη ναυτιλία. Ιδίως
 οι Έλληνες καραβοκύρηδες (πλοιοκτήτες) αξιοποίησαν τη ρωσοτουρκική συνθήκη του Κιουτσούκ Καϊναρτζή (1774), που
 επέτρεπε την ελεύθερη κίνηση πλοίων με ρωσική σημαία στα Στενά του Βοσπόρου, και την περιορισμένη παρουσία
 αγγλικών και γαλλικών πλοίων στη Μεσόγειο, εξαιτίας των ναπολεόντειων πολέμων. Έτσι απέκτησαν τον έλεγχο σημαντικού μέρους του εμπορίου. Βαθμιαία,
 πόλεις όπως η Θεσσαλονίκη, τα Ιωάννινα, η
 Σμύρνη και η Χίος εξελίχθηκαν σε σημαντικά
 εμπορικά κέντρα με πρωταγωνιστική ελληνική παρουσία, ενώ ενισχύθηκαν και οι ελληνικές παροικίες (βλέπε γλωσσάριο).
 Παράλληλα, συντελούνταν σημαντικοί κοινωνικοί μετασχηματισμοί.
 Η ορθόδοξη εκκλησία, που αναγνωριζόταν
 1. Το λιμάνι της Χίου, ένα από τα κύρια εμπορικά κέντρα
 από την οθωμανική διοίκηση ως η ηγεσία
 του ελληνισμού κατά την προεπαναστατική εποχή.
 όλων των υπόδουλων χριστιανών, εναντιωνόταν στη διάδοση των διαφωτιστικών ιδε1. Οι Έλληνες κυριαρχούν στο εμπόριο της Βαλκανικής
 ών επειδή θεωρούσε ότι μια επανάσταση θα
 Για έναν ολόκληρο αιώνα μετά το 1750, τα ελληνικά ήταν η γλώσσα του
 έθετε σε κίνδυνο την ίδια αλλά και τον ελεμπορίου στα Βαλκάνια και οι βαλκάνιοι έμποροι, ανεξάρτητα από την εθνιληνισμό. Αυτό, ωστόσο, δεν εμπόδισε ορική τους προέλευση, μιλούσαν γενικά ελληνικά […]. «Έλληνας» πρώτα απ’ όλα
 σμένους κληρικούς να υιοθετήσουν διαφωτισήμαινε πλανόδιος πωλητής ή έμπορος και μ’ αυτή την έννοια ακόμα και
 στικές αντιλήψεις (Μεθόδιος Ανθρακίτης,
 ένας Εβραίος μπορούσε να είναι «Έλληνας».
 περ. 1650 - περ. 1736, Ευγένιος Βούλγαρης,
 T. Stoianovich, «Ο κατακτητής ορθόδοξος βαλκάνιος έμπορος», Σπ. Ασδραχάς
 1716 - 1806) και κάποιους να δραστηριοποι(επιμ.), Η οικονομική δομή των βαλκανικών χωρών, Μέλισσα, Αθήνα 1979, σ. 318.
",history,12,8,7.744427196481034,0.0496003944678165,7,6.936435127005723,0.0263951339102942,4,3.9996658364447057,0.0002440349690846,7,6.864186304303871,0.0321423681784882,4,4.289823677179584,0.071225917544134,3,3.0953521148625214,0.0252782934107202,6,6.104262494562136,0.0248826739877312,7.851950213675877,7,6.997664197370796,0.001284643258017,7.994054469334515,2.6,15.4,52.4099455,0.000964296
802,802,71,72,"Οι μετακινήσεις πληθυσμών αναστάτωσαν
 τη ζωή των ανθρώπων. Η ανασφάλεια
 οδήγησε σε μαζικές μεταναστεύσεις
 των ελληνικών φύλων κυρίως στα
 νησιά του ανατολικού Αιγαίου και
 τα παράλια της Μικράς Ασίας. Στη
 θέση της Γραμμικής γραφής Β, που
 ξεχάστηκε, εμφανίστηκε μια άλλη γραφή,
 η αλφαβητική. Η καλλιτεχνική ευαισθησία
 βρίσκει έκφραση στην ανέγερση νέων ναών,
 τη δημιουργία χάλκινων ειδωλίων και την
 αποτύπωση γεωμετρικών σχημάτων πάνω
 στα αγγεία.
",history,10,7,7.499642448472393,0.0558362478007475,7,6.733226100137813,0.0574918663843944,3,3.468792386250584,0.0555067524153677,7,6.303533348582221,0.0831846328253526,4,3.658319540481898,0.0618461210983802,3,3.037334505059107,0.0128014784655141,7,7.398148946579795,0.0570984869939498,7.994084384474803,7,6.996640529130673,0.0018073405529039,7.9971551832750265,2.4,14.5,55.5,0.00110656
803,803,202,203,"προωθούν την κοινωνική δικαιοσύνη. Σύμφωνα με την άποψη αυτή, το κράτος οφείλει να εξασφαλίζει στον πολίτη το
 δικαίωμα στην εργασία, στην εκπαίδευση, στην υγεία και να παίρνει μέτρα για την ενίσχυση των ασθενέστερων κοινωνικών τάξεων. Τα κράτη της Δ. Ευρώπης, βασισμένα σε απόψεις σαν τις παραπάνω, αλλά και επηρεασμένα από την
 κοινωνική πολιτική των λαϊκών δημοκρατιών της Α. Ευρώπης, προχώρησαν σε εκτεταμένες παροχές προς τους πολίτες
 τους. Σύντομα, η ιατροφαρμακευτική περίθαλψη, η κοινωνική ασφάλιση και η εκπαίδευση έγιναν κτήμα εκατομμυρίων
 ανθρώπων.
 Κινήματα αμφισβήτησης τη δεκαετία του ’60 Όλα τα παραπάνω έκαναν τη Δ. Ευρώπη να εμφανίζει στη δεκαετία του
 ’60 την εικόνα μιας κοινωνίας έντονα καταναλωτικής, στην οποία έτεινε να κυριαρχήσει η ατομική προσπάθεια κάθε ανθρώπου να εξασφαλίσει για τον εαυτό του και την οικογένειά του όσο το δυνατόν μεγαλύτερες ανέσεις (ηλεκτρικά είδη,
 μέσο μετακίνησης, ψυχαγωγία). Αυτός ακριβώς ο τρόπος κοινωνικής οργάνωσης και ζωής, που αναγόρευε τα υλικά αγαθά
 σε κυρίαρχες αξίες, αμφισβητήθηκε έντονα στα τέλη της δεκαετίας του ’60 σε όλες τις δυτικές κοινωνίες, κυρίως από
 τους νέους. Κινήματα ειρηνικά, όπως οι χίπις («τα παιδιά των λουλουδιών»), ή και λιγότερο ειρηνικά, όπως το κίνημα του
 Μάη του ’68 στη Γαλλία, αμφισβήτησαν τον «αστικό τρόπο ζωής» και αναζήτησαν εναλλακτικούς
 ΓΙΑ ΜΙΑ ΑΛΛΗ ΜΑΤΙΑ ΣΤΟ ΠΑΡΕΛΘΟΝ…
 τρόπους οργάνωσης της κοινωνίας.
 ...διαβάστε
",history,12,7,7.017211276447201,0.0178842188060726,7,6.997060695130244,0.0097527307528362,4,3.994783102379415,0.0026243061188078,7,6.97545221440032,0.0093008239308765,4,4.113360051682093,0.058003728179977,4,3.679203189218981,0.0504058441185475,7,6.9621807280035455,0.0367414828601899,7.982007389707633,7,6.995244680639644,0.0024284069265233,7.9977904834086075,4.4,15.9,61.64708835341365,0.001266463
